# Beats
0.51
1.02
1.52
2.02
2.53
3.02
3.54
4.06
4.57
5.09
5.57
6.06
6.57
7.08
7.59
8.10
8.61
9.10
9.59
10.08
10.58
11.05
11.56
12.06
12.56
13.06
13.56
14.06
14.56
15.06
15.56
16.07
16.56
17.06
17.55
18.07
18.56
19.06
19.55
20.04
20.55
21.05
21.56
22.06
22.56
23.06
23.57
24.08
24.58
25.08
25.58
26.08
26.56
27.06
27.56
28.07
28.57
29.07
29.56
30.06
30.56
31.08
31.59
32.10
32.60
33.08
33.58
34.08
34.57
35.07
35.57
36.07
36.57
37.08
37.60
38.13
38.63
39.13
39.64
40.12
40.61
41.10
41.59
42.10
42.60
43.08
43.58
44.06
44.56
45.06
45.57
46.07
46.56
47.04
47.54
48.03
48.53
49.04
49.54
50.05
50.56
51.06
51.57
52.08
52.58
53.09
53.59
54.10
54.62
55.15
55.66
56.16
56.66
57.14
57.64
58.14
58.65
59.15
59.63
60.13
60.63
61.13
61.63
62.11
62.61
63.11
63.62
64.13
64.63
65.13
65.64
66.15
66.66
67.16
67.65
68.15
68.64
69.13
69.64
70.12
70.65
71.15
71.60
72.06
72.52
72.99
73.47
73.96
74.42
74.87
75.35
75.82
76.29
76.74
77.21
77.68
