# Beats
0.49
0.94
1.40
1.87
2.33
2.80
3.23
3.66
4.09
4.50
4.92
5.34
5.75
6.15
6.57
6.98
7.38
7.85
8.31
8.77
9.17
9.58
9.98
10.39
10.80
11.20
11.60
11.99
12.39
12.79
13.20
13.62
14.04
14.45
14.86
15.24
15.64
16.03
16.37
16.71
17.04
17.38
17.72
18.07
18.41
18.76
19.11
19.46
19.81
20.15
20.49
20.89
21.27
21.66
22.05
22.44
22.84
23.23
23.63
24.02
24.42
24.81
25.21
25.60
26.01
26.41
26.89
27.36
27.83
28.29
28.76
29.23
29.71
30.19
30.66
31.15
31.59
32.03
32.47
32.87
33.27
33.68
34.09
34.48
34.86
35.25
35.63
36.03
36.41
36.79
37.18
37.56
37.94
38.32
38.75
39.18
39.61
40.05
40.51
40.95
41.39
41.83
42.27
42.71
43.10
43.47
43.84
44.20
44.56
44.94
45.33
45.71
46.09
46.49
46.88
47.26
47.65
48.03
48.41
48.79
49.17
49.54
49.92
50.31
50.65
51.00
51.35
51.69
52.16
52.65
53.13
53.61
54.10
54.59
55.07
55.54
56.02
56.48
56.95
57.42
57.89
58.35
58.82
59.28
59.76
60.23
60.71
61.10
61.49
61.88
62.28
62.67
63.07
63.46
63.85
64.25
64.64
65.04
65.43
65.82
66.20
66.59
66.97
67.34
67.71
68.08
68.45
68.82
69.20
69.58
69.96
70.33
70.72
71.10
71.49
71.90
72.30
72.69
73.10
73.50
73.91
74.32
74.72
75.13
75.53
75.94
76.35
76.75
77.16
77.57
77.98
78.41
78.87
79.32
79.77
80.21
80.76
81.32
81.99
82.66
83.34
84.01
84.69
85.39
86.10
86.80
87.49
88.21
88.93
89.64
90.35
91.12
91.88
92.62
93.36
94.11
94.85
95.60
96.34
97.09
97.86
98.62
99.36
100.11
100.86
101.60
102.35
103.11
103.85
104.59
105.35
106.10
106.86
107.60
108.36
109.11
109.87
110.62
111.37
112.13
112.88
113.63
114.38
115.12
115.88
116.63
117.39
118.13
118.89
119.63
120.38
121.14
121.88
122.62
123.39
124.16
124.91
125.67
126.39
127.09
127.80
128.51
129.21
129.90
130.60
131.30
132.01
132.66
133.31
133.96
134.59
135.24
135.88
136.52
137.17
