# Beats
0.60
1.24
1.87
2.48
3.11
3.74
4.38
5.02
5.67
6.30
6.98
7.62
8.24
8.86
9.57
10.26
10.92
11.60
12.29
12.97
13.55
14.13
14.70
15.28
15.87
16.42
16.99
17.57
18.17
18.75
19.32
19.85
20.39
20.93
21.49
22.04
22.57
23.13
23.71
24.30
24.89
25.36
25.81
26.28
26.75
27.19
27.64
28.11
28.54
28.97
29.40
29.84
30.28
30.70
31.13
31.52
31.92
32.32
32.74
33.12
33.52
33.91
34.24
34.59
34.96
35.31
35.64
36.00
36.35
36.72
37.06
37.38
37.74
38.06
38.38
38.71
39.06
39.39
39.73
40.09
40.46
40.83
41.20
41.56
41.94
42.30
42.68
43.04
43.40
43.76
44.09
44.44
44.81
45.20
45.57
45.93
46.30
46.71
47.11
47.50
47.88
48.26
48.66
49.02
49.34
49.69
50.00
50.34
50.68
51.03
51.39
51.75
52.08
52.40
52.71
53.03
53.37
53.75
54.14
54.52
54.89
55.31
55.73
56.15
56.56
56.97
57.35
57.75
58.13
58.54
58.93
59.32
59.70
60.07
60.43
60.79
61.15
61.53
61.93
62.32
62.82
63.31
63.81
64.33
64.88
65.50
66.15
66.77
67.44
68.10
68.74
69.39
70.03
70.66
71.31
71.89
72.48
73.03
73.57
74.12
74.65
75.15
75.67
76.13
76.57
77.02
77.46
77.89
78.33
78.79
79.21
79.67
80.13
80.60
81.07
81.53
82.00
82.44
82.88
83.36
83.84
84.29
84.74
85.17
85.64
86.08
86.52
86.94
87.38
87.78
88.20
88.64
89.07
89.50
89.94
90.37
90.76
91.15
91.53
91.93
92.25
92.59
92.93
93.26
93.60
93.94
94.27
94.63
94.99
95.33
95.64
95.94
96.27
96.70
97.11
97.54
97.96
98.31
98.64
98.99
99.32
99.66
100.00
100.33
100.66
100.98
101.32
101.66
101.99
102.33
102.69
103.04
103.36
103.70
104.05
104.37
104.70
105.01
105.34
105.79
106.24
106.68
107.16
107.65
108.10
108.58
109.04
109.51
109.99
110.47
110.93
111.41
111.87
112.33
112.78
113.23
113.68
114.15
114.59
115.03
115.48
115.95
116.39
116.84
117.30
117.76
