# Beats
0.49
0.98
1.46
1.95
2.45
2.95
3.45
3.94
4.42
4.90
5.39
5.87
6.36
6.85
7.50
8.15
8.79
9.43
10.07
10.70
11.33
11.96
12.59
13.21
13.83
14.44
15.07
15.70
16.32
16.95
17.59
18.23
18.85
19.48
20.12
20.76
21.40
22.04
22.66
23.28
23.90
24.54
25.17
25.81
26.45
27.09
27.72
28.36
29.00
29.64
30.26
30.88
31.57
32.24
32.93
33.60
34.23
34.84
35.47
36.11
36.75
37.40
38.03
38.66
39.30
39.94
40.55
41.18
41.81
42.43
43.06
43.69
44.30
44.99
45.67
46.42
47.16
47.90
48.63
49.37
50.10
50.85
51.59
52.28
52.96
53.64
54.31
54.98
55.65
56.31
56.97
57.63
58.31
58.97
59.63
60.29
60.96
61.65
62.32
63.00
63.67
64.34
65.02
65.68
66.34
67.00
67.66
68.32
68.99
69.65
70.32
70.98
71.65
72.31
72.96
73.61
74.27
74.94
75.63
76.30
76.97
77.65
78.32
78.98
79.64
80.32
80.99
81.66
82.34
83.01
83.67
84.35
84.97
85.61
86.29
86.96
87.63
88.29
88.94
89.58
90.22
90.86
91.50
92.14
92.76
93.39
94.02
94.64
95.27
95.90
96.53
97.15
97.78
98.42
99.04
99.68
100.31
100.94
101.58
102.20
102.84
103.47
104.11
104.75
105.37
106.00
106.63
107.26
107.90
108.54
109.18
109.83
110.48
111.13
111.73
112.34
112.94
113.55
114.16
