# Beats
0.46
0.93
1.40
1.88
2.37
2.86
3.36
3.85
4.35
4.86
5.38
5.90
6.41
6.91
7.42
7.92
8.43
8.94
9.44
9.94
10.44
10.94
11.44
11.92
12.43
12.95
13.44
13.94
14.45
14.95
15.46
15.98
16.49
17.00
17.51
18.01
18.51
19.01
19.52
20.03
20.54
21.05
21.56
22.06
22.57
23.07
23.58
24.09
24.59
25.10
25.60
26.10
26.61
27.11
27.62
28.13
28.63
29.14
29.65
30.15
30.66
31.17
31.68
32.18
32.69
33.19
33.70
34.20
34.71
35.21
35.72
36.23
36.76
37.30
37.85
38.39
39.01
39.64
40.26
40.89
41.52
42.14
42.76
43.39
44.01
44.64
45.27
45.89
46.52
47.16
47.88
48.60
49.32
50.04
50.75
51.47
52.18
52.90
53.60
54.32
55.02
55.73
56.42
57.13
57.83
58.53
59.22
59.91
60.59
61.28
61.96
62.47
63.00
63.53
64.05
64.57
65.10
65.63
66.17
66.69
67.21
67.73
68.27
68.68
69.11
69.53
69.93
70.32
70.72
71.11
71.52
71.92
72.33
72.72
73.12
73.51
73.92
74.32
74.72
75.14
75.56
76.00
76.44
76.88
77.38
77.88
78.38
78.88
79.38
79.88
80.38
80.86
81.36
81.89
82.40
82.91
83.39
83.89
84.39
84.97
85.57
86.16
86.76
87.37
87.96
88.55
89.14
89.75
90.35
90.84
91.34
91.83
92.33
92.82
93.31
93.81
94.30
94.80
95.29
95.81
96.32
96.83
97.34
97.85
98.36
98.87
99.39
99.88
100.37
100.86
101.36
101.87
102.38
102.98
103.58
104.20
104.80
105.41
106.01
106.60
107.25
107.90
108.56
109.22
109.87
110.53
111.18
111.90
112.62
113.30
113.99
114.67
115.35
116.02
116.69
117.37
118.04
118.71
119.39
120.06
120.74
121.42
122.09
122.75
123.34
123.92
124.51
125.10
125.69
126.27
126.85
127.43
128.07
128.72
129.29
129.83
130.39
130.94
131.49
132.05
132.61
133.15
133.70
134.23
134.77
135.30
135.84
136.36
136.90
137.44
137.98
138.52
139.06
139.60
140.13
140.67
141.20
141.72
142.26
142.79
143.33
143.86
144.40
144.94
145.47
146.01
146.55
147.10
147.63
148.17
148.70
149.25
149.79
150.33
150.86
151.39
151.93
152.47
153.01
153.54
154.08
154.61
155.14
155.68
156.21
156.75
157.28
157.81
158.35
158.89
159.43
159.96
160.50
161.03
161.56
162.10
162.63
163.17
163.70
164.23
164.77
165.31
165.86
166.41
166.93
167.46
168.00
168.53
169.06
169.60
170.13
170.67
171.20
171.75
172.28
172.81
173.35
173.88
174.43
174.96
175.50
176.03
176.56
177.10
177.63
178.17
178.71
179.25
179.78
180.31
180.85
181.39
181.93
182.46
182.98
183.52
184.05
184.59
185.12
185.66
186.19
186.72
187.27
187.80
188.34
188.88
189.43
189.97
190.58
191.17
191.77
192.38
192.97
193.57
194.19
194.80
195.42
196.03
196.71
197.37
198.04
198.72
199.39
200.05
200.69
201.33
201.98
202.63
203.27
203.92
204.56
205.19
