# Beats
0.70
1.38
2.07
2.74
3.36
3.96
4.56
5.15
5.76
6.41
7.06
7.72
8.38
9.04
9.71
10.37
10.98
11.60
12.21
12.82
13.42
14.04
14.65
15.31
15.96
16.63
17.28
17.94
18.60
19.26
19.91
20.56
21.23
21.91
22.65
23.39
24.10
24.81
25.52
26.23
26.92
27.62
28.32
29.02
29.72
30.42
31.10
31.70
32.29
32.89
33.48
34.09
34.69
35.29
35.90
36.51
37.13
37.74
38.36
38.93
39.50
40.07
40.62
41.18
41.77
42.38
42.98
43.57
44.16
44.70
45.23
45.75
46.28
46.80
47.32
47.78
48.23
48.68
49.13
49.59
50.04
50.49
50.94
51.41
51.87
52.45
53.02
53.60
54.18
54.76
55.34
55.93
56.51
