# Beats
0.42
0.84
1.27
1.70
2.12
2.55
2.98
3.41
3.83
4.26
4.69
5.12
5.55
5.98
6.41
6.83
7.26
7.69
8.12
8.54
8.97
9.42
9.83
10.26
10.69
11.12
11.55
11.98
12.41
12.84
13.26
13.69
14.12
14.55
14.98
15.41
15.84
16.27
16.70
17.12
17.55
17.98
18.41
18.83
19.26
19.69
20.12
20.55
20.98
21.41
21.84
22.27
22.70
23.13
23.56
23.99
24.42
24.85
25.26
25.69
26.12
26.55
26.98
27.41
27.84
28.27
28.71
29.18
29.64
30.12
30.58
31.05
31.58
32.10
32.64
33.19
33.76
34.34
34.89
35.45
36.01
36.57
37.13
37.72
38.31
38.86
39.39
39.93
40.45
40.99
41.54
42.04
42.56
43.08
43.51
43.94
44.36
44.79
45.22
45.65
46.07
46.49
46.92
47.35
47.78
48.23
48.68
49.20
49.71
50.20
50.70
51.19
51.68
52.15
52.66
53.15
53.64
54.11
54.61
55.14
55.66
56.16
56.60
57.03
57.45
57.88
58.31
58.73
59.16
59.58
60.01
60.44
60.87
61.32
61.79
62.25
62.76
63.25
63.74
64.24
64.75
65.25
65.72
66.19
66.65
67.12
67.58
68.05
68.49
68.92
69.33
69.75
70.17
70.60
71.01
71.42
71.85
72.27
72.69
73.12
73.55
73.97
74.40
74.81
75.23
75.66
76.08
76.51
76.93
77.35
77.78
78.20
78.62
79.04
79.47
79.89
80.31
80.72
81.14
81.57
82.00
82.42
82.85
83.28
83.71
84.15
84.60
85.05
85.50
85.94
