# Beats
0.39
0.80
1.20
1.60
2.00
2.39
2.80
3.20
3.61
4.02
4.44
4.85
5.27
5.69
6.11
6.52
6.94
7.36
7.78
8.20
8.61
9.03
9.45
9.87
10.29
10.70
11.12
11.53
11.95
12.36
12.78
13.19
13.61
14.02
14.44
14.86
15.28
15.70
16.11
16.53
16.95
17.37
17.79
18.20
18.62
19.04
19.46
19.88
20.29
20.71
21.13
21.54
21.94
22.36
22.78
23.20
23.61
24.03
24.45
24.87
25.29
25.70
26.12
26.54
26.96
27.38
27.79
28.20
28.61
29.02
29.44
29.85
30.27
30.67
31.09
31.50
31.92
32.32
32.74
33.16
33.58
33.99
34.47
34.95
35.42
35.91
36.40
36.90
37.40
37.89
38.39
