# Beats
0.41
0.82
1.23
1.65
2.05
2.46
2.87
3.26
3.67
4.08
4.46
4.84
5.22
5.61
6.03
6.46
6.88
7.30
7.72
8.14
8.56
8.97
9.39
9.81
10.24
10.69
11.15
11.60
12.06
12.53
12.99
13.46
13.92
14.38
14.85
15.30
15.77
16.23
16.70
17.16
17.62
18.10
18.58
19.05
19.53
20.00
20.48
20.96
21.43
21.91
22.48
23.06
23.64
24.21
24.79
25.36
25.93
26.49
27.07
27.64
28.22
28.79
29.36
29.92
30.49
31.06
31.73
32.40
33.09
33.77
34.49
35.21
35.86
36.51
37.16
37.81
38.46
39.18
39.90
40.61
41.31
42.03
42.75
43.47
44.19
44.88
45.59
46.17
46.74
47.31
47.84
48.38
48.91
49.45
49.98
50.52
51.05
51.58
52.11
52.63
53.16
53.70
54.22
54.75
55.24
55.73
56.20
56.70
57.20
57.70
58.21
58.72
59.22
59.73
60.23
60.74
61.25
61.77
62.28
62.82
63.37
63.96
64.55
65.16
65.79
66.43
67.20
67.96
68.74
69.52
70.29
71.05
71.85
72.66
73.46
74.26
