# Beats
0.48
0.95
1.40
1.87
2.32
2.77
3.24
3.69
4.16
4.67
5.14
5.60
6.04
6.51
6.99
7.48
7.96
8.46
8.94
9.40
9.88
10.36
10.82
11.31
11.77
12.24
12.71
13.19
13.66
14.14
14.63
15.12
15.58
16.04
16.53
17.01
17.48
17.95
18.44
18.94
19.41
19.88
20.34
20.83
21.29
21.78
22.26
22.73
23.20
23.66
24.14
24.61
25.08
25.57
26.05
26.54
27.00
27.46
27.96
28.44
28.91
29.37
29.85
30.34
30.81
31.28
31.76
32.25
32.72
33.18
33.67
34.17
34.63
35.10
35.58
36.06
36.55
37.01
37.48
37.96
38.45
38.92
39.40
39.89
40.36
40.82
41.29
41.77
42.26
42.72
43.20
43.68
44.14
44.61
45.10
45.59
46.07
46.51
47.00
47.48
47.97
48.43
48.90
49.39
49.88
50.34
50.83
51.30
51.77
52.24
52.73
53.22
53.68
54.16
54.64
55.12
55.58
56.05
56.53
57.00
57.47
57.97
58.44
58.93
59.40
59.88
60.36
60.84
61.30
61.77
62.25
62.72
63.20
63.67
64.16
64.64
65.11
65.60
66.06
66.55
67.02
67.50
67.98
68.45
68.94
69.40
69.88
70.36
70.86
71.38
71.90
72.43
72.97
73.51
74.01
