# Beats
0.36
0.73
1.09
1.46
1.83
2.19
2.55
2.91
3.27
3.66
4.02
4.37
4.71
5.06
5.41
5.76
6.11
6.46
6.80
7.15
7.50
7.85
8.21
8.57
8.94
9.29
9.64
9.97
10.32
10.68
11.05
11.41
11.77
12.17
12.56
12.93
13.40
13.89
14.36
14.84
15.33
15.80
16.30
16.76
17.26
17.75
18.24
18.72
19.18
19.62
20.06
20.48
20.90
21.33
21.76
22.20
22.69
23.15
23.61
24.08
24.57
25.05
25.55
26.05
26.53
27.07
27.63
28.19
28.72
29.26
29.80
30.35
30.88
31.38
31.89
32.40
32.87
33.33
33.80
34.25
34.71
35.17
35.62
36.08
36.54
36.99
37.43
37.87
38.32
38.78
39.22
39.68
40.11
40.63
41.15
41.74
42.35
42.96
43.56
44.16
44.72
45.27
45.81
46.35
46.88
47.43
47.97
48.52
49.06
49.60
50.14
50.64
51.15
51.66
52.13
52.59
53.06
53.53
53.99
54.46
54.92
55.36
55.81
56.26
56.71
57.17
57.61
58.05
58.49
58.93
59.39
59.83
60.27
60.69
61.11
61.56
61.99
62.44
62.89
63.33
63.79
64.27
64.74
65.21
65.69
66.15
66.62
67.11
67.59
68.08
68.57
69.06
69.57
70.08
70.59
71.10
71.65
72.19
72.74
73.28
73.83
74.43
75.04
75.63
76.23
76.83
77.43
78.02
78.62
79.17
79.70
80.25
80.81
81.34
81.87
82.41
82.96
83.51
84.07
84.61
85.16
85.73
86.42
87.10
87.77
88.44
89.11
89.77
90.44
91.10
91.77
92.44
93.12
93.79
94.44
95.11
95.77
96.43
97.08
97.73
98.36
98.99
99.64
100.30
100.97
101.65
102.31
102.99
103.69
104.37
105.06
105.73
106.42
107.07
107.71
108.34
108.94
109.54
110.13
110.71
111.29
111.89
112.48
113.06
113.65
114.24
114.78
115.31
115.84
116.31
116.76
117.23
117.69
118.14
118.58
119.03
119.48
119.93
120.38
120.84
121.29
121.86
122.39
122.94
123.48
124.02
124.56
125.11
125.64
126.19
126.69
127.19
127.69
128.20
128.71
129.20
129.71
130.23
130.74
131.24
131.74
132.24
