# Beats
0.65
1.30
1.94
2.58
3.16
3.74
4.32
4.89
5.46
6.04
6.62
7.20
7.78
8.36
8.95
9.53
10.12
10.69
11.26
11.83
12.40
12.97
13.54
14.09
14.65
15.22
15.79
16.38
16.97
17.57
18.16
18.74
19.33
19.92
20.50
21.08
21.66
22.24
22.84
23.43
24.01
24.59
25.17
25.75
26.33
26.91
27.50
28.10
28.68
29.26
29.72
30.14
30.58
31.02
31.47
31.93
32.38
32.84
33.30
33.74
34.18
34.62
35.06
35.49
35.92
36.36
36.80
37.24
37.69
38.13
38.57
39.01
39.44
39.88
40.32
40.76
41.20
41.63
42.07
42.50
42.93
43.37
43.82
44.27
44.72
45.17
45.64
46.09
46.54
47.00
47.44
47.88
48.32
48.76
49.20
49.64
50.09
50.53
50.97
51.42
51.88
52.35
52.81
53.28
53.73
54.20
54.66
55.12
55.59
56.03
56.47
56.91
57.33
57.77
58.22
58.67
59.11
59.55
59.98
60.41
60.84
61.28
61.72
62.16
62.59
63.03
63.46
63.90
64.34
64.78
65.22
65.67
66.11
66.54
66.98
67.41
67.85
68.29
68.74
69.21
69.67
70.14
70.60
71.05
71.51
71.95
72.39
72.82
73.25
73.69
74.12
74.61
75.09
75.59
76.07
76.54
77.01
77.44
77.87
78.30
78.73
79.13
79.55
79.97
80.39
80.81
81.22
81.64
82.08
82.52
82.98
83.44
83.91
84.38
84.85
85.31
85.79
86.26
86.73
87.19
87.66
88.12
88.57
89.03
89.48
89.93
90.40
90.86
91.32
91.78
92.23
92.69
93.16
93.62
94.06
94.51
94.97
95.43
95.90
96.36
96.83
97.29
97.76
98.22
98.68
99.14
99.59
100.05
100.52
100.98
101.44
101.89
102.35
102.81
103.26
103.72
104.19
104.65
105.11
105.56
106.01
106.48
106.93
107.39
107.83
108.29
108.74
109.20
109.66
110.12
110.57
111.04
111.50
111.97
112.44
112.92
113.38
113.85
114.31
114.69
115.08
115.46
115.84
116.24
116.63
117.03
117.48
117.93
118.39
118.89
119.37
119.86
120.35
120.84
121.32
121.87
122.42
122.96
123.45
123.95
124.44
124.91
125.39
125.88
126.35
126.83
127.29
127.76
128.21
128.67
129.14
129.60
130.07
130.53
131.00
131.46
131.92
132.39
132.85
133.32
133.78
134.25
134.71
135.17
135.64
136.10
136.57
137.03
137.50
137.96
138.43
138.89
139.35
139.81
140.27
140.74
141.20
141.66
142.13
142.59
143.06
143.53
144.00
144.47
144.94
145.40
145.87
146.33
146.80
147.26
147.71
148.18
148.65
149.12
149.58
150.05
150.51
150.98
151.43
151.90
152.38
152.86
153.34
153.83
154.32
154.81
155.28
155.76
156.21
156.67
157.12
157.56
158.01
158.45
158.89
159.40
159.92
160.43
160.94
161.45
