# Beats
0.72
1.45
2.19
2.93
3.65
4.38
5.12
5.89
6.61
7.33
8.05
8.77
9.49
10.21
10.92
11.66
12.35
13.04
13.73
14.43
15.16
15.89
16.54
17.19
17.83
18.47
19.10
19.75
20.39
21.01
21.63
22.24
22.87
23.49
24.10
24.72
25.34
25.96
26.58
27.19
27.82
28.43
29.05
29.66
30.28
30.91
31.52
32.14
32.76
33.38
33.99
34.61
35.24
35.85
36.47
37.08
37.70
38.32
38.94
39.57
40.18
40.80
41.41
42.02
42.64
43.26
43.87
44.49
45.12
45.74
46.37
46.99
47.61
48.23
48.84
49.46
50.07
50.69
51.30
51.93
52.56
53.19
53.68
54.17
54.66
55.14
55.60
56.08
56.53
56.99
57.45
57.91
58.39
58.86
59.34
59.97
60.59
61.22
61.83
62.45
63.08
63.69
64.31
64.92
65.55
66.17
66.78
67.40
68.01
68.64
69.25
69.87
70.48
71.11
71.73
72.35
72.97
73.58
74.21
74.83
75.44
76.05
76.66
77.29
77.90
78.52
79.13
79.76
80.38
80.99
81.62
82.23
82.85
83.48
84.10
84.72
85.33
85.95
86.56
87.19
87.81
88.42
89.05
89.66
90.28
90.89
91.51
92.13
92.73
93.37
93.99
94.61
95.23
95.85
96.47
97.08
97.71
98.32
98.94
99.56
100.18
100.81
101.42
102.05
102.67
103.28
103.90
104.51
105.14
105.76
106.37
106.99
107.61
108.23
108.84
109.46
110.09
110.70
111.32
111.93
112.56
113.17
113.80
114.42
115.03
115.65
116.27
116.89
117.50
118.13
118.75
119.36
119.98
120.59
121.21
121.82
122.45
123.07
123.68
124.30
124.91
125.53
126.15
126.78
127.40
128.01
128.63
129.25
129.87
130.48
131.10
131.72
132.34
132.96
133.57
134.20
134.82
135.43
136.05
136.66
137.29
137.91
138.54
139.16
139.78
140.40
141.01
141.63
142.25
142.87
143.49
144.10
144.72
145.33
145.96
146.58
147.20
147.82
148.43
149.05
149.66
150.28
150.89
151.52
152.14
152.76
153.38
154.01
154.62
155.24
155.85
156.48
157.09
157.71
158.33
158.95
159.57
160.18
160.80
161.43
162.04
162.66
163.27
163.89
164.52
165.15
165.78
166.41
167.02
167.62
168.24
168.84
169.46
170.06
170.68
171.32
171.94
172.57
173.19
173.80
174.42
175.03
175.66
176.27
176.89
177.50
178.12
178.74
179.35
179.97
180.59
181.22
181.84
182.45
183.08
183.69
184.31
184.92
185.55
186.17
186.78
187.41
188.02
188.64
189.27
189.88
190.50
191.11
191.74
192.35
192.97
193.60
194.21
194.83
195.44
196.07
196.68
197.30
197.93
198.57
199.22
199.87
200.52
201.15
201.80
202.44
203.08
203.72
