# Beats
0.50
1.02
1.53
2.05
2.58
3.11
3.65
4.18
4.71
5.25
5.78
6.41
7.04
7.72
8.41
9.09
9.78
10.53
11.27
12.03
12.79
13.55
14.30
15.06
15.81
16.57
17.31
18.07
18.82
19.45
20.07
20.70
21.32
21.93
22.50
23.07
23.64
24.20
24.76
25.31
25.86
26.39
26.97
27.54
28.12
28.68
29.23
29.79
30.35
30.92
31.47
32.04
32.61
33.17
33.73
34.28
34.84
35.41
35.90
36.39
36.87
37.37
37.87
38.38
38.78
39.17
39.57
39.96
40.36
40.74
41.12
41.51
41.89
42.26
42.64
43.01
43.40
43.77
44.14
44.51
44.90
45.28
45.66
46.03
46.41
46.79
47.17
47.54
47.91
48.29
48.66
49.03
49.40
49.77
50.14
50.52
50.90
51.27
51.64
52.02
52.40
52.77
53.15
53.52
53.89
54.28
54.65
55.02
55.39
55.77
56.15
56.52
56.89
57.26
57.64
58.02
58.37
58.76
59.14
59.51
59.90
60.27
60.64
61.02
61.39
61.77
62.15
62.52
62.89
63.27
63.65
64.02
64.40
64.77
65.14
65.52
65.89
66.26
66.62
66.98
67.34
67.71
68.07
68.43
68.80
69.16
69.52
69.89
70.25
70.61
70.98
71.34
71.70
72.06
72.42
72.78
73.15
73.51
73.87
74.23
74.59
74.95
75.31
75.69
76.05
76.42
76.78
77.14
77.51
77.88
78.25
78.62
78.99
79.37
79.75
80.13
80.52
80.89
