# Beats
0.49
1.00
1.54
2.07
2.59
3.02
3.46
3.91
4.37
4.82
5.27
5.72
6.18
6.62
7.06
7.49
7.92
8.36
8.79
9.22
9.64
10.09
10.53
10.96
11.40
11.84
12.27
12.70
13.13
13.56
14.00
14.43
14.86
15.30
15.73
16.16
16.60
17.04
17.51
17.97
18.44
18.89
19.44
19.97
20.51
21.06
21.61
22.15
22.66
23.20
23.73
24.26
24.81
25.34
25.87
26.38
26.89
27.41
27.93
28.44
28.96
29.49
30.00
30.51
31.03
31.56
32.07
32.60
33.11
33.62
34.13
34.64
35.18
35.69
36.22
36.73
37.24
37.76
38.28
38.80
39.31
39.83
40.36
40.87
41.38
41.90
42.42
42.93
43.46
43.98
44.49
45.00
45.52
46.05
46.58
47.11
47.62
48.13
48.67
49.18
49.71
50.27
50.82
51.35
51.87
52.34
52.80
53.25
53.71
54.16
54.62
55.08
55.52
55.98
56.44
56.91
57.39
57.88
58.31
58.72
59.15
59.62
60.07
60.51
60.93
61.36
61.79
62.21
62.65
63.11
63.55
64.04
64.55
65.04
65.53
66.01
66.51
67.04
67.59
68.14
68.70
69.25
69.80
70.33
70.87
71.39
71.92
72.45
73.03
73.60
74.16
74.68
75.19
75.71
76.24
76.77
77.28
77.81
78.34
78.87
79.39
79.92
80.49
81.08
81.66
82.23
82.80
83.36
83.92
84.50
85.12
85.75
86.37
86.98
87.60
88.21
88.82
89.41
90.01
90.63
91.22
91.81
92.42
93.01
93.60
94.18
94.76
95.29
95.83
96.39
96.93
97.48
98.08
98.67
99.29
99.89
100.50
101.09
101.68
102.28
102.77
103.25
103.72
104.21
104.71
105.21
105.70
106.16
106.63
107.09
107.58
108.03
108.53
