# Beats
0.48
0.98
1.47
1.97
2.45
2.95
3.44
3.92
4.49
5.07
5.65
6.22
6.78
7.34
7.87
8.39
8.96
9.52
10.05
10.61
11.16
11.71
12.25
12.79
13.34
13.89
14.42
14.97
15.51
16.06
16.60
17.16
17.69
18.24
18.78
19.32
19.86
20.42
20.97
21.50
22.05
22.57
23.10
23.64
24.20
24.78
25.33
25.88
26.42
26.96
27.52
28.10
28.56
29.02
29.48
29.93
30.39
30.84
31.27
31.71
32.14
32.58
33.02
33.46
33.89
34.33
34.76
35.20
35.63
36.06
36.48
36.90
37.29
37.67
38.06
38.45
38.85
39.25
39.66
40.05
40.45
40.82
41.22
41.61
42.00
42.38
42.77
43.17
43.56
43.93
44.33
44.72
45.09
45.49
45.88
46.25
46.65
47.04
47.44
47.82
48.20
48.60
48.98
49.37
49.76
50.14
50.53
50.92
51.32
51.70
52.08
52.48
52.87
53.27
53.64
54.03
54.43
54.82
55.19
55.59
55.98
56.38
56.75
57.14
57.52
57.92
58.31
58.69
59.07
59.47
59.86
60.27
60.70
61.14
61.56
61.97
62.45
62.91
63.39
63.85
64.30
64.74
65.18
65.64
66.08
66.50
66.94
67.37
67.83
68.29
68.71
69.15
69.59
70.04
70.50
70.90
71.31
71.68
72.07
72.49
72.89
73.28
73.68
74.06
