# Beats
0.41
0.84
1.30
1.74
2.18
2.64
3.09
3.53
3.95
4.37
4.78
5.20
5.62
6.04
6.46
6.86
7.27
7.69
8.10
8.52
8.94
9.36
9.78
10.19
10.61
11.03
11.45
11.87
12.28
12.70
13.12
13.54
13.96
14.37
14.78
15.19
15.60
16.02
16.44
16.86
17.28
17.69
18.11
18.53
18.95
19.37
19.78
20.20
20.62
21.04
21.46
21.87
22.29
22.71
23.13
23.55
23.95
24.36
24.78
25.19
25.61
26.03
26.45
26.87
27.28
27.70
28.12
28.54
28.96
29.37
29.79
30.21
30.63
31.05
31.46
31.88
32.30
32.69
33.11
33.53
33.95
34.37
34.78
35.20
35.62
36.04
36.46
36.87
37.27
37.69
38.10
38.52
38.94
39.36
39.78
40.19
40.61
41.02
41.44
41.85
42.28
42.70
43.12
43.51
43.93
44.35
44.74
45.16
45.57
45.98
46.39
46.79
47.21
47.61
48.02
48.41
48.83
49.23
49.64
50.04
50.46
50.87
51.28
51.69
52.11
52.50
52.92
53.34
53.73
54.15
54.54
54.96
55.38
55.77
56.16
56.59
57.00
57.42
57.82
58.21
58.63
59.03
59.44
59.86
60.28
60.67
61.09
61.49
61.90
62.30
62.71
63.11
63.55
63.96
64.37
64.76
65.18
65.60
66.01
66.41
66.83
67.22
67.62
68.03
68.45
68.85
69.27
69.68
70.10
70.50
70.91
71.32
71.73
72.14
72.56
72.98
73.40
73.82
74.23
74.65
75.06
75.46
75.88
76.30
76.72
77.14
77.55
77.97
78.39
78.81
79.21
79.64
80.06
80.48
80.89
81.30
81.71
82.13
82.55
82.96
83.38
83.80
84.22
84.64
85.05
85.47
85.89
86.31
86.73
87.14
87.56
87.98
88.40
88.82
89.22
89.63
90.05
90.46
90.88
91.30
91.72
92.14
92.57
92.97
93.39
93.81
94.23
94.64
95.06
95.48
95.90
96.32
96.73
97.15
97.57
97.96
98.38
98.80
99.22
99.64
100.05
100.47
100.89
101.31
101.73
102.14
102.56
102.98
103.40
103.82
104.23
104.65
105.07
105.49
105.89
106.32
106.74
107.08
107.43
107.78
108.11
108.44
108.77
109.13
109.48
109.83
110.18
110.52
110.85
111.20
111.58
111.96
112.34
112.71
113.08
113.44
113.79
114.15
114.49
114.82
115.16
115.52
115.87
116.25
116.62
117.01
117.40
117.79
118.17
118.54
118.92
119.29
