# Beats
0.46
0.93
1.39
1.86
2.32
2.79
3.25
3.72
4.18
4.67
5.14
5.62
6.10
6.58
7.06
7.49
7.92
8.36
8.79
9.22
9.65
10.08
10.50
10.91
11.33
11.75
12.17
12.59
13.00
13.43
13.86
14.29
14.72
15.20
15.69
16.17
16.65
17.14
17.62
18.09
18.56
19.04
19.49
19.95
20.40
20.83
21.25
21.66
22.09
22.52
22.95
23.38
23.81
24.24
24.68
25.12
25.57
26.01
26.45
26.91
27.38
27.84
28.29
28.75
29.21
29.68
30.14
30.60
31.21
31.80
32.39
33.08
33.76
34.44
35.12
35.81
36.50
37.16
37.83
38.49
39.08
39.67
40.26
40.86
41.44
42.03
42.61
43.19
43.78
44.37
44.99
45.62
46.21
46.80
47.39
47.96
48.53
49.11
49.69
50.26
50.82
51.39
51.95
52.52
53.09
53.65
54.22
54.79
55.36
55.94
56.52
57.10
57.68
58.35
59.03
59.68
60.33
61.01
61.70
62.38
63.01
63.62
64.15
64.67
65.19
65.71
66.23
66.76
67.33
67.90
68.45
69.02
69.59
70.15
70.70
71.26
71.82
72.38
72.93
73.49
74.05
74.61
75.16
75.72
76.34
76.95
77.57
78.18
78.80
79.41
80.03
80.64
81.27
81.84
82.40
82.95
83.50
84.04
84.59
85.15
85.70
86.25
86.81
87.35
87.91
88.47
89.03
89.61
90.19
90.76
91.32
91.89
92.46
93.04
93.62
94.20
94.78
95.26
95.75
96.24
96.66
97.09
97.52
97.94
98.38
98.82
99.27
99.75
100.24
100.73
101.22
101.70
102.19
102.68
103.15
103.64
104.10
104.54
104.99
105.44
105.89
106.35
106.80
107.28
107.76
108.24
108.72
109.19
109.67
110.13
110.60
111.06
111.53
111.99
112.45
112.92
113.38
113.85
114.31
114.78
115.24
115.71
116.17
116.63
117.10
117.55
118.00
118.46
118.91
119.36
119.81
120.28
120.74
121.21
121.66
122.13
122.60
123.08
123.45
123.82
124.18
124.54
124.90
125.25
125.61
125.97
126.33
126.69
127.06
127.43
127.85
128.26
128.66
129.07
129.47
129.88
130.29
130.69
131.10
131.51
131.91
132.40
132.88
133.35
133.91
134.47
135.02
135.55
136.07
136.59
137.13
137.66
138.19
138.72
139.24
139.76
140.27
140.79
141.32
141.83
142.35
142.87
143.39
143.91
144.43
144.95
145.47
145.98
146.51
147.03
147.55
148.07
148.60
149.12
149.65
150.18
150.70
151.22
151.74
152.25
152.78
153.30
153.82
154.34
154.85
155.38
155.90
156.41
156.93
157.45
157.98
158.51
159.06
159.59
160.12
160.66
161.19
161.73
162.26
162.78
163.31
163.83
164.35
164.87
165.40
165.92
166.45
166.97
167.51
168.14
168.76
169.39
169.99
170.60
171.19
171.78
172.37
172.97
173.57
174.22
174.87
175.52
176.17
176.82
177.47
178.12
178.76
179.40
180.02
180.65
181.28
181.89
182.52
183.12
183.74
184.39
185.04
185.69
186.31
186.92
187.51
188.10
188.70
189.30
189.89
190.60
191.30
191.99
192.69
193.38
194.07
194.78
195.49
196.17
196.86
197.54
198.23
198.91
199.60
200.28
200.91
201.55
202.18
202.80
203.44
204.09
204.74
205.39
206.04
206.70
207.37
208.03
208.63
209.22
209.82
210.41
211.00
211.43
211.86
212.29
212.71
213.14
213.55
213.97
214.40
214.83
215.26
215.68
216.10
216.51
216.93
217.29
217.65
218.01
218.36
218.73
219.10
219.48
219.85
220.21
220.57
220.93
221.29
221.65
222.01
222.35
222.70
223.05
223.41
223.76
224.12
224.47
224.82
225.16
225.52
225.87
226.26
226.63
227.00
227.37
227.75
228.14
228.52
228.86
229.19
229.53
229.85
230.18
230.50
230.83
231.15
231.48
231.86
232.25
232.63
233.01
233.45
233.89
234.34
234.78
235.23
235.69
236.15
236.59
237.03
237.47
237.92
238.38
238.84
239.35
239.86
240.37
240.91
241.45
242.00
242.54
243.09
