# Beats
0.53
1.07
1.60
2.14
2.66
3.18
3.72
4.24
4.76
5.29
5.82
6.34
6.86
7.38
7.91
8.43
8.96
9.51
10.05
10.60
11.15
11.69
12.23
12.76
13.29
13.89
14.48
14.99
15.51
16.02
16.49
16.95
17.41
17.87
18.32
18.77
19.23
19.68
20.13
20.58
21.04
21.49
21.95
22.51
23.06
23.60
24.18
24.78
25.37
25.96
26.56
27.16
27.74
28.32
28.91
29.49
30.08
30.67
31.28
31.88
32.48
33.00
33.51
34.02
34.53
35.04
35.55
36.06
36.57
37.08
37.59
38.10
38.61
39.20
39.76
40.38
40.99
41.61
42.21
42.82
43.41
44.00
44.59
45.19
45.79
46.39
46.99
47.58
48.17
48.77
49.39
50.02
50.65
51.30
51.95
52.59
53.23
53.80
54.37
54.94
55.59
56.23
56.87
57.50
58.14
58.78
59.42
60.06
60.69
61.30
61.93
62.54
63.16
63.77
64.34
64.91
65.50
66.08
66.66
67.18
67.70
68.22
68.75
69.29
69.81
70.33
70.86
71.38
71.90
72.42
72.96
73.48
74.01
74.54
75.06
75.58
76.10
76.63
77.15
77.67
78.18
78.69
79.18
79.67
80.16
80.64
81.13
81.62
82.11
82.59
83.08
83.56
84.03
84.51
84.99
85.45
85.91
86.49
87.07
87.66
88.24
88.80
89.37
89.93
90.49
91.07
91.66
92.23
92.78
93.32
93.76
94.20
94.64
95.10
95.48
95.86
96.25
96.63
97.00
97.38
97.76
98.19
98.62
99.06
99.47
99.89
100.32
100.76
101.19
101.62
102.05
102.49
102.92
103.35
103.78
104.22
104.66
105.11
105.60
106.10
106.60
107.07
107.53
107.98
108.45
108.92
109.39
109.85
110.34
110.83
111.32
111.80
112.29
112.78
113.27
