# Beats
0.53
1.08
1.64
2.18
2.74
3.20
3.68
4.16
4.62
5.09
5.55
6.01
6.48
6.95
7.43
7.91
8.38
8.85
9.32
9.79
10.25
10.72
11.18
11.66
12.06
12.46
12.85
13.25
13.65
14.06
14.48
14.86
15.21
15.57
15.93
16.29
16.65
17.00
17.35
17.69
18.04
18.38
18.73
19.08
19.42
19.77
20.12
20.47
20.81
21.13
21.44
21.77
22.11
22.44
22.78
23.12
23.45
23.79
24.13
24.46
24.80
25.12
25.46
25.80
26.13
26.47
26.81
27.13
27.47
27.81
28.14
28.55
28.94
29.35
29.74
30.15
30.56
30.96
31.37
31.78
32.18
32.59
32.98
33.38
33.77
34.17
34.56
34.96
35.34
35.74
36.13
36.52
36.92
37.31
37.72
38.13
38.52
38.92
39.30
39.68
40.08
40.47
40.87
41.27
41.67
42.06
42.46
42.85
43.25
43.64
44.04
44.43
44.83
45.23
45.64
46.05
46.47
46.90
47.33
47.84
48.36
49.04
49.69
50.35
51.01
51.66
52.31
52.95
53.60
54.25
54.90
55.55
56.20
56.85
57.50
58.15
58.80
59.44
60.09
60.74
61.39
62.03
62.68
63.32
63.97
64.62
65.27
65.93
66.59
67.26
67.91
68.57
69.22
69.88
70.53
71.18
71.84
72.50
73.15
73.80
74.45
75.10
75.74
76.39
77.03
77.68
78.33
78.98
79.63
80.28
80.93
81.58
82.25
82.90
83.55
84.21
84.86
85.52
86.17
86.82
87.48
88.14
88.80
89.45
90.11
90.76
91.41
92.06
92.71
93.36
93.99
94.62
95.26
95.90
96.54
97.19
97.83
98.45
99.08
99.73
100.39
101.04
101.70
102.37
103.02
103.67
104.21
104.77
105.33
105.87
106.42
106.97
107.35
107.71
108.07
108.44
108.81
109.18
109.55
109.92
110.31
110.69
111.06
111.43
111.80
112.16
112.52
112.88
113.24
113.60
113.96
114.32
114.69
115.07
115.43
115.79
116.15
116.49
116.84
117.19
117.54
117.89
118.24
118.58
118.93
119.29
119.65
120.01
120.37
120.73
121.09
121.45
121.81
122.17
122.53
122.89
123.24
123.59
123.95
124.30
124.64
124.99
125.35
125.71
126.06
126.43
126.79
127.15
127.52
127.91
128.28
128.65
129.03
129.51
129.99
130.45
130.91
131.38
131.84
132.32
132.78
133.25
133.71
134.15
134.59
135.04
135.48
135.91
136.34
136.78
137.22
137.65
138.08
138.51
