# Beats
0.37
0.75
1.13
1.50
1.87
2.24
2.62
3.04
3.46
3.88
4.30
4.71
5.12
5.54
5.94
6.35
6.76
7.16
7.57
7.99
8.39
8.80
9.20
9.59
9.98
10.38
10.77
11.18
11.60
12.02
12.45
12.88
13.29
13.71
14.12
14.52
14.93
15.34
15.74
16.15
16.56
16.97
17.39
17.81
18.24
18.67
19.10
19.53
19.96
20.39
20.82
21.23
21.65
22.07
22.49
22.91
23.32
23.74
24.14
24.54
24.95
25.37
25.80
26.23
26.66
27.09
27.52
27.95
28.35
28.77
29.18
29.58
29.99
30.38
30.78
31.17
31.58
31.97
32.38
32.79
33.19
33.60
34.01
34.41
34.82
35.22
35.63
36.05
36.46
36.87
37.28
37.70
38.10
38.52
38.94
39.36
39.78
40.18
40.60
41.02
41.42
41.83
42.25
42.66
43.06
43.48
43.89
44.30
44.71
45.12
45.53
45.94
46.35
46.75
47.16
47.58
47.98
48.39
48.80
49.21
49.63
50.04
50.45
50.86
51.27
51.69
52.09
52.51
52.92
53.32
53.74
54.16
54.57
54.97
55.38
55.80
56.22
56.62
57.03
57.45
57.85
58.27
58.68
59.09
59.50
59.92
60.33
60.74
61.15
61.56
61.97
62.38
62.80
63.20
63.61
64.02
64.42
64.84
65.26
65.67
66.07
66.48
66.90
67.30
67.71
68.12
68.53
68.94
69.35
69.75
70.17
70.59
71.01
71.42
71.84
72.27
72.69
73.12
73.54
73.97
74.40
