# Beats
0.46
0.96
1.44
1.93
2.41
2.88
3.39
3.90
4.41
4.92
5.43
5.94
6.44
6.94
7.50
8.07
8.61
9.15
9.68
10.22
10.75
11.28
11.82
12.33
12.83
13.33
13.93
14.54
15.14
15.74
16.34
16.93
17.51
18.11
18.72
19.34
19.96
20.57
21.20
21.83
22.41
22.99
23.55
24.03
24.54
25.03
25.51
25.98
26.45
26.91
27.38
27.84
28.28
28.73
29.19
29.65
30.10
30.55
31.00
31.46
31.93
32.39
32.80
33.20
33.60
34.01
34.41
34.82
35.22
35.63
36.04
36.46
36.87
37.28
37.71
38.12
38.52
38.88
39.25
39.62
40.01
40.38
40.75
41.13
41.49
41.89
42.28
42.68
43.10
43.51
43.92
44.33
44.72
45.15
45.58
46.00
46.46
46.92
47.37
47.82
48.27
48.74
49.17
49.62
50.06
50.50
50.94
51.39
51.85
52.40
52.93
53.46
54.01
54.54
55.01
55.47
55.95
56.40
56.85
57.30
57.74
58.19
58.63
59.07
59.50
59.93
60.35
60.77
61.22
61.70
62.16
62.62
63.09
63.55
64.01
64.46
64.92
65.39
65.85
66.32
66.78
67.24
67.70
68.16
68.61
69.09
69.56
70.02
70.47
70.94
71.40
71.87
72.32
72.77
73.24
73.70
74.15
74.61
75.08
75.55
76.01
76.49
76.95
77.42
77.88
78.32
78.77
79.23
79.69
80.16
80.62
81.08
81.54
82.00
82.48
82.94
83.39
83.86
84.31
84.78
85.24
85.70
86.17
86.61
87.07
87.54
88.00
88.47
88.94
89.40
89.86
90.33
90.79
91.24
91.70
92.16
92.62
93.09
93.54
94.01
94.46
94.92
95.38
95.85
96.34
96.90
97.47
98.03
98.59
99.17
99.73
100.29
100.84
101.38
101.92
102.47
102.96
103.43
103.91
104.37
104.84
105.31
105.79
106.27
106.74
107.21
107.67
108.14
108.58
109.02
109.46
109.90
110.34
110.81
111.28
111.75
112.21
112.66
113.20
113.73
114.28
114.82
115.37
115.90
116.32
116.73
117.12
117.52
117.93
118.34
118.74
119.15
119.58
120.01
120.42
120.81
121.22
121.64
122.07
122.51
122.95
123.36
123.75
124.15
124.53
124.90
125.29
125.67
126.04
126.43
126.82
127.20
127.59
127.99
128.39
128.80
129.20
129.59
130.01
130.41
130.82
131.24
131.66
132.08
132.52
132.95
133.38
133.79
134.21
134.64
135.08
135.51
135.94
136.37
136.75
137.15
137.53
137.93
138.32
138.72
139.09
139.48
139.89
140.29
140.69
141.10
141.50
141.90
142.28
142.68
143.09
143.50
143.89
144.38
144.87
145.33
145.80
146.26
146.72
147.12
147.53
147.93
148.33
148.72
149.14
149.56
149.95
150.36
150.77
151.16
151.57
151.95
152.32
152.72
153.11
153.51
153.91
154.32
154.73
155.11
155.50
155.89
156.27
156.67
157.06
157.45
157.84
158.22
158.59
158.99
159.36
159.73
160.09
160.47
160.84
161.22
161.59
161.96
162.38
162.80
163.22
163.68
164.13
164.58
165.06
165.54
166.01
166.51
167.02
167.51
168.00
168.51
168.99
169.51
169.99
170.50
171.00
171.50
172.01
172.52
173.04
173.55
174.06
174.59
175.14
175.68
176.23
176.75
177.27
177.82
