# Beats
0.70
1.42
2.12
2.83
3.55
4.27
4.99
5.72
6.43
7.13
7.85
8.56
9.26
9.97
10.69
11.40
12.14
12.89
13.61
14.33
15.02
15.74
16.44
17.17
17.88
18.60
19.32
20.04
20.74
21.46
22.19
22.89
23.61
24.32
25.03
25.73
26.42
27.14
27.85
28.56
29.28
29.98
30.69
31.39
32.08
32.82
33.54
34.27
34.99
35.72
36.43
37.14
37.85
38.58
39.31
40.03
40.73
41.45
42.17
42.88
43.61
44.33
45.05
45.78
46.52
47.25
47.89
48.51
49.11
49.73
50.34
50.92
51.48
52.01
52.55
53.08
53.61
54.16
54.73
55.33
55.94
56.49
57.03
57.57
58.10
58.63
59.14
59.65
60.16
60.67
61.16
61.67
62.18
62.69
63.20
63.72
64.25
64.76
65.27
65.75
66.25
66.75
67.26
67.77
68.27
68.73
69.22
69.71
70.19
70.69
71.18
71.61
72.05
72.52
72.96
73.40
73.85
74.39
74.91
75.44
75.95
76.49
77.02
77.60
78.18
78.76
79.32
79.88
80.46
81.01
81.57
82.08
82.59
83.10
83.63
84.15
84.67
85.15
85.60
86.05
86.49
86.95
87.39
87.84
