# Beats
0.58
1.17
1.76
2.37
2.97
3.58
4.18
4.78
5.39
5.99
6.59
7.20
7.81
8.44
9.07
9.71
10.34
11.03
11.70
12.39
13.06
13.72
14.38
15.05
15.72
16.38
17.04
17.71
18.31
18.91
19.47
20.02
20.56
21.11
21.65
22.20
22.69
23.19
23.67
24.17
24.67
25.17
25.58
25.97
26.38
26.75
27.12
27.49
27.86
28.24
28.60
28.96
29.32
29.68
30.05
30.41
30.78
31.14
31.51
31.88
32.25
32.61
33.00
33.38
33.75
34.13
34.50
34.86
35.22
35.58
35.94
36.32
36.69
37.06
37.55
38.02
38.50
38.97
39.45
39.93
40.40
40.89
41.37
41.85
42.33
42.82
43.29
43.78
44.27
44.74
45.22
45.71
46.18
46.66
47.14
47.61
48.10
48.59
49.06
49.54
50.03
50.50
50.98
51.46
51.93
52.42
52.90
53.37
53.85
54.32
54.80
55.29
55.77
56.26
56.74
57.21
57.69
58.18
58.65
59.13
59.61
60.09
60.57
61.05
61.52
62.00
62.48
62.96
63.45
63.92
64.41
64.90
65.38
65.88
66.37
66.86
67.36
67.87
68.38
68.89
69.40
69.85
70.26
70.69
71.11
71.53
71.96
72.40
72.83
73.26
73.69
74.12
74.55
74.98
75.41
75.82
76.25
76.68
77.11
77.48
77.86
78.23
78.59
78.96
79.33
79.70
80.07
80.53
80.98
81.43
81.89
82.33
82.77
83.21
83.67
84.13
84.58
85.04
85.51
85.97
86.44
86.90
87.37
87.83
88.28
88.74
89.16
89.59
90.02
90.45
90.88
91.31
91.74
92.14
92.52
92.90
93.29
93.66
94.02
94.39
94.76
95.13
95.49
95.84
96.20
96.57
96.93
97.29
97.66
98.05
98.42
98.78
99.13
99.47
99.82
100.18
100.54
100.90
101.25
101.60
101.96
102.34
102.81
103.28
103.74
104.19
104.64
105.11
105.57
106.02
106.48
106.94
107.40
107.86
108.32
108.77
109.22
109.67
110.11
110.56
111.00
111.44
111.91
112.37
112.83
113.28
113.73
114.18
114.65
115.11
115.57
116.03
116.48
116.95
117.40
117.85
118.31
118.76
119.21
119.65
120.11
120.56
121.01
121.46
121.92
122.37
122.82
123.27
123.73
124.18
124.64
125.10
125.55
126.00
126.46
126.92
127.37
127.84
128.29
128.74
129.20
129.65
130.10
130.55
131.03
131.51
131.96
132.42
132.90
133.38
133.89
134.41
134.93
135.44
135.95
136.46
136.97
137.49
138.00
