# Beats
0.60
1.15
1.70
2.22
2.73
3.23
3.74
4.25
4.78
5.34
5.89
6.42
6.93
7.44
7.95
8.45
8.95
9.46
9.96
10.47
10.98
11.49
11.99
12.49
13.00
13.50
14.00
14.51
15.01
15.51
16.02
16.61
17.22
17.82
18.52
19.21
19.89
20.56
21.23
21.91
22.58
23.25
23.94
24.62
25.30
25.96
26.64
27.32
28.00
28.68
29.35
30.01
30.70
31.36
32.03
32.71
33.39
34.05
34.74
35.40
36.08
36.75
37.43
38.10
38.78
39.45
40.11
40.63
41.18
41.69
42.18
42.67
43.14
43.63
44.12
44.65
45.19
45.72
46.24
46.76
47.29
47.81
48.33
48.83
49.34
49.84
50.34
50.84
51.34
51.84
52.20
52.56
52.93
53.29
53.63
53.96
54.30
54.64
54.97
55.31
55.65
55.99
56.33
56.67
57.00
57.34
57.68
58.00
58.34
58.67
58.99
59.32
59.65
59.98
60.30
60.63
60.95
61.28
61.61
61.94
62.26
62.60
62.94
63.27
63.62
64.05
64.49
64.92
65.35
65.78
66.21
66.64
67.05
67.45
67.85
68.26
68.65
69.06
69.46
69.87
70.29
70.69
71.10
71.54
71.98
72.41
72.88
73.34
73.80
74.27
74.73
75.20
75.66
76.13
76.59
77.04
77.52
78.00
78.47
78.97
79.46
79.95
80.45
80.93
81.43
81.89
82.34
82.79
83.22
83.65
84.07
84.49
84.92
85.34
85.77
86.20
86.63
87.05
87.46
87.86
88.28
88.70
89.11
89.50
89.90
90.29
90.76
91.22
91.68
92.16
92.65
93.14
93.61
93.98
94.35
94.74
95.12
95.50
95.88
96.25
96.62
96.99
97.37
97.76
98.14
98.52
98.89
99.28
99.73
100.18
100.64
101.15
101.67
102.18
102.69
103.21
103.71
104.22
104.75
105.26
105.78
106.31
106.86
107.39
107.93
108.45
108.98
109.52
110.06
110.60
111.14
111.68
112.21
112.73
113.27
113.80
114.34
114.74
115.16
115.57
115.97
116.38
116.80
117.20
117.61
118.02
118.43
118.85
119.29
119.73
120.19
120.62
121.05
121.48
121.90
122.32
122.74
123.16
123.55
123.95
124.35
124.75
125.14
125.54
125.95
126.34
126.73
127.14
127.54
127.94
128.36
128.78
129.20
129.56
129.90
130.25
130.60
130.95
131.31
131.67
132.03
132.41
132.78
133.15
133.54
133.92
134.30
134.70
135.08
135.45
135.83
136.20
136.58
136.96
137.35
137.72
138.08
138.43
138.79
139.13
139.49
139.84
140.20
140.55
140.91
141.26
141.61
141.96
142.30
142.68
143.02
143.36
143.72
144.08
144.43
144.78
145.14
145.50
145.86
146.20
146.55
146.90
147.25
147.62
147.97
148.32
148.67
149.01
149.37
149.73
150.08
150.44
150.79
151.15
151.50
151.84
152.20
152.56
152.90
153.26
153.61
153.97
154.32
154.67
155.02
155.36
155.71
156.06
156.43
156.79
157.14
157.49
157.84
158.19
158.55
158.89
159.24
159.59
159.94
160.29
160.64
160.98
161.33
161.68
162.03
162.38
162.73
163.07
163.42
163.77
164.12
164.47
164.82
165.16
165.51
165.86
166.20
166.55
166.89
167.24
167.59
167.94
168.29
168.63
168.98
169.33
169.68
170.03
170.38
170.72
171.07
171.42
171.77
172.12
172.47
172.81
173.15
173.50
173.85
174.20
174.54
174.89
175.24
175.71
176.17
176.63
177.11
177.57
178.04
178.50
178.97
179.42
179.90
180.36
180.83
181.29
181.75
182.22
182.68
183.15
183.61
184.08
184.54
185.00
185.47
185.93
186.40
186.86
187.34
187.80
188.26
188.72
189.18
189.65
190.11
190.58
191.04
191.51
191.97
192.44
192.90
193.36
193.82
194.27
194.72
195.19
195.65
196.13
196.60
197.08
197.56
198.02
198.48
198.95
199.41
199.88
200.34
200.81
201.27
201.73
202.20
202.66
203.14
203.60
204.07
204.53
205.00
205.45
205.91
206.38
206.85
207.32
207.78
208.25
208.71
209.18
209.65
210.13
210.60
211.13
211.66
212.21
212.74
213.28
213.81
214.34
214.88
215.42
216.03
216.63
217.23
217.83
218.42
218.94
219.45
219.94
220.43
220.90
221.39
221.89
222.38
222.88
223.38
223.88
224.37
224.87
225.35
225.83
226.31
226.81
227.30
227.78
228.25
228.73
229.22
229.70
230.19
230.69
231.19
231.69
232.18
