# Beats
0.34
0.66
1.00
1.34
1.67
2.01
2.37
2.72
3.07
3.41
3.76
4.11
4.46
4.81
5.15
5.50
5.85
6.21
6.56
6.91
7.26
7.60
7.95
8.30
8.65
9.00
9.35
9.69
10.04
10.39
10.74
11.09
11.45
11.80
12.14
12.48
12.83
13.18
13.54
13.89
14.22
14.57
14.92
15.27
15.62
15.96
16.31
16.66
17.01
17.36
17.71
18.05
18.41
18.76
19.12
19.47
19.81
20.18
20.53
20.86
21.21
21.56
21.91
22.26
22.60
22.95
23.30
23.65
24.00
24.35
24.69
25.03
25.38
25.73
26.08
26.42
26.78
27.13
27.48
27.84
28.20
28.55
28.90
29.26
29.61
29.95
30.30
30.66
31.02
31.37
31.72
32.08
32.44
32.79
33.13
33.48
33.84
34.19
34.54
34.89
35.25
35.61
35.96
36.30
36.66
37.02
37.37
37.73
38.09
38.44
38.80
39.15
39.50
39.85
40.21
40.55
40.90
41.26
41.61
41.96
42.32
42.67
43.01
43.37
43.72
44.08
44.43
44.78
45.14
45.50
45.85
46.21
46.56
46.90
47.26
47.61
47.96
48.32
48.67
49.02
49.38
49.73
50.07
50.43
50.78
51.14
51.49
51.84
52.20
52.55
52.91
53.25
53.61
53.96
54.32
54.67
55.02
55.38
55.74
56.09
56.44
56.78
57.14
57.49
57.85
58.21
58.60
58.97
59.33
59.77
60.21
60.65
61.09
61.53
61.97
62.42
62.86
63.30
63.74
64.11
64.47
64.83
65.19
65.56
65.93
66.32
66.70
67.08
67.48
67.87
68.26
68.65
69.03
69.42
69.80
70.19
70.59
70.98
71.33
71.67
71.99
72.33
72.67
73.00
73.35
73.69
74.04
74.39
74.72
75.07
75.41
75.74
76.08
76.43
76.77
77.10
77.44
77.78
78.10
78.43
78.75
79.09
79.41
79.75
80.09
80.47
80.85
81.24
81.62
82.00
82.38
82.76
83.14
83.52
83.91
84.28
84.65
85.02
85.40
85.77
86.15
86.53
86.90
87.27
87.64
88.03
88.41
88.80
89.16
89.50
89.84
90.19
90.53
90.88
91.23
91.58
91.94
92.30
92.66
93.01
93.36
93.72
94.06
94.42
94.78
95.25
95.70
96.15
96.63
97.11
97.59
98.07
98.55
99.02
99.50
99.97
100.45
100.93
101.40
101.88
102.35
102.85
103.35
103.86
104.34
104.81
105.29
105.72
106.15
106.58
107.00
107.43
107.85
108.27
108.62
108.96
109.30
109.63
109.98
110.32
110.67
111.01
111.36
111.71
112.06
112.42
112.77
