# Beats
0.55
1.10
1.66
2.22
2.77
3.33
3.89
4.45
4.93
5.41
5.89
6.35
6.82
7.28
7.77
8.24
8.73
9.21
9.68
10.16
10.63
11.11
11.59
12.06
12.54
13.00
13.47
13.93
14.41
14.88
15.35
15.82
16.30
16.78
17.25
17.74
18.23
18.70
19.18
19.66
20.13
20.61
21.08
21.56
22.04
22.51
22.99
23.46
23.94
24.42
24.89
25.37
25.84
26.31
26.80
27.27
27.75
28.22
28.69
29.16
29.65
30.13
30.60
31.07
31.54
32.02
32.51
32.87
33.23
33.60
33.96
34.32
34.69
35.06
35.43
35.81
36.18
36.55
36.91
37.28
37.64
38.00
38.36
38.73
39.10
39.47
39.85
40.23
40.61
40.99
41.38
41.75
42.13
42.50
42.89
43.37
43.87
44.37
44.86
45.35
45.84
46.31
46.79
47.26
47.75
48.24
48.73
49.20
49.68
50.16
50.63
51.11
51.58
52.06
52.54
53.01
53.48
53.95
54.43
54.90
55.38
55.87
56.35
56.84
57.32
57.79
58.28
58.77
59.26
59.74
60.22
60.70
61.18
61.67
62.16
62.65
63.14
63.62
64.11
64.59
65.07
65.54
66.01
66.48
66.94
67.42
67.90
68.37
68.85
69.32
69.80
70.28
70.75
71.24
71.73
72.21
72.70
73.19
73.69
74.30
74.90
75.49
76.08
76.67
77.26
77.87
78.47
79.06
79.66
80.25
80.84
81.43
82.02
82.62
83.20
83.72
84.24
84.75
85.26
85.79
86.31
86.83
87.35
87.84
88.33
88.82
89.32
89.81
90.31
90.79
91.28
91.77
92.24
92.72
93.20
93.69
94.17
