# Beats
0.48
0.96
1.43
1.89
2.33
2.76
3.20
3.66
4.09
4.54
4.98
5.43
5.91
6.39
6.82
7.27
7.72
8.16
8.60
9.02
9.47
9.91
10.36
10.88
11.39
11.94
12.46
12.95
13.46
13.98
14.48
14.99
15.49
16.02
16.61
17.22
17.82
18.44
19.05
19.62
20.20
20.76
21.34
21.91
22.47
23.03
23.63
24.22
24.80
25.43
26.04
26.64
27.25
27.85
28.43
29.00
29.59
30.17
30.74
31.31
31.86
32.42
32.95
33.51
34.04
34.57
35.12
35.67
36.21
36.75
37.35
37.94
38.55
39.15
39.74
40.33
40.94
41.54
42.04
42.55
43.07
43.55
44.01
44.45
44.91
45.33
45.75
46.21
46.66
47.11
47.58
48.04
48.51
48.97
49.50
50.02
50.52
50.99
51.47
51.93
52.43
52.93
53.42
53.92
54.42
54.94
55.43
55.93
56.40
56.87
57.34
57.85
58.34
58.83
59.33
59.74
60.20
60.66
61.13
61.60
62.08
62.51
62.93
63.37
63.80
64.19
64.54
64.90
65.28
65.65
66.03
66.37
66.72
67.07
67.45
67.81
68.19
68.55
68.91
69.29
69.67
70.15
70.65
71.12
71.60
72.07
72.55
73.05
73.54
74.01
74.48
74.97
75.44
75.94
76.45
76.96
77.45
77.96
78.48
79.01
79.52
80.05
