# Beats
0.53
1.09
1.65
2.21
2.77
3.34
3.92
4.48
5.05
5.63
6.21
6.78
7.36
7.94
8.52
9.10
9.71
10.30
10.88
11.46
12.05
12.64
13.22
13.82
14.40
14.99
15.57
16.16
16.74
17.32
17.91
18.51
19.09
19.68
20.26
20.85
21.43
22.02
22.62
23.20
23.78
24.35
24.93
25.52
26.11
26.70
27.28
27.88
28.46
29.04
29.62
30.21
30.79
31.37
31.95
32.55
33.13
33.72
34.30
34.89
35.48
36.07
36.65
37.24
37.83
38.42
39.00
39.59
40.17
40.75
41.33
41.92
42.52
43.10
43.68
44.26
44.85
45.44
46.03
46.63
47.22
47.81
48.39
48.97
49.55
50.13
50.71
51.29
51.87
52.47
53.06
53.65
54.23
54.82
55.40
55.99
56.59
57.18
57.76
58.35
58.93
59.51
60.09
60.67
61.25
61.83
62.42
63.01
63.60
64.19
64.77
65.36
65.94
66.54
67.12
67.71
68.29
68.87
69.45
70.03
70.62
71.22
71.80
72.39
72.97
73.56
74.14
74.73
75.31
75.91
76.49
77.08
77.67
78.26
78.84
79.42
80.02
80.61
81.21
81.82
82.43
83.05
83.65
84.24
84.82
85.40
85.98
86.56
87.14
87.74
88.32
88.90
89.48
90.06
90.64
91.22
91.80
92.38
92.95
93.53
94.10
94.67
95.24
95.82
96.39
96.97
97.54
98.10
98.68
99.27
99.83
100.41
100.98
101.55
102.12
102.70
103.27
103.85
104.42
104.99
105.57
106.14
106.71
107.29
107.87
108.45
109.02
109.59
110.16
110.74
111.30
111.89
112.45
113.02
113.59
114.16
114.74
115.32
115.90
116.48
117.05
117.63
118.21
118.79
119.36
119.94
120.52
121.10
121.67
122.25
122.83
123.41
123.99
124.58
125.16
125.74
126.32
126.90
127.48
128.06
128.65
129.25
129.68
130.11
130.52
130.93
131.31
131.70
132.10
132.49
132.88
133.26
133.65
134.04
134.41
134.79
135.17
135.56
135.94
136.32
136.71
137.10
137.49
137.87
138.26
138.65
139.03
139.42
139.81
140.20
140.62
141.03
141.46
141.90
142.33
142.80
143.29
143.78
144.27
144.76
145.25
145.76
146.27
146.80
147.32
147.83
148.34
148.85
149.36
149.87
150.40
