# Beats
0.55
1.11
1.67
2.23
2.74
3.30
3.82
4.37
4.92
5.47
5.96
6.41
6.85
7.31
7.83
8.31
8.80
9.29
9.75
10.24
10.70
11.17
11.66
12.17
12.71
13.26
13.79
14.35
14.88
15.38
15.93
16.39
16.81
17.28
17.72
18.16
18.58
18.99
19.46
19.95
20.43
20.89
21.36
21.80
22.27
22.71
23.12
23.57
24.02
24.45
24.85
25.26
25.68
26.12
26.56
26.98
27.40
27.82
28.22
28.72
29.21
29.74
30.26
30.79
31.35
31.88
32.44
32.95
33.47
33.99
34.53
35.09
35.63
36.14
36.70
37.18
37.64
38.10
38.55
38.99
39.45
39.94
40.40
40.88
41.35
41.82
42.28
42.78
43.24
43.70
44.21
44.70
45.20
