# Beats
0.58
1.17
1.78
2.37
2.95
3.53
4.11
4.69
5.27
5.85
6.42
6.99
7.56
8.14
8.71
9.29
9.87
10.44
11.01
11.58
12.14
12.72
13.31
13.87
14.44
15.02
15.60
16.17
16.74
17.32
17.89
18.46
19.04
19.62
20.20
20.77
21.34
21.91
22.49
23.06
23.64
24.21
24.78
25.34
25.91
26.49
27.07
27.65
28.22
28.80
29.37
29.95
30.53
31.11
31.70
32.28
32.83
33.39
33.95
34.53
35.10
35.68
36.26
36.84
37.42
38.00
38.58
39.17
39.75
40.33
40.93
41.52
42.11
42.70
43.29
43.89
44.47
45.05
45.63
46.30
46.96
47.64
48.30
48.97
49.63
50.31
51.00
51.70
52.38
53.06
53.73
54.40
55.08
55.75
56.42
57.10
57.76
58.43
59.12
59.79
60.46
61.14
61.81
62.50
63.18
63.85
64.53
65.20
65.88
66.55
67.22
67.90
68.57
69.24
69.92
70.60
71.29
71.96
72.63
73.31
73.98
74.65
75.33
76.00
76.67
77.35
78.02
78.69
79.37
80.04
80.56
81.08
81.61
82.13
82.66
83.19
83.62
84.06
84.49
84.92
85.34
85.77
86.20
86.61
87.03
87.45
87.86
88.28
88.70
89.12
89.54
89.95
90.37
90.79
91.21
91.63
92.04
92.46
92.88
93.30
93.72
94.12
94.53
94.95
95.36
95.78
96.20
96.62
97.04
97.45
97.87
98.29
98.71
99.13
99.54
99.96
100.38
100.80
101.22
101.63
102.05
102.47
102.89
103.31
103.72
104.14
104.56
104.98
105.40
105.81
106.23
106.65
107.07
107.49
107.90
108.32
108.74
109.15
109.56
109.97
110.39
110.81
111.22
111.64
112.07
112.50
112.93
113.49
114.06
114.61
115.17
115.73
116.27
116.82
117.38
117.82
118.26
118.70
119.13
119.55
119.98
120.40
120.81
121.23
121.65
122.07
122.49
122.90
123.32
123.74
124.16
124.58
124.99
125.41
125.83
126.24
126.65
127.07
127.49
127.91
128.34
128.75
129.17
129.59
130.01
130.41
130.82
131.24
131.66
132.08
132.49
132.91
133.33
133.75
134.16
134.58
135.00
135.42
135.84
136.25
136.67
137.09
137.51
137.93
138.34
138.76
139.18
139.60
140.02
140.42
140.84
141.25
141.66
142.08
142.50
142.92
143.34
143.75
144.17
144.58
144.99
145.39
145.80
146.19
146.61
147.03
147.45
147.85
148.26
148.68
149.10
149.50
149.91
150.33
150.73
151.14
151.56
151.96
152.37
152.78
153.18
153.59
153.99
154.41
154.82
155.24
155.65
156.07
156.48
156.90
157.30
157.71
158.10
158.51
158.92
159.32
159.73
160.14
160.54
160.96
161.38
161.80
162.21
162.62
163.03
163.43
163.84
164.26
164.68
165.09
165.50
165.91
166.31
166.72
167.13
167.53
167.95
168.36
168.77
169.19
169.60
170.00
170.41
170.83
171.25
171.65
172.06
172.47
172.87
173.28
173.70
174.10
174.51
174.93
175.35
175.88
176.43
176.96
177.49
178.04
178.60
179.14
179.69
180.13
180.57
181.00
181.43
181.86
182.28
182.71
183.12
183.53
183.94
184.34
184.75
185.16
185.56
185.98
186.39
186.79
187.21
187.62
188.02
188.43
188.84
189.24
189.66
190.08
190.50
190.90
191.31
191.72
192.12
192.54
192.96
193.36
193.77
194.19
194.59
195.00
195.41
195.81
196.22
196.63
197.04
197.46
197.88
198.30
198.70
199.10
199.51
199.92
200.34
200.76
201.18
201.60
202.01
202.43
202.86
203.28
203.67
204.07
204.47
204.87
205.26
205.66
206.05
206.45
206.87
207.28
207.69
208.12
208.55
208.98
209.41
209.84
210.27
210.71
211.15
211.65
