# Beats
0.57
1.13
1.68
2.23
2.79
3.38
3.95
4.53
5.10
5.67
6.23
6.79
7.36
7.92
8.50
9.08
9.64
10.22
10.77
11.33
11.88
12.45
13.00
13.57
14.15
14.72
15.29
15.84
16.40
16.97
17.53
18.11
18.69
19.25
19.81
20.38
20.94
21.51
22.09
22.66
23.22
23.79
24.36
24.92
25.47
26.04
26.61
27.18
27.75
28.31
28.85
29.38
29.91
30.45
31.00
31.56
32.11
32.66
33.20
33.75
34.30
34.85
35.42
35.99
36.55
37.12
37.72
38.31
38.89
39.49
40.07
40.68
41.30
41.87
42.46
43.11
43.77
44.41
45.16
45.94
46.72
47.48
48.25
49.02
49.78
50.55
51.30
52.06
52.83
53.59
54.36
55.12
55.89
56.66
57.42
58.19
58.96
59.72
60.49
61.25
62.02
62.82
63.60
64.39
65.18
65.94
66.71
67.48
68.24
69.00
69.76
70.54
71.31
72.07
72.84
73.61
74.37
75.12
75.87
76.64
77.38
78.11
78.80
79.49
80.19
80.74
81.27
81.83
82.38
82.95
83.50
84.03
84.57
85.09
85.61
86.20
86.80
87.39
88.02
88.64
89.28
89.92
90.56
91.23
91.90
92.55
93.20
93.87
94.53
95.20
95.88
96.55
97.21
97.87
98.43
98.98
99.53
100.03
100.52
101.03
101.54
102.05
102.54
103.04
103.54
104.05
104.56
105.06
105.56
106.06
106.56
107.06
107.53
108.01
108.51
108.99
109.48
110.03
110.60
111.15
111.72
112.29
112.85
113.38
113.93
114.47
115.03
115.58
116.12
116.68
117.24
117.79
118.34
118.89
119.43
119.95
120.49
121.02
121.57
122.09
122.62
123.14
123.68
124.25
124.82
125.40
125.98
126.55
127.11
127.66
128.26
128.82
129.44
130.04
130.66
131.29
131.91
132.53
133.14
133.75
134.35
134.95
135.48
136.00
136.51
136.96
137.42
137.86
138.31
138.76
139.20
139.66
140.12
140.60
141.06
141.51
141.97
142.43
142.88
143.34
143.78
144.24
144.71
145.15
145.61
146.08
146.52
146.98
147.42
147.89
148.34
148.79
149.26
149.71
150.16
150.62
151.07
151.53
151.97
152.44
152.92
153.37
153.81
154.27
154.73
155.18
155.63
156.08
156.53
156.98
157.43
157.90
158.36
158.81
159.27
159.73
160.18
160.65
161.10
161.54
161.98
162.44
162.89
163.33
163.79
164.26
164.72
165.19
165.64
166.09
166.56
167.01
167.46
167.93
168.39
168.86
169.34
169.82
170.30
170.76
171.22
171.69
172.15
172.63
173.10
173.57
174.01
