# Beats
0.58
1.17
1.76
2.35
2.93
3.46
3.99
4.53
5.06
5.61
6.14
6.69
7.23
7.77
8.30
8.84
9.44
10.03
10.62
11.22
11.80
12.39
12.98
13.55
14.12
14.69
15.26
15.82
16.39
16.96
17.54
18.10
18.67
19.23
19.78
20.34
20.85
21.36
21.86
22.37
22.88
23.39
23.90
24.43
24.94
25.43
25.91
26.39
26.85
27.32
27.78
28.25
28.71
29.18
29.64
30.13
30.62
31.09
31.57
32.06
32.54
32.95
33.34
33.75
34.16
34.52
34.88
35.24
35.60
35.97
36.34
36.71
37.08
37.45
37.83
38.19
38.55
38.91
39.26
39.64
40.00
40.37
40.75
41.13
41.52
41.91
42.32
42.72
43.18
43.63
44.08
44.54
45.00
45.45
45.91
46.36
46.80
47.24
47.68
48.12
48.56
49.01
49.45
49.89
50.33
50.81
51.27
51.73
52.21
52.69
53.16
53.64
54.10
54.58
55.07
55.55
56.04
56.59
57.14
57.70
58.29
58.89
59.44
60.00
60.55
60.99
61.44
61.89
62.33
62.78
63.22
63.65
64.08
64.51
64.93
65.36
65.78
66.20
66.61
67.01
67.43
67.85
68.26
68.67
69.09
69.51
69.92
70.32
70.73
71.12
71.56
72.01
72.45
72.85
73.26
73.67
74.07
74.47
74.86
75.26
75.65
76.05
76.45
76.86
77.25
77.66
78.07
78.46
78.84
79.24
79.63
80.02
80.40
80.79
81.19
81.57
81.95
82.35
82.74
83.13
83.51
83.91
84.29
84.67
85.12
85.58
86.19
86.78
87.38
87.97
88.56
89.15
89.75
90.34
90.93
91.52
92.11
92.71
93.30
93.89
94.47
95.05
95.64
96.24
96.83
97.42
98.01
98.60
99.18
99.78
100.36
100.94
101.53
102.12
102.70
103.29
103.89
104.48
105.06
105.65
106.24
106.82
107.40
107.98
108.58
109.16
109.75
110.35
110.94
111.53
112.12
112.71
113.30
113.89
114.47
115.07
115.66
116.25
116.85
117.46
118.06
118.67
119.25
119.84
120.52
121.21
121.86
122.51
123.16
123.89
124.61
125.33
126.05
126.77
127.50
128.21
128.92
129.53
130.15
130.76
131.29
131.81
132.35
132.91
133.46
134.00
134.55
135.09
135.59
136.10
136.61
137.11
137.61
138.11
138.61
139.10
