# Beats
0.33
0.66
1.00
1.34
1.67
2.02
2.36
2.69
3.02
3.36
3.68
4.01
4.34
4.67
5.00
5.33
5.65
5.98
6.30
6.63
6.95
7.28
7.60
7.93
8.25
8.58
8.90
9.23
9.56
9.88
10.21
10.53
10.86
11.18
11.51
11.83
12.16
12.48
12.82
13.14
13.47
13.78
14.11
14.43
14.76
15.08
15.41
15.73
16.06
16.38
16.71
17.04
17.37
17.69
18.02
18.36
18.68
19.01
19.33
19.66
19.98
20.31
20.64
20.97
21.29
21.62
21.94
22.27
22.59
22.92
23.24
23.58
23.90
24.23
24.56
24.88
25.21
25.53
25.86
26.18
26.52
26.85
27.18
27.50
27.83
28.15
28.48
28.80
29.13
29.45
29.77
30.09
30.42
30.74
31.08
31.42
31.74
32.06
32.38
32.71
33.04
33.38
33.73
34.06
34.45
34.82
35.20
35.58
35.96
36.34
36.72
37.11
37.50
37.89
38.29
38.70
39.10
39.50
39.88
40.26
40.65
41.03
41.41
41.80
42.18
42.56
42.93
43.31
43.68
44.06
44.45
44.81
45.16
45.52
45.87
46.21
46.54
46.87
47.21
47.53
47.86
48.18
48.51
48.84
49.17
49.49
49.82
50.14
50.47
50.79
51.12
51.44
51.78
52.11
52.43
52.76
53.08
53.41
53.73
54.06
54.38
54.71
55.03
55.36
55.69
56.02
56.33
56.67
56.99
57.32
57.64
57.97
58.29
58.62
58.94
59.27
59.59
59.92
60.24
60.58
60.91
61.23
61.56
61.88
62.22
62.54
62.87
63.19
63.52
63.84
64.16
64.48
64.81
65.13
65.47
65.82
66.17
66.50
66.85
