# Beats
0.45
0.91
1.35
1.80
2.25
2.72
3.18
3.63
4.11
4.56
5.04
5.46
5.91
6.35
6.80
7.27
7.67
8.07
8.48
8.87
9.26
9.65
10.04
10.46
10.88
11.28
11.70
12.19
12.65
13.13
13.68
14.22
14.77
15.30
15.86
16.39
16.94
17.48
18.02
18.55
19.06
19.59
20.13
20.67
21.22
21.76
22.31
22.87
23.43
23.99
24.54
25.12
25.70
26.27
26.87
27.45
28.00
28.67
29.34
29.95
30.57
31.18
31.81
32.44
33.08
33.72
34.40
35.09
35.76
36.43
37.12
37.81
38.52
39.20
39.89
40.52
41.13
41.75
42.35
42.98
43.58
44.21
44.87
45.51
46.07
46.61
47.16
47.69
48.23
48.79
49.32
49.85
50.40
50.92
51.44
51.97
52.52
53.08
53.59
54.10
54.61
55.11
55.61
56.10
56.59
57.07
57.56
58.10
58.64
59.18
59.72
60.26
60.81
61.30
61.78
62.25
62.72
63.18
63.67
64.15
64.62
65.11
65.58
66.04
66.50
66.99
67.49
67.96
68.45
68.92
69.40
69.92
70.43
70.94
71.46
71.98
72.48
73.02
73.54
74.05
74.58
75.10
75.62
76.14
76.65
77.16
77.67
78.17
78.69
79.20
79.74
80.25
80.76
81.27
81.77
82.28
82.79
83.22
83.65
84.08
84.50
84.90
85.31
85.73
86.16
86.56
86.98
87.39
87.79
88.21
88.61
89.00
89.49
90.00
90.50
90.95
91.42
91.86
92.32
92.78
93.23
93.70
94.17
94.63
95.09
95.55
95.99
96.44
96.80
97.15
97.52
97.90
98.24
98.60
98.99
99.36
99.71
100.05
100.38
100.73
101.05
101.40
101.75
102.10
102.42
102.86
103.29
103.74
104.19
104.64
105.11
105.53
105.98
106.42
106.87
107.32
107.78
108.22
108.66
109.09
109.51
109.95
110.36
110.78
111.22
111.66
112.11
112.55
112.99
113.43
113.88
114.34
114.85
115.38
115.91
116.45
116.98
117.48
118.00
118.51
119.03
119.54
120.06
120.60
121.17
121.73
122.30
122.89
123.48
124.06
124.64
125.23
125.81
126.36
126.93
127.50
128.08
128.64
129.22
129.79
130.36
130.94
131.51
132.06
