# Beats
0.50
1.01
1.51
2.01
2.51
3.00
3.49
3.99
4.48
4.98
5.48
5.97
6.46
6.95
7.47
7.96
8.48
8.99
9.50
10.01
10.50
10.99
11.49
11.98
12.47
12.96
13.56
14.16
14.77
15.37
15.98
16.56
17.14
17.72
18.29
18.84
19.37
19.88
20.40
20.91
21.41
21.92
22.42
22.92
23.42
23.92
24.42
24.92
25.43
25.94
26.45
26.95
27.45
27.95
28.47
28.99
29.51
30.05
30.57
31.10
31.63
32.15
32.67
33.20
33.74
34.28
34.82
35.34
35.87
36.41
36.95
37.48
37.99
38.50
39.01
39.52
40.03
40.52
41.01
41.49
41.98
42.48
42.98
43.48
43.98
44.48
44.98
45.48
45.98
46.47
46.97
47.47
47.97
48.48
48.98
49.48
49.98
50.48
50.93
51.39
51.84
52.21
52.58
52.94
53.31
53.68
54.06
54.44
54.82
55.22
55.61
56.01
56.47
56.94
57.39
57.85
58.34
58.83
59.32
59.81
60.31
60.81
61.32
61.82
62.32
62.83
63.33
63.83
64.34
64.85
65.36
65.86
66.36
66.86
67.38
67.91
68.43
68.95
69.47
70.00
70.52
