# Beats
0.55
1.09
1.65
2.18
2.71
3.23
3.74
4.25
4.76
5.26
5.76
6.28
6.80
7.33
7.85
8.36
8.87
9.38
9.89
10.40
10.91
11.42
11.94
12.43
12.93
13.44
13.96
14.48
15.00
15.52
16.03
16.56
17.07
17.59
18.11
18.63
19.16
19.69
20.20
20.71
21.22
21.73
22.24
22.77
23.29
23.80
24.31
24.82
25.34
25.87
26.38
26.89
27.40
27.91
28.44
28.98
29.51
30.02
30.53
31.06
31.58
32.10
32.64
33.23
33.82
34.37
34.92
35.47
36.04
36.59
37.16
37.73
38.29
38.85
39.40
39.97
40.54
41.11
41.69
42.27
42.86
43.35
43.84
44.33
44.81
45.31
45.81
46.31
46.80
47.30
47.79
48.29
48.79
49.27
49.76
50.25
50.72
51.20
51.68
52.14
52.60
53.07
53.53
54.00
54.45
54.90
55.36
55.80
56.24
56.71
57.19
57.68
58.17
58.64
59.12
59.59
60.07
60.55
61.03
61.52
62.01
62.46
62.91
63.37
63.82
64.32
64.82
65.32
65.85
66.37
66.90
67.42
67.94
68.45
68.96
69.47
69.98
70.48
70.98
71.47
71.96
72.45
72.95
73.44
73.93
74.42
74.91
75.41
75.91
76.41
76.90
77.39
77.88
78.37
78.84
79.33
79.82
80.29
80.77
81.26
81.75
82.25
82.74
83.27
83.78
84.29
84.81
85.32
85.83
86.24
86.65
87.05
87.46
87.86
88.27
88.68
89.08
89.44
89.80
90.16
90.53
90.91
91.28
91.64
92.00
92.36
92.72
93.09
93.46
93.83
