# Beats
0.52
1.04
1.57
2.08
2.59
3.09
3.60
4.10
4.60
5.10
5.60
6.08
6.57
7.07
7.56
8.05
8.53
9.04
9.56
10.05
10.55
11.04
11.56
12.06
12.56
13.06
13.56
14.06
14.55
15.05
15.55
16.03
16.52
17.03
17.53
18.04
18.55
19.06
19.53
19.98
20.45
20.91
21.36
21.82
22.28
22.74
23.21
23.68
24.15
24.60
25.05
25.52
25.97
26.42
26.90
27.38
27.84
28.29
28.76
29.22
29.68
30.13
30.59
31.06
31.52
31.97
32.44
32.90
33.37
33.83
34.31
34.77
35.24
35.70
36.17
36.62
37.08
37.55
38.00
38.46
38.93
39.39
39.85
40.31
40.76
41.23
41.69
42.16
42.62
43.08
43.54
43.99
44.45
44.92
45.37
45.84
46.30
46.78
47.23
47.68
48.15
48.61
49.06
49.53
49.99
50.46
50.91
51.37
51.84
52.30
52.76
53.22
53.68
54.16
54.64
55.03
55.43
55.81
56.20
56.59
56.96
57.33
57.70
58.14
58.58
59.01
59.45
59.91
60.35
60.82
