# Beats
0.70
1.42
2.11
2.81
3.53
4.25
4.97
5.71
6.46
7.21
8.01
8.80
9.61
10.44
11.24
12.00
12.78
13.54
14.28
15.05
15.79
16.46
17.16
17.86
18.55
19.23
19.90
20.57
21.20
21.83
22.38
22.92
23.45
24.01
24.57
25.12
25.68
26.22
26.76
27.30
27.82
28.35
28.89
29.42
30.00
30.56
31.09
31.67
32.23
32.79
33.36
33.92
34.54
35.16
35.78
36.39
36.99
37.59
38.17
38.71
39.26
39.83
40.40
40.98
41.54
42.10
42.64
43.19
43.75
44.32
44.88
45.44
46.02
46.57
47.09
47.57
48.04
48.53
49.03
49.53
50.03
50.53
51.01
51.51
52.01
52.50
52.98
53.45
53.94
54.45
54.94
55.43
55.89
56.35
56.82
57.28
57.75
58.12
58.48
58.86
59.25
59.61
59.98
60.33
60.67
61.05
61.42
61.78
62.14
62.51
62.88
63.25
63.62
64.02
64.40
64.80
65.20
65.60
65.97
66.35
66.71
67.09
67.48
67.86
68.27
68.65
69.03
69.43
69.81
70.21
70.59
70.96
71.32
71.68
72.03
72.39
72.72
73.06
73.41
73.76
74.12
74.54
74.95
75.35
75.72
76.12
76.52
76.90
77.31
77.74
