# Beats
0.58
1.16
1.79
2.37
3.09
3.81
4.55
5.27
6.04
6.73
7.45
8.13
8.82
9.50
10.19
10.84
11.49
12.13
12.81
13.47
14.09
14.74
15.39
16.04
16.72
17.37
18.00
18.65
19.30
19.90
20.53
21.06
21.57
22.08
22.59
23.08
23.59
24.08
24.57
25.05
25.54
26.05
26.59
27.10
27.61
28.12
28.60
29.07
29.56
29.98
30.39
30.81
31.24
31.65
32.07
32.50
32.89
33.27
33.69
34.09
34.48
34.88
35.32
35.75
36.18
36.59
37.04
37.51
38.03
38.52
39.01
39.52
40.01
40.50
40.99
41.44
41.91
42.38
42.83
43.33
43.82
44.30
44.81
45.28
45.79
46.30
46.81
47.32
47.76
48.23
48.72
49.06
49.44
49.81
50.16
50.50
50.85
51.18
51.55
51.92
52.27
52.59
52.92
53.24
53.61
53.94
54.27
54.59
54.96
55.29
55.61
55.94
56.26
56.61
56.98
57.33
57.66
58.00
58.33
58.68
59.00
59.33
59.68
60.00
60.34
60.67
61.00
61.37
61.79
62.16
62.67
63.18
63.65
64.11
64.60
65.06
65.53
66.01
66.46
66.92
67.38
67.87
68.38
68.86
69.33
69.80
70.26
70.73
71.22
71.68
72.17
72.69
73.14
73.63
74.09
74.54
75.02
75.51
75.98
76.42
76.88
77.30
77.74
78.18
78.62
79.04
79.48
79.90
80.36
80.83
81.29
81.73
82.15
82.57
83.01
83.41
83.82
84.24
84.65
85.05
85.45
85.84
86.36
86.84
87.33
87.82
88.33
88.82
89.33
89.85
90.35
90.87
91.35
91.83
92.30
92.79
93.26
93.72
94.18
94.66
95.16
95.64
96.11
96.61
97.14
97.64
98.17
98.70
