# Beats
0.46
0.92
1.37
1.82
2.28
2.72
3.17
3.62
4.08
4.53
4.98
5.42
5.86
6.25
6.63
7.02
7.41
7.79
8.17
8.56
8.93
9.30
9.67
10.04
10.41
10.80
11.18
11.56
11.95
12.33
12.71
13.10
13.47
13.85
14.22
14.61
14.97
15.31
15.66
16.02
16.39
16.76
17.14
17.51
17.96
18.41
18.87
19.32
19.77
20.22
20.67
21.11
21.55
21.99
22.43
22.87
23.31
23.75
24.29
24.82
25.36
25.89
26.42
26.99
27.56
28.13
28.69
29.23
29.79
30.35
30.91
31.50
32.10
32.80
33.49
34.24
34.99
35.75
36.50
37.24
37.99
38.65
39.31
39.97
40.63
41.31
41.92
42.54
43.15
43.77
44.38
45.07
45.75
46.44
47.14
47.89
48.66
49.41
50.17
50.93
51.69
52.47
53.24
54.02
54.80
55.50
56.19
56.89
57.60
58.33
59.05
59.78
60.51
61.24
61.97
62.74
63.49
64.26
65.03
65.79
66.56
67.24
67.93
68.61
69.29
69.96
70.64
71.32
71.97
72.63
73.27
73.92
74.50
75.08
75.66
76.30
76.94
77.64
78.34
79.05
79.76
80.47
81.17
81.85
82.52
83.20
83.87
84.54
85.23
85.91
86.68
87.46
88.15
88.85
89.54
90.23
90.93
