# Beats
0.62
1.18
1.76
2.33
2.90
3.37
3.82
4.28
4.74
5.18
5.62
6.08
6.55
7.01
7.48
7.94
8.41
8.85
9.32
9.78
10.24
10.70
11.17
11.63
12.09
12.54
13.00
13.47
13.93
14.40
14.86
15.33
15.78
16.23
16.70
17.16
17.62
18.07
18.54
19.02
19.47
19.92
20.39
20.85
21.32
21.78
22.22
22.69
23.15
23.63
24.08
24.54
25.01
25.46
25.91
26.38
26.84
27.33
27.82
28.41
29.00
29.59
30.19
30.79
31.39
32.00
32.62
33.13
33.62
34.21
34.81
35.39
35.97
36.55
37.13
37.64
38.14
38.64
39.14
39.66
40.17
40.68
41.19
41.64
42.11
42.55
43.00
43.47
43.92
44.37
44.84
45.30
45.77
46.23
46.67
47.14
