# Beats
0.45
0.94
1.42
1.89
2.40
2.90
3.37
3.85
4.32
4.70
5.11
5.53
5.93
6.34
6.77
7.17
7.56
7.95
8.38
8.92
9.44
9.94
10.44
10.95
11.48
12.03
12.59
13.14
13.61
14.06
14.50
14.97
15.44
15.92
16.46
17.02
17.55
18.13
18.72
19.31
19.92
20.54
21.10
21.64
22.20
22.74
23.29
23.82
24.36
24.89
25.39
25.88
26.39
26.90
27.42
27.93
28.44
28.96
29.45
29.87
30.30
30.72
31.16
31.60
32.03
32.46
32.90
33.34
33.80
34.25
34.68
35.10
35.51
36.01
36.51
36.98
37.44
37.93
38.42
38.87
39.31
39.73
40.15
40.55
40.98
41.44
41.87
42.30
42.72
43.15
43.58
44.04
44.58
45.14
45.67
46.29
46.92
47.55
48.15
48.77
49.39
50.02
50.58
51.15
51.73
52.29
52.86
53.39
53.94
54.51
55.04
55.57
56.06
56.60
57.16
57.69
58.19
58.72
59.26
59.78
60.30
60.81
61.32
61.86
62.38
62.91
63.43
63.91
64.38
64.88
65.34
65.82
66.28
66.73
67.21
67.67
68.14
68.60
69.06
69.52
69.95
70.40
70.84
71.27
71.71
72.14
72.56
73.04
73.49
73.94
74.43
74.91
75.37
75.82
76.28
76.77
77.25
77.68
78.08
78.48
78.89
79.31
79.71
80.13
80.53
80.91
81.30
81.71
82.14
82.58
83.01
83.49
83.96
84.45
84.94
85.43
85.94
86.42
86.91
87.40
87.96
88.51
89.06
89.63
90.16
90.70
91.24
91.79
92.36
92.90
93.45
94.09
94.71
95.33
95.98
