# Beats
0.48
0.96
1.45
1.94
2.43
2.91
3.39
3.87
4.34
4.73
5.12
5.51
5.91
6.26
6.61
6.95
7.29
7.62
7.95
8.29
8.63
9.03
9.44
9.85
10.26
10.68
11.09
11.49
11.98
12.47
12.96
13.46
13.96
14.45
14.95
15.45
15.95
16.50
17.06
17.60
18.04
18.48
18.92
19.38
19.83
20.28
20.81
21.33
21.84
22.34
22.84
23.34
23.87
24.40
24.93
25.41
25.91
26.41
26.90
27.38
27.86
28.34
28.82
29.30
29.84
30.37
30.91
31.43
31.95
32.47
32.98
33.51
34.03
34.55
35.06
35.57
36.08
36.61
37.13
37.59
38.06
38.53
39.00
39.46
39.93
40.32
40.72
41.11
41.61
42.11
42.60
43.10
43.60
44.08
44.57
45.06
45.56
46.06
46.45
46.83
47.22
47.67
48.12
48.58
49.02
49.49
49.97
50.45
50.92
51.41
51.90
52.36
52.83
53.29
53.82
54.36
54.90
55.43
55.94
56.46
56.85
57.26
57.66
58.04
58.42
58.80
59.20
59.59
59.98
60.37
60.77
61.16
61.53
61.90
62.28
62.65
63.02
63.39
63.76
64.10
64.44
64.77
65.11
65.55
65.99
66.42
66.86
67.21
67.56
67.92
68.27
68.60
68.94
69.28
69.61
69.96
70.31
70.66
71.01
71.40
71.80
72.19
72.59
73.03
73.47
73.90
74.33
74.77
75.21
75.65
76.09
76.53
