# Beats
0.46
0.93
1.38
1.83
2.29
2.75
3.18
3.62
4.08
4.52
4.97
5.41
5.84
6.27
6.69
7.11
7.53
7.95
8.38
8.82
9.33
9.82
10.33
10.83
11.33
11.82
12.28
12.77
13.24
13.70
14.19
14.65
15.03
15.42
15.81
16.21
16.60
17.00
17.39
17.77
18.16
18.54
18.90
19.26
19.60
19.95
20.29
20.65
21.01
21.39
21.76
22.13
22.48
22.83
23.17
23.52
23.92
24.31
24.69
25.08
25.45
25.84
26.23
26.62
27.02
27.42
27.81
28.28
28.75
29.19
29.64
30.09
30.56
31.01
31.46
31.93
32.38
32.86
33.32
33.81
34.24
34.64
35.04
35.46
35.78
36.08
36.39
36.71
37.04
37.37
37.71
38.03
38.36
38.68
38.99
39.31
39.64
39.95
40.29
40.61
40.97
41.31
41.66
41.99
42.33
42.66
43.00
43.35
43.69
44.03
44.37
44.71
45.06
45.42
45.79
46.15
46.51
46.86
47.21
47.54
47.89
48.25
48.60
48.95
49.30
49.63
49.97
50.31
50.64
50.98
51.32
51.64
51.97
52.30
52.64
52.99
53.34
53.71
54.08
54.44
54.80
55.17
55.54
55.90
56.25
56.60
56.94
57.28
57.61
57.93
58.26
58.58
58.92
59.26
59.61
59.93
60.27
60.62
60.95
61.29
61.63
61.95
62.28
62.60
62.93
63.25
63.59
63.94
64.30
64.62
64.96
65.29
65.64
66.00
66.36
66.73
67.13
67.50
67.90
68.27
68.65
69.06
69.44
69.92
70.38
70.83
71.29
71.75
72.20
72.66
73.14
73.63
74.13
74.63
75.14
75.64
76.18
76.71
77.23
77.74
78.25
78.76
79.27
79.77
80.27
80.77
81.27
81.77
82.27
82.76
83.27
83.77
84.27
84.75
85.26
85.77
86.29
86.80
87.30
87.89
88.48
89.07
89.68
90.27
90.86
91.46
92.14
92.79
93.45
94.10
94.76
95.29
95.82
96.34
96.86
97.38
97.90
98.41
98.89
99.38
99.85
100.33
100.82
101.31
101.82
102.31
102.79
103.28
103.76
104.23
104.70
105.17
105.70
106.23
106.78
107.30
107.81
108.33
108.86
109.37
109.89
110.43
110.98
111.47
111.97
112.48
113.06
113.63
114.20
114.75
115.32
115.88
116.38
116.89
117.40
117.91
118.42
118.93
119.44
119.95
120.47
121.02
121.58
122.09
122.60
123.11
123.65
124.18
124.71
125.25
125.78
126.29
126.79
127.29
127.79
128.27
128.73
129.22
129.68
130.12
130.55
131.01
131.46
131.91
132.37
132.81
133.26
133.71
134.20
134.69
135.16
135.63
136.12
136.60
137.09
137.58
138.07
138.57
139.04
139.51
139.98
140.46
140.93
141.40
141.85
142.30
142.76
143.22
143.67
144.14
144.66
145.17
145.68
146.19
146.68
147.17
147.68
148.18
148.68
149.19
149.70
150.21
150.70
151.19
151.67
152.18
152.68
153.18
153.67
154.16
154.67
155.18
155.69
156.11
156.53
156.92
157.32
157.71
158.10
158.49
158.87
159.27
159.66
160.07
160.47
160.87
161.29
161.68
162.09
162.49
162.89
163.31
163.65
163.99
164.33
164.68
165.05
165.40
165.73
166.08
166.49
166.88
167.26
167.65
168.04
168.43
168.81
169.19
