# Beats
0.67
1.32
1.97
2.62
3.27
3.90
4.53
5.13
5.74
6.35
6.97
7.60
8.23
8.87
9.51
10.15
10.77
11.40
12.03
12.65
13.28
13.89
14.50
15.12
15.74
16.37
17.00
17.62
18.25
18.87
19.48
20.10
20.71
21.34
21.95
22.59
23.22
23.87
24.52
25.17
25.81
26.45
27.09
27.72
28.35
28.99
29.63
30.27
30.91
31.54
32.17
32.80
33.41
34.03
34.66
35.28
35.91
36.54
37.18
37.81
38.45
39.09
39.73
40.37
41.01
41.63
42.27
42.91
43.54
44.16
44.79
45.42
46.05
46.66
47.28
47.78
48.27
48.77
49.16
49.54
49.92
50.32
50.71
51.11
51.49
