# Beats
0.73
1.44
2.16
2.88
3.55
4.23
4.88
5.55
6.22
6.92
7.59
8.31
8.99
9.68
10.39
11.05
11.77
12.45
13.10
13.72
14.40
15.00
15.57
16.18
16.76
17.35
17.90
18.45
19.04
19.60
20.13
20.67
21.18
21.71
22.24
22.79
23.34
23.82
24.28
24.78
25.24
25.70
26.17
26.61
27.10
27.59
28.07
28.56
29.05
29.55
30.00
30.48
30.95
31.35
31.71
32.12
32.55
32.91
33.25
33.62
33.95
34.27
34.60
34.92
35.27
35.63
35.99
36.35
36.66
36.99
37.31
37.66
38.06
38.43
38.82
39.26
39.69
40.08
40.50
40.89
41.31
41.74
42.14
42.56
42.96
43.29
43.67
44.03
44.37
44.77
45.16
45.53
45.91
46.25
46.64
46.97
47.35
47.74
48.16
48.55
48.92
49.30
49.69
50.06
50.43
50.90
51.39
51.84
52.34
52.80
53.27
53.79
54.29
54.80
55.28
55.76
56.22
56.70
57.19
57.67
58.21
58.72
59.21
59.74
60.23
60.72
61.11
61.49
61.88
62.28
62.67
63.09
63.48
63.92
64.35
64.81
65.21
65.62
66.06
66.51
66.94
67.34
67.76
68.20
68.59
68.99
69.43
69.87
70.29
70.70
71.10
71.54
71.98
72.42
72.84
73.26
73.65
74.07
74.48
74.88
75.30
75.69
76.14
76.58
77.00
77.46
77.95
78.41
78.88
79.35
79.85
80.35
80.81
81.25
81.69
82.20
82.73
83.24
83.78
84.33
84.81
85.29
85.73
86.20
86.68
87.12
87.56
88.00
88.47
88.93
89.42
89.88
90.40
90.84
91.23
91.65
92.06
92.49
92.89
93.32
93.74
94.16
94.60
95.02
95.46
95.91
96.30
96.69
97.09
97.54
97.94
98.32
98.71
99.09
99.47
99.87
100.26
100.65
101.11
101.52
101.95
102.38
102.79
103.19
103.58
104.00
104.49
104.98
105.51
106.02
106.56
107.04
107.55
108.08
108.55
109.06
109.56
110.06
110.57
111.11
111.57
112.04
112.50
112.94
113.38
113.80
114.24
114.75
115.22
115.72
116.26
116.82
117.33
117.84
118.36
118.86
119.41
119.91
120.42
120.93
121.44
121.86
122.30
122.74
123.15
123.54
123.97
124.41
124.85
125.27
125.69
126.10
126.50
126.90
127.34
127.80
128.31
128.80
129.34
129.85
130.36
130.83
131.33
131.84
132.38
132.91
133.47
134.00
134.56
135.14
135.72
136.30
136.90
137.49
138.04
138.60
139.16
139.70
140.27
140.83
141.39
141.97
142.52
143.09
143.62
144.18
144.71
145.22
145.74
146.33
146.89
147.42
147.96
148.51
149.05
149.61
150.21
150.79
151.37
151.95
152.52
153.11
153.67
154.23
154.78
155.39
155.99
156.60
157.15
157.73
158.34
158.92
159.45
159.97
160.54
161.11
161.63
162.24
162.82
163.39
163.96
164.51
165.07
165.60
166.12
166.51
166.89
167.30
167.71
168.09
168.50
168.86
169.25
169.60
169.97
170.34
170.69
171.04
171.42
171.80
172.20
172.62
172.99
173.37
173.78
174.16
174.52
174.92
175.29
175.66
176.05
176.47
176.84
177.18
177.52
177.89
178.24
178.63
179.03
179.42
179.92
180.37
180.84
181.35
181.88
182.40
182.93
183.43
183.93
184.39
184.87
185.31
185.72
186.17
186.62
187.04
187.49
187.98
188.43
188.89
189.34
189.78
190.22
190.64
191.07
191.48
191.88
192.23
192.60
192.97
193.33
193.72
194.10
194.47
194.89
195.30
195.72
196.16
196.60
197.02
197.45
197.86
198.26
198.68
199.03
199.37
199.71
200.06
200.36
200.67
200.98
201.32
201.62
201.94
202.29
202.64
202.99
203.31
203.69
204.06
204.43
204.85
205.26
205.64
206.03
206.43
206.82
207.20
207.62
