# Beats
0.36
0.72
1.09
1.47
1.86
2.25
2.65
3.10
3.55
4.01
4.46
4.90
5.33
5.76
6.19
6.61
7.02
7.44
7.85
8.25
8.67
9.10
9.53
9.94
10.36
10.77
11.20
11.63
12.06
12.49
12.91
13.34
13.76
14.18
14.61
15.01
15.42
15.84
16.24
16.65
17.06
17.46
17.87
18.27
18.68
19.09
19.49
19.90
20.31
20.71
21.12
21.52
21.93
22.34
22.73
23.14
23.55
23.95
24.36
24.76
25.17
25.58
25.98
26.39
26.80
27.20
27.61
28.01
28.42
28.82
29.21
29.61
30.01
30.42
30.82
31.23
31.64
32.04
32.46
32.87
33.27
33.68
34.09
34.50
34.91
35.32
35.71
36.12
36.51
36.92
37.33
37.73
38.13
38.53
38.94
39.36
39.78
40.18
40.60
41.01
41.41
41.82
42.23
42.63
43.04
43.43
43.84
44.25
44.64
45.05
45.44
45.85
46.25
46.66
47.07
47.47
47.87
48.27
48.68
49.10
49.50
49.91
50.32
50.72
51.12
51.51
51.92
52.33
52.72
53.12
53.52
53.93
54.33
54.73
55.14
55.54
55.94
56.33
56.75
57.16
57.56
57.97
58.39
58.80
59.22
59.64
60.06
60.49
60.92
61.39
61.86
62.32
62.86
63.39
63.91
64.44
64.96
65.48
66.00
66.53
67.09
67.66
68.23
68.80
69.37
69.93
70.48
71.04
71.60
72.16
72.71
73.27
73.83
74.34
74.85
75.35
75.85
76.36
76.86
77.37
77.87
78.38
78.89
79.39
79.90
80.39
80.88
81.36
81.83
82.29
82.74
83.21
83.67
84.15
84.63
85.10
85.58
86.05
86.60
87.13
87.67
88.21
88.76
89.30
89.85
90.41
90.99
91.58
92.16
92.74
93.32
93.88
94.45
95.00
95.58
96.15
96.73
97.31
97.91
98.45
98.99
99.52
100.04
100.57
101.09
101.60
102.12
102.70
103.29
103.87
104.44
105.01
105.57
106.14
106.71
