# Beats
0.56
1.11
1.63
2.16
2.71
3.24
3.77
4.30
4.86
5.45
6.08
6.70
7.30
7.92
8.53
9.15
9.82
10.46
11.11
11.78
12.42
13.04
13.73
14.43
15.13
15.85
16.59
17.30
18.02
18.72
19.46
20.17
20.83
21.50
22.16
22.74
23.31
23.88
24.49
25.04
25.63
26.22
26.75
27.24
27.74
28.24
28.73
29.22
29.72
30.21
30.70
31.20
31.81
32.43
33.04
33.66
34.26
34.86
35.47
36.07
36.66
37.29
37.95
38.60
39.25
39.88
40.46
41.05
41.63
42.18
42.74
43.35
43.96
44.58
45.20
45.80
46.39
46.95
47.54
48.04
48.54
49.04
49.52
49.99
50.49
50.87
51.23
51.63
52.00
52.33
52.65
52.99
53.35
53.72
54.08
54.45
54.82
55.22
55.60
55.98
56.37
56.75
57.13
