# Beats
0.53
1.08
1.61
2.14
2.65
3.16
3.67
4.19
4.71
5.24
5.76
6.27
6.78
7.29
7.80
8.30
8.80
9.30
9.80
10.30
10.83
11.38
11.90
12.42
12.95
13.49
14.02
14.56
15.10
15.66
16.21
16.74
17.28
17.81
18.34
18.88
19.41
19.95
20.48
21.04
21.61
22.18
22.67
23.17
23.67
24.18
24.69
25.21
25.72
26.22
26.73
27.23
27.72
28.22
28.75
29.25
29.77
30.30
30.84
31.35
31.86
32.37
32.88
33.40
33.91
34.44
34.95
35.46
35.99
36.52
37.05
37.57
38.09
38.64
39.18
39.73
40.29
40.84
41.39
41.92
42.46
43.00
43.50
44.00
44.50
44.94
45.38
45.82
46.28
46.72
47.17
47.62
48.07
48.48
48.92
49.35
49.80
50.24
50.68
51.13
51.58
52.11
52.63
53.16
53.68
54.21
54.73
55.26
55.75
56.25
56.75
57.26
57.79
58.33
58.85
59.37
59.86
60.35
60.84
61.32
61.82
62.32
62.81
63.29
63.76
64.19
64.63
65.07
65.52
65.96
66.40
66.84
