# Beats
0.45
0.92
1.39
1.85
2.31
2.79
3.29
3.77
4.26
4.76
5.26
5.76
6.23
6.72
7.21
7.71
8.21
8.70
9.20
9.71
10.22
10.72
11.22
11.73
12.23
12.72
13.21
13.72
14.22
14.71
15.20
15.71
16.21
16.71
17.21
17.72
18.22
18.72
19.21
19.71
20.20
20.71
21.21
21.71
22.21
22.71
23.22
23.72
24.21
24.69
25.18
25.68
26.18
26.68
27.19
27.69
28.19
28.70
29.20
29.70
30.20
30.70
31.18
31.68
32.17
32.68
33.18
33.69
34.19
34.69
35.19
35.69
36.19
36.70
37.20
37.71
38.21
38.71
39.21
39.71
40.18
40.68
41.18
41.68
42.18
42.68
43.17
43.67
44.18
44.68
45.17
45.67
46.16
46.66
47.16
47.67
48.18
48.68
49.19
49.70
50.20
50.70
51.20
51.70
52.20
52.69
53.17
53.67
54.17
54.67
55.17
55.67
56.16
56.66
57.16
57.66
58.15
58.65
59.14
59.63
60.12
60.60
61.09
61.59
62.10
62.60
63.11
63.61
64.13
64.63
65.14
65.65
66.17
66.68
67.19
67.69
68.19
68.68
69.20
69.69
70.19
70.68
71.17
71.67
72.17
72.66
73.15
73.64
74.13
74.62
75.09
75.57
76.09
76.63
77.16
77.71
78.25
78.76
79.26
79.75
80.24
80.71
81.21
81.69
82.18
82.65
83.14
83.63
84.13
84.63
85.14
85.65
86.15
86.63
87.12
87.62
88.12
88.63
89.13
89.63
90.14
90.65
91.15
91.65
92.14
92.62
93.14
93.63
94.15
94.66
95.17
95.68
96.18
96.70
