# Beats
0.39
0.81
1.25
1.70
2.14
2.58
3.02
3.46
3.89
4.33
4.77
5.21
5.64
6.06
6.48
6.91
7.34
7.78
8.21
8.64
9.06
9.47
9.90
10.32
10.82
11.33
11.84
12.33
12.83
13.33
13.82
14.32
14.81
15.31
15.79
16.28
16.78
17.28
17.76
18.32
18.89
19.55
20.21
20.87
21.55
22.24
22.91
23.57
24.24
24.93
25.59
26.24
26.88
27.52
28.17
28.73
29.33
29.91
30.50
31.07
31.66
32.25
32.82
33.39
33.95
34.50
35.09
35.65
36.10
36.55
37.00
37.47
37.92
38.37
38.81
39.26
39.73
40.26
40.79
41.30
41.82
42.34
42.85
43.37
43.91
44.47
45.00
45.53
46.07
46.59
47.12
47.65
48.18
48.72
49.24
49.76
50.28
50.83
51.36
51.85
52.35
52.85
53.35
53.89
54.44
55.00
55.54
56.10
56.59
57.10
57.60
58.07
58.56
59.04
59.52
60.00
60.49
60.99
61.47
61.97
62.45
62.93
63.40
