# Beats
0.63
1.28
1.93
2.58
3.19
3.83
4.48
5.13
5.78
6.43
7.06
7.66
8.29
8.90
9.45
9.97
10.40
10.80
11.19
11.56
11.96
12.40
12.84
13.24
13.64
14.02
14.44
14.86
15.28
15.70
16.07
16.46
16.83
17.23
17.64
18.00
18.34
18.66
18.98
19.37
19.77
20.18
20.60
21.01
21.41
21.85
22.27
22.76
23.24
23.74
24.21
24.67
25.10
25.57
26.01
26.47
26.91
27.36
27.79
28.26
28.70
29.16
29.63
30.06
30.53
31.00
31.49
32.00
32.48
32.97
33.46
33.96
34.46
34.97
35.43
35.92
36.41
36.92
37.47
37.99
38.51
39.13
39.71
40.36
41.01
41.66
42.33
42.99
43.65
44.32
44.98
45.63
46.29
46.95
47.62
48.27
48.91
49.60
50.29
50.94
51.62
52.31
52.96
53.63
54.29
54.96
55.62
56.32
57.00
57.72
58.42
59.13
59.81
60.49
61.14
61.75
62.44
63.15
63.83
64.53
65.22
65.90
66.61
67.24
67.87
68.38
68.92
69.47
70.04
70.59
71.16
71.70
72.24
72.82
73.39
73.91
74.44
74.98
75.53
76.07
76.65
77.21
77.76
78.30
78.88
79.46
79.99
80.55
81.06
81.62
82.15
82.71
83.27
83.85
84.45
85.03
85.61
86.17
86.74
87.35
87.98
88.61
89.23
89.88
90.49
91.09
91.70
92.28
92.81
93.39
93.95
94.53
95.10
95.60
96.08
96.57
97.08
97.64
98.19
98.68
99.20
99.64
100.08
100.54
101.02
101.45
101.89
102.38
102.86
103.31
103.79
104.19
104.56
104.95
105.33
105.63
105.94
106.30
106.67
107.04
107.39
107.74
108.11
108.44
108.76
109.13
109.46
109.78
110.11
110.43
110.76
111.07
111.43
111.83
112.25
112.64
113.03
113.45
113.82
114.20
114.57
114.92
115.29
115.68
116.10
116.49
116.94
117.35
117.79
118.22
118.65
119.22
119.79
120.45
121.12
121.78
122.39
123.01
123.63
124.25
124.88
125.48
126.11
126.71
127.33
127.97
128.62
129.30
130.01
130.69
131.41
132.10
132.77
133.46
134.10
134.77
135.42
136.08
136.74
137.37
138.00
138.58
139.16
139.76
140.35
140.98
141.60
142.20
142.79
143.44
144.06
144.68
145.35
145.89
146.48
147.12
147.77
148.42
149.03
149.65
150.26
150.84
151.44
152.04
152.64
153.22
