# Beats
0.44
0.91
1.37
1.83
2.31
2.79
3.27
3.77
4.27
4.76
5.24
5.71
6.19
6.65
7.13
7.62
8.09
8.57
9.03
9.52
9.98
10.40
10.82
11.24
11.66
12.13
12.60
13.07
13.54
14.00
14.47
14.92
15.38
15.86
16.34
16.88
17.39
17.95
18.51
19.09
19.77
20.46
21.12
21.78
22.45
23.10
23.78
24.46
25.15
25.69
26.24
26.77
27.32
27.86
28.40
28.93
29.47
30.01
30.53
31.07
31.61
32.18
32.71
33.20
33.69
34.18
34.66
35.13
35.63
36.11
36.58
37.08
37.58
38.09
38.59
39.09
39.59
40.08
40.57
41.06
41.56
42.10
42.63
43.19
43.75
44.30
44.84
45.38
45.94
46.39
46.83
47.26
47.69
48.11
48.54
48.97
49.41
49.85
50.27
50.69
51.12
51.54
52.01
52.50
53.00
53.50
53.99
54.47
54.96
55.45
55.94
56.42
56.90
57.39
57.86
58.31
58.75
59.16
59.59
60.02
60.44
60.86
61.22
61.59
61.96
62.35
62.72
63.09
63.46
63.83
64.21
64.59
64.96
65.33
65.69
66.05
66.42
66.80
67.21
67.62
68.03
68.44
68.82
69.21
69.60
70.01
70.40
70.79
71.17
71.56
71.96
72.35
72.75
73.19
73.64
74.08
74.51
74.95
75.40
75.89
76.39
76.88
77.42
77.97
78.53
79.05
79.57
80.07
80.60
81.12
81.63
82.13
82.64
83.15
83.66
84.17
84.68
85.19
85.73
86.29
86.84
87.38
87.90
88.42
88.96
89.49
90.02
90.58
91.14
91.70
92.25
92.79
93.33
93.82
94.30
94.80
95.28
95.74
96.20
96.63
97.06
97.48
97.90
98.32
98.75
99.17
99.60
100.04
100.47
100.91
101.33
101.74
102.17
102.64
103.12
103.58
104.03
104.47
104.91
105.35
105.84
106.32
106.80
107.28
107.76
108.24
108.72
109.18
109.64
110.11
110.59
111.06
111.62
112.16
112.71
113.24
113.80
114.38
114.87
115.33
115.82
116.26
116.69
117.14
117.57
118.03
118.48
118.92
119.37
119.83
120.28
120.72
121.16
121.60
122.00
122.39
122.80
123.18
123.58
123.98
124.39
