# Beats
0.34
0.72
1.10
1.49
1.87
2.25
2.64
3.01
3.39
3.76
4.13
4.50
4.90
5.27
5.64
6.01
6.41
6.78
7.16
7.55
7.93
8.31
8.71
9.09
9.47
9.86
10.24
10.62
11.01
11.39
11.77
12.17
12.55
12.93
13.31
13.68
14.07
14.47
14.86
15.23
15.62
16.01
16.37
16.74
17.14
17.53
17.91
18.30
18.69
19.08
19.47
19.85
20.22
20.60
20.99
21.36
21.75
22.13
22.52
22.93
23.34
23.73
24.13
24.50
24.88
25.25
25.63
26.01
26.39
26.77
27.16
27.54
27.92
28.33
28.72
29.11
29.49
29.87
30.26
30.63
31.02
31.39
31.78
32.16
32.55
32.93
33.30
33.67
34.06
34.45
34.83
35.22
35.62
36.00
36.39
36.76
37.14
37.55
37.92
38.30
38.68
39.06
39.43
39.80
40.19
40.57
40.96
41.34
41.75
42.14
42.54
42.95
43.33
43.69
44.07
44.47
44.85
45.23
45.63
46.00
46.37
46.74
47.11
47.48
47.87
48.25
48.65
49.11
49.59
50.06
50.55
51.05
51.54
52.02
52.50
52.99
53.45
53.93
54.40
54.89
55.40
55.91
56.42
56.89
57.38
57.86
58.28
58.70
59.09
59.49
59.88
60.30
60.74
61.16
61.58
62.00
62.40
62.80
63.19
63.60
64.02
64.41
64.82
65.22
65.62
65.99
66.36
66.75
67.11
67.49
67.88
68.27
68.74
69.20
69.65
70.08
70.51
70.96
71.38
71.82
72.26
72.68
73.12
