# Beats
0.55
1.10
1.66
2.23
2.79
3.33
3.87
4.42
4.86
5.31
5.75
6.18
6.62
7.06
7.51
7.94
8.39
8.84
9.28
9.73
10.19
10.65
11.10
11.58
12.02
12.43
12.88
13.31
13.73
14.16
14.57
14.97
15.37
15.79
16.23
16.66
17.08
17.52
17.91
18.32
18.70
19.09
19.48
19.89
20.28
20.69
21.04
21.36
21.72
22.08
22.42
22.77
23.12
23.46
23.82
24.20
24.56
24.89
25.23
25.57
25.91
26.25
26.62
27.02
27.36
27.70
28.05
28.40
28.75
29.09
29.44
29.84
30.23
30.63
31.03
31.49
31.93
32.39
32.82
33.27
33.74
34.23
34.69
35.14
35.61
36.10
36.57
37.02
37.45
37.92
38.37
38.80
39.24
39.69
40.14
40.58
41.02
41.45
41.89
42.34
42.77
43.20
43.62
44.05
44.50
44.91
45.30
45.71
46.16
46.60
47.06
47.50
47.88
48.27
48.67
49.10
49.52
49.95
50.33
50.75
51.18
51.59
52.01
52.43
