# Beats
0.43
0.86
1.30
1.76
2.18
2.64
3.12
3.65
4.13
4.60
5.09
5.57
6.06
6.57
7.08
7.64
8.22
8.80
9.33
9.87
10.41
11.02
11.56
12.05
12.56
13.05
13.54
14.05
14.56
15.05
15.51
16.00
16.51
16.99
17.48
17.97
18.46
18.95
19.35
19.81
20.25
20.69
21.15
21.57
21.98
22.43
22.85
23.27
23.73
24.22
24.68
25.14
25.47
25.84
26.23
26.55
26.94
27.31
27.65
28.03
28.42
28.80
29.19
29.56
29.95
30.33
30.70
31.09
31.49
31.88
32.25
32.65
33.04
33.41
33.81
34.18
34.55
34.97
35.34
35.74
36.13
36.50
36.90
37.22
37.52
37.86
38.15
38.48
38.78
39.10
39.45
39.78
40.19
40.61
41.01
41.42
41.91
42.41
42.85
43.33
43.79
44.23
44.72
45.23
45.70
46.28
46.81
47.37
48.03
48.67
49.30
49.92
50.57
51.25
51.90
52.59
53.27
53.95
54.64
