# Beats
0.64
1.28
1.92
2.54
3.18
3.82
4.45
5.02
5.58
6.15
6.71
7.27
7.81
8.36
8.90
9.44
9.97
10.52
11.06
11.61
12.13
12.65
13.19
13.70
14.20
14.71
15.22
15.72
16.21
16.70
17.18
17.67
18.15
18.63
19.12
19.59
20.05
20.51
20.92
21.33
21.73
22.15
22.66
23.17
23.68
24.17
24.66
25.14
25.62
26.11
26.60
27.09
27.57
28.06
28.56
29.06
29.56
30.05
30.53
31.02
31.50
31.97
32.45
32.93
33.40
33.88
34.35
34.83
35.31
35.78
36.26
36.73
37.20
37.66
38.14
38.61
39.07
39.53
39.98
40.45
40.93
41.40
41.87
42.33
42.79
43.26
43.73
