# Beats
0.45
0.93
1.40
1.88
2.35
2.81
3.27
3.74
4.20
4.67
5.13
5.61
6.07
6.54
7.00
7.48
7.94
8.42
8.89
9.37
9.85
10.32
10.79
11.25
11.71
12.18
12.65
13.13
13.60
14.06
14.52
14.99
15.45
15.91
16.37
16.83
17.30
17.76
18.23
18.69
19.16
19.62
20.09
20.56
21.03
21.49
21.95
22.42
22.88
23.35
23.81
24.28
24.74
25.21
25.68
26.15
26.61
27.07
27.54
28.00
28.48
28.96
29.42
29.88
30.35
30.81
31.27
31.73
32.19
32.66
33.13
33.61
34.08
34.54
35.00
35.47
35.93
36.40
36.86
37.33
37.79
38.25
38.72
39.18
39.65
40.11
40.58
41.04
41.51
41.97
42.43
42.90
43.37
43.84
44.29
44.76
45.22
45.69
46.15
46.61
47.08
47.54
48.01
48.47
48.95
49.40
49.86
50.33
50.81
51.27
51.73
52.20
52.66
53.13
53.59
54.06
54.52
54.98
55.45
55.91
56.38
56.84
57.31
57.77
58.24
58.70
59.16
59.63
60.08
60.55
61.01
61.47
61.94
62.40
62.87
63.33
63.81
64.27
64.74
65.21
65.68
66.15
66.62
67.08
67.55
68.01
68.46
68.93
69.39
69.86
70.32
70.79
71.26
71.74
72.20
72.67
73.13
73.60
74.06
74.54
75.00
75.46
75.93
76.39
76.86
77.32
77.79
78.25
78.72
79.18
79.64
80.11
80.57
81.04
81.49
81.95
82.41
82.87
83.34
83.79
84.25
84.72
85.18
85.65
86.11
86.58
87.04
87.50
87.97
88.43
88.90
89.36
89.84
90.30
90.77
91.23
91.70
92.16
92.62
93.10
93.58
94.04
94.51
94.97
95.43
95.90
96.36
96.83
97.29
97.74
98.21
98.67
99.14
99.60
100.07
100.54
101.02
101.48
101.94
102.40
102.86
103.33
103.79
104.26
104.72
105.19
105.65
106.12
106.58
107.04
107.51
107.97
108.44
108.90
109.37
109.83
110.29
110.77
111.24
111.70
112.16
112.63
113.09
113.57
114.04
114.52
115.00
115.47
115.96
116.45
116.94
117.42
117.91
118.40
118.89
119.37
119.86
120.35
120.83
121.30
121.78
122.24
122.71
123.18
123.67
124.16
124.64
125.13
125.61
126.08
126.58
127.07
127.55
128.01
128.48
128.94
129.40
129.88
130.36
130.81
131.26
131.73
132.19
132.67
133.14
133.63
134.05
134.46
134.86
135.27
135.67
136.08
136.49
136.89
137.31
137.72
138.12
138.53
138.95
139.35
139.76
140.17
140.59
141.00
141.42
141.83
142.23
142.64
143.05
143.45
143.86
144.25
144.65
