# Beats
0.57
1.15
1.72
2.30
2.88
3.41
3.95
4.49
5.04
5.57
6.05
6.54
7.00
7.45
7.89
8.34
8.78
9.28
9.78
10.26
10.81
11.35
11.90
12.45
12.99
13.53
14.07
14.61
15.23
15.86
16.50
17.14
17.77
18.41
19.05
19.56
20.06
20.57
21.07
21.57
22.08
22.58
23.08
23.58
24.09
24.60
25.26
25.91
26.56
27.27
27.98
28.70
29.41
30.10
30.81
31.52
32.23
32.94
33.65
34.38
35.11
35.84
36.57
37.30
38.03
38.77
39.50
40.24
40.96
41.68
42.41
43.14
43.87
44.61
45.34
46.07
46.80
47.52
48.20
48.89
49.55
50.22
50.86
51.50
52.19
52.88
53.57
54.25
54.94
55.64
56.34
57.00
57.67
58.25
58.82
59.39
59.95
60.51
61.07
61.61
62.17
62.74
63.30
63.85
64.41
64.97
65.53
66.08
66.64
67.21
67.78
68.34
68.81
69.29
69.78
70.24
70.70
71.16
71.61
72.07
72.54
72.93
73.32
73.70
74.07
74.45
74.83
75.21
75.58
75.96
76.35
76.73
77.13
77.53
77.94
78.34
78.79
79.25
79.70
80.16
80.64
81.14
81.64
82.14
82.64
83.14
83.63
84.10
84.57
85.05
