# Beats
0.55
1.09
1.64
2.18
2.72
3.23
3.73
4.24
4.76
5.27
5.78
6.29
6.82
7.31
7.84
8.35
8.87
9.39
9.91
10.44
10.96
11.47
11.98
12.50
13.03
13.55
14.07
14.58
15.09
15.60
16.13
16.64
17.15
17.66
18.17
18.68
19.20
19.73
20.25
20.76
21.27
21.78
22.30
22.83
23.36
23.92
24.46
25.02
25.53
26.04
26.55
27.05
27.56
28.06
28.57
29.07
29.57
30.08
30.58
31.09
31.61
32.14
32.66
33.17
33.67
34.17
34.69
35.21
35.75
36.27
36.79
37.30
37.81
38.32
38.85
39.37
39.90
40.48
41.08
41.68
42.30
42.91
43.53
44.14
44.74
45.35
45.96
46.58
