# Beats
0.59
1.20
1.81
2.41
3.04
3.67
4.30
4.92
5.55
6.18
6.82
7.53
8.27
9.01
9.75
10.48
11.23
11.98
12.74
13.49
14.23
14.98
15.72
16.46
17.21
17.94
18.66
19.38
20.10
20.82
21.54
22.26
22.96
23.68
24.39
25.10
25.82
26.53
27.25
27.98
28.71
29.44
30.17
30.91
31.63
32.33
33.08
33.83
34.55
35.27
35.99
36.71
37.42
38.14
38.85
39.57
40.28
40.98
41.68
42.39
43.14
43.90
44.66
45.44
46.29
47.14
47.97
48.81
49.64
50.48
51.33
52.20
53.07
53.84
54.60
55.30
55.99
56.67
57.35
58.05
58.75
59.44
60.13
60.81
61.50
62.18
62.84
63.51
64.05
64.60
65.16
65.69
66.23
66.77
67.30
67.84
68.38
68.92
69.45
69.98
70.52
71.04
71.55
72.06
72.57
73.07
73.57
74.07
74.59
75.12
75.63
76.13
76.61
77.13
77.60
78.12
78.63
79.12
79.62
