# Beats
0.39
0.75
1.13
1.50
1.87
2.24
2.61
2.98
3.36
3.73
4.10
4.48
4.86
5.25
5.63
6.01
6.40
6.78
7.17
7.57
7.96
8.35
8.73
9.10
9.49
9.86
10.24
10.62
11.01
11.39
11.77
12.14
12.53
12.90
13.27
13.65
14.04
14.43
14.81
15.22
15.63
16.04
16.45
16.87
17.29
17.69
18.07
18.44
18.81
19.18
19.54
19.90
20.26
20.62
20.97
21.33
21.69
22.05
22.41
22.77
23.13
23.49
23.85
24.22
24.59
24.96
25.31
25.66
26.01
26.34
26.68
27.02
27.35
27.70
28.04
28.39
28.73
29.08
29.43
29.77
30.12
30.46
30.81
31.25
31.70
32.14
32.58
33.09
33.60
34.18
34.76
35.34
35.92
36.50
37.08
37.66
38.24
38.82
39.40
40.00
40.59
41.17
41.77
42.38
42.97
43.63
44.29
44.95
45.63
46.29
46.95
47.61
48.27
48.92
49.61
50.29
50.99
51.69
52.41
53.13
53.86
54.58
55.31
56.04
56.78
57.52
58.11
58.70
59.30
59.90
60.49
61.02
61.56
62.09
62.61
63.12
63.63
64.16
64.68
65.20
65.77
66.34
66.90
67.47
68.05
68.63
69.21
69.79
70.36
70.94
71.56
72.18
72.81
73.42
74.05
