# Beats
0.44
0.89
1.35
1.79
2.23
2.67
3.12
3.58
4.03
4.48
4.93
5.39
5.84
6.29
6.75
7.20
7.65
8.10
8.57
9.07
9.57
10.07
10.70
11.34
12.05
12.76
13.47
14.18
14.92
15.67
16.38
17.10
17.82
18.54
19.25
19.97
20.69
21.41
22.13
22.86
23.59
24.32
25.05
25.79
26.52
27.25
27.98
28.71
29.43
30.14
30.85
31.46
32.08
32.68
33.15
33.62
34.10
34.48
34.86
35.25
35.64
36.04
36.43
36.83
37.22
37.62
38.01
38.41
38.80
39.20
39.59
39.97
40.36
40.75
41.15
41.54
41.88
42.21
42.55
42.89
43.24
43.58
43.92
44.26
44.59
44.93
45.27
45.62
45.96
46.30
46.64
46.99
47.33
47.67
