# Beats
0.31
0.68
1.06
1.43
1.80
2.16
2.53
2.91
3.29
3.65
4.02
4.39
4.76
5.12
5.49
5.86
6.33
6.79
7.26
7.76
8.25
8.74
9.24
9.74
10.23
10.72
11.20
11.70
12.19
12.68
13.17
13.57
14.00
14.42
14.83
15.19
15.55
15.91
16.28
16.64
17.00
17.36
17.72
18.10
18.46
18.82
19.19
19.63
20.07
20.51
20.96
21.39
21.80
22.22
22.65
23.07
23.48
23.88
24.29
24.71
25.14
25.55
25.98
26.41
26.92
27.43
27.95
28.54
29.13
29.71
30.31
30.93
31.52
32.11
32.71
33.30
33.89
34.44
34.98
35.53
36.07
36.62
37.15
37.67
38.20
38.77
39.32
39.89
40.44
40.99
41.55
42.11
42.67
43.22
43.77
44.32
44.85
45.37
45.91
46.45
46.99
47.52
48.04
48.56
49.12
49.68
50.24
50.76
51.27
51.78
52.28
52.77
53.27
53.74
54.22
54.71
55.18
55.66
56.13
56.61
57.10
57.57
58.07
58.56
59.06
59.66
60.27
60.87
61.45
62.03
62.61
63.20
63.79
64.45
65.11
