# Beats
0.68
1.37
2.05
2.73
3.39
4.02
4.66
5.28
5.90
6.51
7.13
7.76
8.38
9.01
9.62
10.24
10.87
11.49
12.13
12.76
13.37
14.00
14.63
15.27
15.89
16.52
17.16
17.79
18.44
19.09
19.76
20.43
21.11
21.78
22.44
23.10
23.77
24.43
25.08
25.72
26.34
26.92
27.50
28.10
28.72
29.35
29.98
30.60
31.24
31.87
32.50
33.11
33.73
34.34
34.98
35.67
36.33
36.99
37.64
38.29
38.94
39.59
40.22
40.86
41.49
42.12
42.75
43.37
44.00
44.63
45.24
45.87
46.49
47.11
47.75
48.39
49.03
49.64
50.27
50.89
51.51
52.14
52.77
53.39
54.02
54.65
55.28
55.89
56.52
57.14
57.77
58.37
58.99
59.62
60.24
60.86
61.47
62.11
62.75
63.39
64.03
64.66
65.27
65.90
66.51
67.13
67.76
68.38
69.00
69.61
70.22
70.82
71.46
72.10
72.72
73.35
73.99
74.62
75.23
75.87
76.50
77.14
77.75
78.38
78.99
79.62
80.24
80.85
81.46
82.08
82.70
83.34
83.96
84.60
85.24
85.89
86.55
87.24
87.86
88.49
89.11
89.71
90.31
90.92
91.52
92.13
92.74
93.36
94.01
94.66
95.29
95.93
96.57
97.20
97.83
98.44
99.06
99.67
100.29
100.91
101.54
102.17
102.79
103.42
104.05
104.69
105.31
105.94
106.57
107.18
107.79
108.40
109.02
109.63
110.26
110.90
111.54
112.18
112.81
113.45
114.09
114.71
115.33
115.96
116.59
117.21
117.83
118.43
119.06
119.68
120.29
120.91
121.51
122.15
122.79
123.43
124.06
124.71
125.38
126.04
126.73
127.42
128.10
128.79
129.38
129.97
130.58
131.17
131.77
132.38
