# Beats
0.49
0.95
1.43
1.90
2.39
2.88
3.44
3.98
4.50
5.03
5.55
6.07
6.58
7.11
7.63
8.17
8.71
9.17
9.64
10.09
10.57
11.04
11.51
11.98
12.45
12.92
13.37
13.84
14.30
14.77
15.22
15.67
16.13
16.56
17.00
17.43
17.88
18.34
18.81
19.27
19.76
20.25
20.75
21.25
21.75
22.29
22.84
23.36
23.89
24.45
25.01
25.48
25.96
26.44
26.91
27.38
27.85
28.36
28.83
29.28
29.74
30.21
30.70
31.16
31.60
32.06
32.51
32.95
33.37
33.79
34.23
34.67
35.11
35.54
35.99
36.42
36.87
37.31
37.74
38.17
38.61
39.07
39.53
39.97
40.40
40.84
41.26
41.73
42.20
42.68
43.15
43.63
44.09
44.56
45.04
45.49
45.93
46.38
46.85
47.30
47.75
48.23
48.69
49.16
49.62
50.09
50.55
51.03
51.50
51.98
52.43
52.88
53.34
53.80
54.27
54.73
55.21
55.67
56.13
56.56
57.00
57.45
57.89
58.33
58.77
59.21
59.65
60.08
60.51
60.94
61.37
61.79
62.22
62.66
63.09
63.51
63.97
64.42
64.88
65.34
65.77
66.20
66.62
67.04
67.45
67.87
68.29
68.72
69.15
69.57
69.98
70.40
70.83
71.26
71.69
72.12
72.54
72.96
73.39
73.83
74.33
74.81
75.30
75.79
76.29
76.77
77.24
77.74
78.23
78.72
