# Beats
0.38
0.79
1.18
1.58
1.96
2.36
2.75
3.13
3.53
3.91
4.30
4.70
5.10
5.48
5.87
6.27
6.65
7.05
7.44
7.84
8.23
8.63
9.03
9.43
9.82
10.23
10.63
11.04
11.45
11.85
12.26
12.68
13.08
13.49
13.90
14.30
14.71
15.12
15.52
15.93
16.34
16.74
17.16
17.58
18.00
18.41
18.83
19.33
19.82
20.32
20.84
21.36
21.90
22.43
22.95
23.49
24.10
24.72
25.33
25.96
26.59
27.17
27.75
28.34
28.93
29.51
30.08
30.66
31.25
31.83
32.42
33.02
33.62
34.32
35.02
35.69
36.35
37.01
37.67
38.34
38.92
39.50
40.09
40.69
41.30
41.88
42.46
43.04
43.56
44.08
44.61
45.13
45.65
46.17
46.71
47.24
47.76
48.30
48.83
49.35
49.88
50.39
50.91
51.43
51.95
52.47
52.98
53.49
54.01
54.53
55.08
55.62
56.17
56.71
57.25
57.78
58.31
58.83
59.35
59.87
60.38
60.91
61.42
61.93
62.45
62.97
63.49
64.03
64.56
65.10
65.60
66.10
66.59
67.06
67.52
68.00
68.53
69.07
69.59
70.11
70.64
71.16
71.69
72.23
72.77
73.31
73.84
74.34
74.84
75.34
75.86
76.38
76.90
77.43
77.95
78.46
78.98
79.49
80.02
80.54
81.06
81.58
82.11
82.63
83.15
83.59
84.03
84.47
84.86
85.24
85.62
86.01
86.38
86.76
87.14
87.52
87.89
88.26
88.64
89.01
