# Beats
0.59
1.09
1.60
2.10
2.61
3.12
3.62
4.13
4.62
5.12
5.62
6.11
6.58
7.07
7.57
8.07
8.57
9.00
9.43
9.87
10.31
10.66
11.03
11.40
11.77
12.14
12.49
12.85
13.21
13.56
13.91
14.26
14.62
14.98
15.35
15.73
16.10
16.45
16.81
17.16
17.51
17.86
18.23
18.59
18.94
19.30
19.64
19.97
20.31
20.64
20.98
21.32
21.65
21.99
22.33
22.66
22.99
23.32
23.66
24.00
24.32
24.66
24.98
25.32
25.66
25.98
26.33
26.67
27.00
27.34
27.68
28.00
28.35
28.70
29.02
29.35
29.68
30.01
30.36
30.70
31.03
31.36
31.67
32.00
32.32
32.65
32.97
33.31
33.65
33.99
34.48
34.97
35.46
35.93
36.42
36.90
37.37
37.86
38.34
38.85
39.36
39.87
40.37
40.88
41.38
41.96
42.53
43.10
43.68
44.26
44.92
45.58
46.24
46.92
47.60
48.27
48.95
49.61
50.27
50.94
51.59
52.24
52.92
53.59
54.27
54.94
55.61
56.27
56.94
57.61
58.28
58.96
59.63
60.29
60.95
61.63
62.29
62.95
63.62
64.28
64.93
65.49
66.06
66.64
67.22
67.80
68.37
68.94
69.52
70.08
70.61
71.17
71.73
72.30
72.85
73.40
73.94
74.49
75.07
75.63
76.18
76.77
77.32
77.84
78.41
78.97
79.51
80.06
80.64
81.19
81.75
82.31
82.87
83.44
84.01
84.57
85.12
85.66
86.22
86.77
87.32
87.86
88.42
88.99
89.56
90.14
90.71
91.28
91.85
92.39
92.96
93.52
94.09
94.67
95.23
95.78
96.34
97.08
97.80
98.52
99.24
99.96
100.68
101.40
102.14
102.86
103.60
104.33
105.05
105.76
106.49
107.23
107.97
108.72
109.44
110.16
110.88
111.62
112.34
113.07
113.80
114.52
115.24
115.96
116.68
117.40
118.13
118.87
119.58
120.30
120.89
121.48
122.07
122.61
123.18
123.73
124.27
124.83
125.39
125.90
126.46
127.00
127.52
128.08
128.62
129.16
129.71
130.24
130.80
131.33
131.88
132.42
132.98
133.51
134.10
134.65
135.19
135.74
136.30
136.84
137.37
137.93
138.48
139.03
139.58
140.11
140.65
141.20
141.73
142.29
142.85
143.39
143.94
144.47
145.03
145.57
146.10
146.65
147.19
147.75
148.29
148.84
149.40
149.94
150.51
151.07
151.61
152.16
152.72
153.26
153.81
154.37
154.92
155.48
156.03
156.57
157.11
157.66
158.21
158.75
159.31
159.86
160.42
160.95
161.49
162.05
162.62
163.17
163.72
164.26
164.82
165.35
165.91
166.49
167.02
167.58
168.14
168.68
169.23
169.80
170.34
170.90
171.43
171.97
172.52
173.06
173.62
174.17
174.73
175.26
175.81
176.38
176.91
177.47
178.03
178.56
179.10
179.65
180.19
180.74
181.28
181.84
182.37
182.93
183.47
184.02
184.55
185.10
185.64
186.20
186.76
187.28
187.83
188.37
188.92
189.47
190.03
190.59
191.12
191.68
192.21
192.75
193.31
193.84
194.40
194.79
195.21
195.62
196.02
196.37
196.70
197.04
197.39
197.73
198.09
198.43
198.76
199.11
199.45
199.80
200.14
200.48
200.81
201.15
201.49
201.83
202.18
202.50
202.83
203.17
203.52
203.86
204.20
204.54
204.88
205.22
205.57
205.91
206.25
206.60
206.96
207.31
207.66
208.00
208.35
208.68
209.03
209.37
209.71
210.05
210.40
210.76
211.13
211.49
211.82
212.18
212.54
212.90
213.26
213.62
213.97
214.32
214.67
215.02
215.37
215.71
216.06
216.41
216.76
217.09
217.43
217.76
218.08
218.43
218.76
219.09
219.43
219.77
220.13
220.47
220.81
221.15
221.50
221.84
222.19
222.54
222.88
223.21
223.55
223.89
224.24
224.57
224.91
225.26
225.59
225.94
226.28
226.63
226.98
227.30
227.65
227.99
228.33
228.67
229.01
229.34
229.69
230.03
230.39
230.73
231.07
231.42
231.77
232.10
232.43
232.78
233.13
233.45
233.80
234.15
234.50
234.85
235.19
235.54
235.88
236.22
236.56
236.91
237.25
237.61
237.96
238.28
238.63
238.98
239.32
239.65
239.98
240.31
240.65
241.00
241.34
241.67
242.01
242.35
242.69
243.04
243.39
243.75
244.10
244.44
244.80
245.13
245.48
245.83
246.18
246.50
246.85
247.18
247.52
247.87
248.22
248.57
248.92
249.27
249.60
249.94
250.29
250.62
250.98
251.33
251.68
252.03
252.39
252.73
253.07
253.42
253.77
254.10
254.47
254.84
255.21
255.58
255.94
256.30
256.67
257.06
257.44
