# Beats
0.57
1.15
1.73
2.31
2.89
3.47
4.05
4.67
5.28
5.90
6.55
7.19
7.84
8.50
9.16
9.82
10.47
11.12
11.77
12.42
13.08
13.76
14.43
15.10
15.78
16.37
16.96
17.55
18.16
18.76
19.37
19.96
20.55
21.10
21.65
22.21
22.66
23.10
23.55
23.99
24.42
24.85
25.27
25.70
26.13
26.58
27.02
27.46
27.91
28.40
28.89
29.37
29.86
30.35
30.82
31.30
31.78
32.25
32.74
33.24
33.74
34.18
34.60
35.00
35.41
35.78
36.14
36.50
36.86
37.22
37.59
37.95
38.31
38.68
39.04
39.42
39.79
40.19
40.61
41.03
41.44
41.84
42.26
42.68
43.18
43.68
44.16
44.68
45.19
45.69
46.22
46.75
47.29
47.82
48.37
48.90
49.40
49.89
50.39
50.87
51.36
51.86
52.45
53.05
53.64
54.23
54.82
55.43
56.03
56.65
57.26
57.88
58.49
59.12
59.73
60.36
60.93
61.49
62.04
62.60
63.15
63.70
64.26
64.82
65.38
65.93
66.49
67.04
67.57
68.10
68.65
69.20
69.73
70.25
70.79
71.32
71.88
72.42
73.00
73.58
74.18
74.81
75.45
76.09
76.73
77.36
78.00
78.63
79.27
