# Beats
0.34
0.68
1.02
1.39
1.76
2.16
2.54
2.97
3.40
3.83
4.26
4.68
5.10
5.51
5.93
6.37
6.80
7.23
7.69
8.13
8.57
9.02
9.47
9.93
10.38
10.84
11.31
11.77
12.26
12.75
13.24
13.71
14.19
14.68
15.15
15.63
16.09
16.57
17.03
17.50
17.95
18.39
18.83
19.27
19.73
20.20
20.67
21.13
21.58
22.05
22.52
22.99
23.46
23.94
24.42
24.89
25.36
25.81
26.27
26.73
27.18
27.63
28.07
28.51
28.97
29.42
29.88
30.35
30.81
31.29
31.76
32.24
32.74
33.24
33.73
34.24
34.76
35.28
35.81
36.33
36.85
37.36
37.86
38.37
38.84
39.31
39.79
40.26
40.73
41.19
41.66
42.11
42.56
