# Beats
0.48
0.99
1.51
2.02
2.52
3.02
3.52
4.03
4.55
5.06
5.56
6.04
6.51
6.98
7.45
7.94
8.43
8.90
9.38
9.87
10.37
10.87
11.35
11.83
12.33
12.81
13.31
13.75
14.18
14.61
15.03
15.45
15.88
16.31
16.74
17.16
17.59
18.03
18.48
18.92
19.40
19.88
20.34
20.81
21.27
21.72
22.19
22.64
23.10
23.56
23.99
24.42
24.85
25.26
25.68
26.10
26.52
26.95
27.38
27.79
28.22
28.65
29.08
29.51
29.95
30.39
30.84
31.28
31.71
32.12
32.55
33.04
33.55
34.18
34.80
35.41
36.03
36.64
37.24
37.85
38.45
39.07
39.66
40.26
40.88
41.46
42.05
42.66
43.28
43.90
44.51
45.16
45.81
46.37
46.94
47.51
48.11
48.69
49.23
49.76
50.29
50.84
51.36
51.90
52.42
52.94
53.45
53.96
54.47
54.98
55.52
56.03
56.55
57.07
57.60
58.12
58.62
59.14
59.68
60.21
60.72
61.23
61.74
62.26
62.80
63.32
63.85
64.38
64.88
65.40
65.92
66.44
66.98
67.52
68.07
68.61
69.15
69.68
70.15
70.61
71.08
71.53
72.01
72.47
72.95
73.42
73.90
74.40
74.87
75.35
75.82
76.31
76.80
77.28
77.76
78.25
78.74
79.10
79.46
79.81
80.17
80.52
80.88
81.25
81.59
81.94
82.31
82.66
83.01
83.39
83.77
84.15
84.54
84.97
85.41
85.84
86.26
86.67
87.09
87.49
87.90
88.31
88.70
89.09
89.56
90.05
90.52
91.15
91.79
92.42
93.04
93.68
94.30
94.92
95.48
96.04
96.60
97.16
97.73
98.27
98.78
99.33
99.85
100.36
100.87
101.29
101.70
102.12
102.66
103.19
103.72
104.25
104.77
105.28
105.80
106.34
106.85
107.37
107.87
108.39
108.90
109.41
109.92
110.46
110.99
111.51
112.02
112.55
113.05
113.57
114.09
114.59
115.10
115.60
116.10
116.59
117.10
117.61
118.12
118.63
119.14
119.63
120.12
120.63
121.14
121.67
122.21
122.73
123.23
123.74
124.25
124.76
125.27
125.79
126.30
126.94
127.57
128.08
128.57
129.06
129.56
130.05
130.55
131.03
131.49
131.95
132.40
132.84
133.29
133.75
134.21
134.66
