# Beats
0.53
1.08
1.63
2.16
2.69
3.23
3.76
4.30
4.83
5.36
5.90
6.43
6.98
7.51
8.06
8.59
9.14
9.68
10.23
10.76
11.30
11.84
12.39
12.92
13.47
14.00
14.54
15.07
15.62
16.16
16.71
17.25
17.80
18.31
18.83
19.38
19.92
20.48
21.03
21.56
22.09
22.63
23.16
23.70
24.23
24.76
25.30
25.83
26.37
26.90
27.45
27.99
28.54
29.09
29.65
30.19
30.73
31.28
31.82
32.37
32.90
33.43
33.97
34.52
35.06
35.61
36.15
36.69
37.22
37.77
38.31
38.85
39.38
39.92
40.46
41.02
41.56
42.12
42.67
43.20
43.75
44.28
44.80
45.34
45.87
46.42
46.95
47.48
48.02
48.55
49.10
49.64
50.19
50.74
51.28
51.83
52.37
52.91
53.45
54.00
54.54
55.08
55.61
56.15
56.67
57.20
57.74
58.29
58.85
59.41
59.91
60.41
60.89
61.39
61.89
62.39
62.88
63.38
63.88
64.34
64.81
65.27
65.76
66.25
66.73
67.16
67.58
68.01
68.45
68.89
69.32
69.74
70.18
70.64
71.08
71.51
71.95
72.39
