# Beats
0.50
1.01
1.52
1.97
2.44
2.88
3.32
3.76
4.18
4.57
5.02
5.46
5.90
6.32
6.73
7.15
7.56
7.94
8.36
8.78
9.20
9.57
9.98
10.38
10.77
11.19
11.60
11.98
12.36
12.75
13.14
13.57
13.96
14.37
14.78
15.21
15.63
16.04
16.44
16.86
17.28
17.67
18.10
18.55
18.98
19.44
19.88
20.32
20.83
21.32
21.83
22.36
22.87
23.36
23.96
24.57
25.16
25.84
26.52
27.14
27.75
28.33
28.96
29.58
30.19
30.81
31.45
32.04
32.62
33.23
33.85
34.35
34.85
35.35
36.01
36.64
37.22
37.80
38.38
38.94
39.54
40.17
40.80
41.42
42.04
42.70
43.37
44.03
44.65
45.26
45.86
46.51
47.18
47.79
48.37
48.95
49.57
50.18
50.78
51.42
52.15
52.85
53.56
54.24
54.93
55.59
56.26
56.91
57.56
58.20
58.89
59.54
60.16
60.79
61.43
62.04
62.65
63.27
63.87
64.37
64.90
65.42
65.94
66.48
66.98
67.45
67.96
68.45
68.96
69.46
69.93
70.40
70.87
71.33
71.80
72.24
72.71
73.19
73.70
74.21
74.75
75.26
75.79
76.32
76.87
77.44
78.00
78.58
79.13
79.70
80.25
80.83
81.39
81.92
82.48
83.07
83.55
84.03
84.49
85.01
85.51
86.05
86.60
87.12
87.79
88.44
89.21
89.99
90.76
91.49
92.22
92.95
93.69
94.47
95.25
96.01
96.73
97.50
98.27
99.06
99.87
100.59
101.36
102.12
102.89
103.65
104.43
105.21
105.99
106.81
107.55
108.27
108.99
109.73
110.46
