# Beats
0.44
0.89
1.36
1.82
2.29
2.74
3.22
3.68
4.14
4.63
5.11
5.58
6.06
6.52
7.00
7.48
7.95
8.43
8.90
9.43
9.95
10.53
11.11
11.68
12.25
12.83
13.37
13.92
14.47
15.01
15.56
16.10
16.65
17.19
17.75
18.20
18.65
19.09
19.47
19.84
20.21
20.58
20.96
21.33
21.71
22.08
22.45
22.83
23.20
23.58
23.97
24.36
24.75
25.14
25.53
25.94
26.34
26.75
27.16
27.54
27.92
28.31
28.69
29.07
29.44
29.81
30.20
30.58
30.96
31.35
31.72
32.10
32.47
32.84
33.23
33.61
33.99
34.38
34.75
35.12
35.50
35.87
36.27
36.65
37.04
37.42
37.80
38.17
38.56
38.93
39.30
39.67
40.04
40.41
40.79
41.16
41.53
41.89
42.26
42.63
43.00
43.37
43.75
44.12
44.50
44.88
45.27
45.65
46.03
46.42
46.81
47.19
47.58
47.96
48.34
48.73
49.10
49.48
49.86
50.24
50.62
51.00
51.39
51.77
52.15
52.54
52.92
53.30
53.68
54.07
54.45
54.83
55.23
55.62
56.01
56.39
56.77
57.16
57.54
57.91
58.29
58.69
59.07
59.47
59.87
60.28
60.69
61.10
61.52
61.94
62.35
62.68
63.03
63.38
63.72
64.05
64.39
64.71
65.05
65.38
65.76
66.14
66.53
66.92
67.31
67.69
68.06
68.43
68.80
69.18
69.56
69.94
70.31
70.69
71.08
71.45
71.82
72.20
72.57
72.95
73.32
73.70
74.08
74.47
74.86
75.26
75.65
76.02
76.39
76.77
77.13
77.48
77.83
78.19
78.55
78.91
79.27
79.63
79.99
80.40
80.82
81.24
81.65
82.07
82.49
82.92
83.32
83.73
84.15
84.57
84.99
85.40
85.81
86.20
86.59
86.97
87.35
87.74
88.12
88.50
88.90
89.30
89.71
90.12
90.52
90.92
91.31
91.71
92.11
92.51
92.90
93.30
93.68
94.06
94.45
94.83
95.21
95.60
95.97
96.35
96.73
97.12
97.50
97.87
98.24
98.62
99.00
99.38
99.76
100.15
100.53
100.93
101.30
101.68
102.06
102.45
102.83
103.20
103.58
103.97
104.35
104.72
105.09
105.47
105.85
106.22
106.59
106.95
107.31
107.68
108.07
108.45
108.83
109.22
109.59
109.96
110.34
110.71
111.08
111.46
111.83
112.20
112.57
112.94
113.31
113.68
114.06
114.44
114.83
115.23
115.64
116.04
116.45
116.85
117.27
117.76
118.25
118.74
119.14
119.55
119.97
120.37
120.78
121.18
121.57
121.96
122.37
122.76
123.17
123.58
123.97
124.38
124.78
125.18
125.57
125.97
126.37
126.78
127.19
127.59
128.01
128.41
128.80
129.20
129.59
129.99
130.37
130.76
131.22
131.67
132.12
132.53
132.93
133.35
133.75
134.12
134.49
134.85
135.22
135.59
135.98
136.36
136.74
137.10
137.47
137.83
138.19
138.58
138.95
139.33
139.77
140.23
140.68
141.14
141.60
142.06
142.52
142.93
143.35
143.75
144.16
144.57
144.96
145.36
145.81
146.27
146.74
147.21
147.69
148.17
148.61
149.04
149.47
149.90
150.28
150.66
151.05
151.44
151.82
152.22
152.60
152.98
153.37
153.75
154.13
154.52
154.90
155.28
155.69
156.10
156.49
156.89
157.28
157.66
158.05
158.44
158.84
159.28
159.73
160.17
160.73
161.30
161.87
162.49
163.12
163.74
164.35
164.95
165.57
166.17
166.77
167.36
167.93
168.46
169.01
169.54
170.09
170.64
171.14
171.63
172.13
172.64
173.14
173.65
174.14
174.63
175.11
175.53
175.95
176.37
176.79
177.18
177.56
177.95
178.32
178.69
179.07
179.46
179.84
180.22
180.60
181.01
181.41
181.81
182.21
182.62
183.03
183.44
183.83
184.23
184.61
184.99
185.38
185.76
186.14
186.53
186.91
187.30
187.70
188.09
188.49
188.89
189.29
189.68
190.09
190.50
190.89
191.27
191.67
192.08
192.47
192.86
193.31
193.74
194.18
194.62
195.01
195.41
195.80
196.20
196.59
196.99
197.37
197.75
198.14
198.51
198.89
199.27
199.65
200.03
200.40
200.78
201.17
201.55
201.93
202.30
202.68
203.06
203.44
203.82
204.21
204.58
204.96
205.35
205.73
206.11
206.50
206.88
207.26
207.64
208.04
208.41
208.79
209.17
209.54
209.92
210.30
210.69
211.07
211.45
211.82
212.21
212.57
212.94
213.31
213.67
214.04
214.41
214.78
215.16
215.54
215.91
216.28
216.65
217.01
217.39
217.76
218.14
218.53
218.94
219.35
219.75
220.19
220.64
221.08
221.55
222.04
222.52
223.02
223.52
224.00
224.50
225.00
225.50
226.00
226.50
227.00
227.49
227.97
228.46
228.94
229.42
229.91
230.34
230.75
231.17
231.58
231.98
232.37
232.77
233.16
233.56
233.93
234.31
234.70
235.07
235.44
235.82
236.20
236.59
236.98
237.37
237.75
238.14
238.54
238.94
239.33
239.71
240.09
240.49
240.98
241.46
241.95
242.44
242.93
243.41
243.90
244.39
244.89
245.38
245.86
246.35
246.96
247.56
248.15
248.76
249.36
249.95
250.54
251.15
251.74
252.34
252.85
253.38
253.89
254.44
255.00
255.57
256.08
256.59
257.10
257.61
258.12
258.65
259.16
