# Beats
0.67
1.25
1.83
2.39
2.96
3.66
4.37
5.06
5.75
6.43
7.12
7.81
8.50
9.18
9.87
10.54
11.22
11.88
12.48
13.07
13.65
14.26
14.84
15.38
15.94
16.49
17.03
17.59
18.08
18.58
19.09
19.61
20.12
20.62
21.12
21.62
22.13
22.66
23.17
23.68
24.22
24.73
25.29
25.83
26.38
26.91
27.45
28.00
28.55
29.09
29.63
30.16
30.71
31.25
31.82
32.40
32.95
33.49
34.04
34.59
35.13
35.67
36.20
36.73
37.23
37.71
38.20
38.68
39.20
39.68
40.18
40.68
41.19
41.70
42.24
42.76
43.33
43.86
44.40
44.92
45.44
45.95
46.51
47.07
47.74
48.41
49.08
49.74
50.40
51.08
51.76
52.44
53.13
