# Beats
0.37
0.73
1.07
1.39
1.72
2.04
2.37
2.69
3.01
3.32
3.63
3.95
4.27
4.60
4.92
5.25
5.58
5.92
6.26
6.59
6.93
7.27
7.59
7.93
8.27
8.60
8.94
9.29
9.62
9.95
10.27
10.59
10.91
11.23
11.54
11.87
12.19
12.52
12.84
13.18
13.50
13.83
14.18
14.50
14.84
15.16
15.49
15.81
16.14
16.46
16.79
17.11
17.43
17.75
18.07
18.38
18.69
19.02
19.34
19.67
19.99
20.32
20.64
21.01
21.39
21.75
22.12
22.49
22.86
23.23
23.59
23.96
24.32
24.69
25.07
25.44
25.81
26.17
26.53
26.90
27.27
27.63
28.00
28.37
28.75
29.13
29.51
29.94
30.37
30.80
31.23
31.66
32.08
32.50
32.91
33.33
33.75
34.18
34.60
35.02
35.43
35.84
36.25
36.66
37.08
37.50
37.92
38.34
38.75
39.18
39.61
40.04
40.48
40.93
41.37
41.81
42.25
42.69
43.13
43.58
44.04
44.49
44.94
45.40
45.86
46.25
46.66
47.06
47.45
47.82
48.20
48.59
48.96
49.33
49.70
50.06
50.43
50.82
51.20
51.58
51.98
52.38
52.78
53.16
53.50
53.81
54.15
54.49
54.82
55.15
55.47
55.80
56.13
56.46
56.80
57.13
57.47
57.81
58.13
58.47
58.80
59.14
59.50
59.86
60.22
60.57
60.93
61.28
61.63
61.97
62.32
62.67
63.03
63.39
63.75
64.11
64.47
64.82
65.17
65.56
65.96
66.35
66.75
67.14
67.54
67.94
68.35
68.73
69.11
69.50
69.87
70.24
70.61
70.98
71.35
71.73
72.10
72.48
72.95
73.41
73.89
74.36
74.85
75.33
75.80
76.27
76.72
77.17
77.64
78.10
78.56
79.03
79.49
79.96
80.43
80.90
81.37
81.84
82.31
82.79
83.27
83.73
84.20
84.66
85.12
85.59
86.05
86.53
86.99
87.46
87.92
88.40
88.87
89.34
89.81
90.29
90.77
91.23
91.70
92.16
92.62
93.09
93.55
94.02
94.49
94.97
95.45
95.92
96.40
96.86
97.33
97.79
98.27
98.73
99.20
99.66
100.12
100.59
101.06
101.54
102.02
102.49
102.97
103.44
103.92
104.54
105.15
105.77
106.38
106.99
107.61
108.23
108.86
109.48
110.11
110.74
111.35
111.98
112.61
113.23
113.85
114.47
115.10
115.73
116.34
116.97
117.60
118.22
118.85
119.48
120.11
120.72
121.35
121.97
122.59
123.21
123.83
124.47
125.10
125.72
126.35
126.98
127.59
128.22
128.85
129.47
130.10
130.73
131.34
131.97
132.60
133.21
133.84
134.47
135.09
135.72
136.35
136.96
137.59
138.22
138.84
139.46
140.09
140.71
141.34
141.97
142.59
143.22
143.85
144.47
145.10
145.73
146.34
146.97
147.60
148.24
148.86
149.49
150.11
150.73
151.36
151.99
152.61
153.24
153.87
154.48
155.10
155.72
156.35
156.98
157.61
158.23
158.86
159.47
160.10
160.57
161.04
161.51
161.97
162.45
162.92
163.39
163.85
164.32
164.79
165.27
165.73
166.20
166.66
167.13
167.60
168.08
168.54
169.02
169.49
169.97
170.43
170.90
171.37
171.85
172.32
172.79
173.27
173.74
174.21
174.67
175.15
175.64
176.12
176.62
177.11
177.60
178.07
178.56
179.04
179.51
180.00
180.49
180.98
181.46
181.96
182.46
182.94
183.44
183.94
184.44
184.92
185.41
185.89
186.36
186.84
187.33
187.81
188.30
188.79
189.28
189.75
190.23
190.72
191.19
191.68
192.16
192.62
193.10
193.56
194.03
194.48
194.94
195.41
195.87
196.35
196.82
197.29
197.76
198.23
198.70
199.17
199.65
200.11
200.59
201.05
201.51
201.98
202.45
202.92
203.38
203.85
204.32
204.79
205.25
205.73
206.20
206.67
207.15
207.62
208.06
208.53
208.98
209.44
209.89
210.34
210.80
211.26
211.72
212.18
212.61
213.04
213.47
213.90
214.33
214.77
215.21
