# Beats
0.48
0.96
1.45
1.95
2.44
2.94
3.44
3.94
4.44
4.93
5.43
5.96
6.48
6.99
7.50
8.01
8.52
9.03
9.53
10.03
10.54
11.05
11.56
12.07
12.59
13.10
13.60
14.09
14.59
15.12
15.64
16.16
16.72
17.29
17.87
18.44
19.01
19.57
20.15
20.74
21.32
21.90
22.45
23.01
23.58
24.21
24.83
25.46
26.09
26.70
27.31
27.91
28.50
29.11
29.71
30.34
30.95
31.58
32.22
32.84
33.48
34.11
34.75
35.39
35.97
36.55
37.13
37.70
38.27
38.84
39.40
39.97
40.53
41.09
41.63
42.18
42.72
43.27
43.83
44.37
44.92
45.46
46.01
46.56
47.10
47.67
48.25
48.83
49.39
49.96
50.55
51.14
51.73
52.34
52.94
53.55
54.15
54.75
55.37
55.98
56.59
57.20
57.81
58.46
59.11
59.72
60.34
60.96
61.58
62.21
