# Beats
0.38
0.77
1.15
1.53
1.93
2.32
2.72
3.10
3.51
3.91
4.31
4.69
5.09
5.47
5.86
6.26
6.64
7.04
7.43
7.81
8.20
8.61
9.08
9.54
10.01
10.43
10.84
11.27
11.69
12.12
12.54
12.96
13.37
13.79
14.21
14.63
15.05
15.46
15.88
16.30
16.78
17.28
17.76
18.33
18.90
19.48
20.04
20.60
21.15
21.71
22.27
22.83
23.38
23.92
24.47
25.02
25.52
26.01
26.49
26.99
27.49
27.99
28.49
28.99
29.49
29.98
30.46
30.96
31.49
32.00
32.51
33.02
33.54
34.04
34.55
35.06
35.57
36.06
36.55
37.15
37.74
38.34
38.82
39.31
39.80
40.29
40.75
41.22
41.69
42.19
42.69
43.19
43.70
44.19
44.70
45.22
45.74
46.35
46.95
47.54
48.27
48.99
49.71
50.43
51.14
51.87
52.59
53.31
54.01
54.69
55.32
55.96
56.61
57.26
57.91
58.51
59.12
59.71
60.28
60.86
61.44
62.02
62.60
63.18
63.76
64.34
64.93
