# Beats
0.49
0.98
1.47
1.97
2.47
2.97
3.48
3.98
4.48
4.98
5.50
6.01
6.52
7.04
7.53
8.03
8.53
9.03
9.53
10.03
10.54
11.05
11.55
12.05
12.56
13.07
13.58
14.09
14.61
15.12
15.63
16.14
16.65
17.15
17.65
18.15
18.65
19.16
19.64
20.15
20.67
21.19
21.70
22.21
22.71
23.22
23.72
24.23
24.73
25.24
25.74
26.24
26.75
27.26
27.77
28.28
28.79
29.30
29.81
30.33
30.82
31.34
31.85
32.36
32.86
33.37
33.89
34.41
34.92
35.43
35.94
36.46
36.97
37.48
38.00
38.52
39.03
39.54
40.05
40.57
41.06
41.56
42.07
42.59
43.10
43.61
44.12
44.62
45.12
45.63
46.14
46.65
47.15
47.65
48.15
48.66
49.20
49.75
50.29
50.84
51.39
51.93
52.51
