# Beats
0.42
0.91
1.40
1.90
2.39
2.90
3.44
3.97
4.46
4.92
5.41
5.90
6.36
6.82
7.26
7.71
8.17
8.63
9.09
9.54
9.98
10.43
10.87
11.32
11.77
12.24
12.70
13.17
13.62
14.07
14.54
14.99
15.46
15.93
16.36
16.79
17.19
17.60
18.02
18.44
18.85
19.27
19.69
20.12
20.55
20.99
21.41
21.83
22.24
22.71
23.15
23.58
24.10
24.61
25.12
25.65
26.16
26.66
27.16
27.65
28.15
28.68
29.19
29.72
30.24
30.77
31.35
31.92
32.48
33.07
33.67
34.35
35.02
35.69
36.37
37.06
37.73
38.39
39.06
39.71
40.36
41.02
41.70
42.38
43.06
43.61
44.15
44.65
45.16
45.67
46.21
46.72
47.23
47.75
48.25
48.76
49.27
49.78
50.29
50.81
51.32
51.84
52.36
52.87
53.36
53.87
54.38
54.88
55.40
55.91
56.41
56.90
57.41
57.91
58.42
58.91
59.43
59.93
60.44
60.94
61.44
61.95
62.47
62.97
63.49
64.02
64.53
65.02
65.53
66.01
66.50
67.01
67.55
68.06
68.59
69.10
69.59
70.08
70.59
71.10
71.59
72.10
72.61
73.12
73.61
74.12
74.62
75.13
75.63
76.15
76.67
77.21
