# Beats
0.53
1.08
1.63
2.16
2.69
3.25
3.80
4.33
4.86
5.41
5.93
6.56
7.16
7.73
8.30
8.87
9.43
10.02
10.59
11.15
11.71
12.28
12.84
13.40
13.96
14.50
15.05
15.60
16.16
16.72
17.28
17.82
18.34
18.85
19.37
19.88
20.39
20.96
21.52
22.08
22.64
23.22
23.84
24.45
25.05
25.68
26.31
26.94
27.54
28.14
28.76
29.40
29.99
30.59
31.18
31.72
32.26
32.76
33.30
33.81
34.27
34.74
35.20
35.69
36.17
36.64
37.13
37.52
37.92
38.31
38.68
39.07
39.45
39.83
40.19
40.59
40.96
41.33
41.70
42.09
42.48
42.86
43.26
43.65
44.03
44.38
44.76
45.14
45.53
45.94
46.39
46.83
47.26
47.69
48.12
48.54
48.95
49.37
49.78
50.18
50.65
51.15
51.66
52.15
52.66
53.19
53.71
54.22
54.73
55.18
55.64
56.09
56.53
56.97
57.42
57.86
58.31
58.75
59.16
59.65
60.16
60.67
61.18
61.71
62.23
62.74
63.25
63.77
64.30
64.83
65.45
66.06
66.69
67.31
67.93
68.55
69.16
69.78
70.43
71.08
71.69
72.31
72.93
73.56
74.18
74.78
75.37
75.98
76.58
77.19
77.79
78.39
78.99
79.61
80.22
80.85
81.50
82.18
82.83
83.50
84.15
84.79
85.45
