# Beats
0.49
1.00
1.50
2.00
2.50
3.02
3.54
4.06
4.59
5.11
5.63
6.20
6.77
7.34
7.93
8.51
9.10
9.71
10.31
10.86
11.40
11.94
12.47
13.00
13.51
14.02
14.54
15.05
15.56
16.08
16.61
17.15
17.68
18.17
18.67
19.17
19.67
20.17
20.68
21.14
21.62
22.08
22.47
22.85
23.24
23.64
24.02
24.40
24.79
25.17
25.60
26.03
26.46
26.88
27.28
27.70
28.12
28.53
28.93
29.35
29.76
30.15
30.53
30.92
31.30
31.67
32.04
32.42
32.86
33.30
33.75
34.21
34.67
35.12
35.57
36.04
36.51
36.99
37.49
37.99
38.49
38.96
39.45
39.94
40.43
40.91
41.40
41.89
42.38
42.85
43.33
43.80
44.29
44.77
45.24
45.71
46.18
46.66
47.14
47.60
48.07
48.53
48.99
49.47
49.95
50.42
50.90
51.37
51.85
52.33
52.81
53.30
53.81
54.32
54.83
55.33
55.83
56.33
56.82
57.31
57.79
58.28
58.77
59.26
59.73
60.21
60.69
61.16
61.64
62.11
62.59
63.08
63.56
64.04
64.52
64.99
65.55
66.11
66.66
67.21
67.76
68.30
68.85
69.40
69.98
70.57
71.15
71.70
72.26
72.81
73.29
73.78
74.27
74.69
75.09
75.51
75.93
76.36
76.79
77.22
77.60
77.98
78.37
78.76
79.16
79.54
79.92
80.31
80.69
81.07
81.44
81.80
82.16
82.52
82.88
83.24
83.60
83.97
84.33
84.69
85.05
85.41
85.77
86.13
86.49
86.85
87.21
87.57
87.93
88.31
88.69
89.07
89.48
89.88
90.29
90.66
91.05
91.42
91.79
92.23
92.67
93.12
93.62
94.11
94.60
95.09
95.56
96.04
96.51
97.01
97.51
98.01
98.41
98.80
99.20
99.61
100.03
100.45
100.87
101.29
101.70
102.12
102.54
102.97
103.39
103.80
104.22
104.64
105.06
105.49
105.88
106.29
106.70
107.10
107.51
107.91
108.32
108.73
109.13
109.54
109.95
110.34
110.74
111.13
111.60
112.06
112.52
113.06
113.59
114.13
114.75
115.39
116.01
116.62
117.24
117.85
118.47
119.07
119.68
120.37
121.06
121.73
122.49
123.24
123.98
124.73
125.48
126.24
126.99
127.74
128.50
129.27
130.07
130.84
131.63
132.42
133.21
134.00
134.79
135.49
136.19
136.87
137.56
138.25
138.95
139.64
140.21
140.78
141.34
141.90
142.45
143.01
143.57
144.13
144.66
145.19
145.71
146.22
146.73
147.12
147.52
147.91
148.31
148.69
149.07
149.46
149.84
150.22
150.60
151.00
151.38
151.77
152.15
152.53
152.92
153.30
153.68
154.08
154.47
154.83
155.20
155.57
155.93
156.29
156.65
157.01
157.37
157.73
158.09
158.45
158.80
159.15
159.51
159.87
160.23
160.61
161.01
161.40
161.80
162.19
162.59
162.97
163.35
163.74
164.12
164.50
164.88
165.26
165.64
166.02
166.41
166.78
167.16
167.53
167.90
168.28
168.65
169.03
169.40
169.80
170.19
170.59
171.03
171.46
171.87
172.30
172.72
173.14
173.56
173.98
174.41
174.82
175.24
175.66
176.09
176.51
176.99
177.47
177.95
178.42
178.90
179.37
179.85
180.34
180.83
181.30
181.78
182.25
182.73
183.21
183.68
184.16
184.63
185.11
185.60
186.06
186.54
187.00
187.51
188.02
188.53
189.02
189.51
190.01
190.46
190.93
191.38
191.82
192.27
192.73
193.18
193.56
193.94
194.33
194.72
195.12
195.51
195.91
196.30
196.68
197.06
197.44
197.82
198.21
198.61
199.00
199.39
199.77
200.14
200.53
200.92
201.32
201.71
202.18
202.64
203.12
203.58
204.05
204.52
204.99
205.45
205.91
206.38
206.84
207.31
207.77
208.17
208.56
208.96
209.35
209.73
210.12
210.49
210.86
211.23
211.60
211.99
212.37
212.74
213.11
213.48
213.86
214.23
214.60
214.98
215.37
215.75
216.13
216.51
216.90
217.28
217.66
218.05
218.43
218.80
219.17
219.54
219.92
220.29
220.66
221.03
221.40
221.77
222.15
222.52
222.89
223.24
223.60
223.96
224.32
224.68
225.04
225.38
225.73
226.09
226.45
226.81
227.17
227.54
227.92
228.29
228.66
229.02
229.38
229.74
230.10
230.46
230.81
231.15
231.50
231.86
232.22
232.58
232.94
233.30
233.65
233.99
234.34
234.80
235.25
235.71
236.16
236.62
237.09
237.55
