# Beats
0.55
1.06
1.54
2.03
2.53
2.97
3.41
3.84
4.28
4.81
5.33
5.85
6.37
6.90
7.41
7.94
8.46
8.97
9.50
10.03
10.57
11.08
11.60
12.12
12.65
13.17
13.64
14.12
14.59
15.07
15.55
16.03
16.51
16.97
17.46
17.90
18.34
18.78
19.24
19.62
20.02
20.41
20.81
21.20
21.59
21.97
22.41
22.85
23.30
23.75
24.16
24.57
24.98
25.45
25.91
26.38
26.85
27.33
27.79
28.24
28.68
29.12
29.56
30.00
30.46
30.91
31.45
32.00
32.54
33.09
33.65
34.20
34.76
35.32
35.85
36.36
36.88
37.41
37.94
38.48
39.02
39.54
40.09
40.66
41.22
41.76
42.32
42.86
43.42
43.98
44.54
45.09
45.66
46.23
46.79
47.37
47.95
48.53
49.10
49.67
50.22
50.79
51.37
51.95
52.48
53.01
53.52
54.04
54.58
55.10
55.64
56.16
56.66
57.17
57.68
58.12
58.56
59.00
59.43
59.85
60.28
60.70
61.13
61.56
61.97
62.39
62.81
63.23
63.65
64.05
64.46
64.85
65.25
65.62
66.01
66.42
66.82
67.20
67.59
67.99
68.46
68.94
69.40
69.88
70.36
70.82
71.29
71.74
72.21
72.68
73.15
73.62
74.07
74.52
74.98
75.44
75.88
76.34
76.77
77.19
77.55
77.91
78.27
78.65
79.04
79.45
79.85
80.26
80.64
81.03
81.41
81.79
82.18
82.55
82.92
83.29
83.65
84.02
84.38
84.74
85.10
85.47
85.84
86.22
86.59
86.96
87.33
87.75
88.18
88.61
89.03
89.43
89.85
90.27
90.67
91.07
91.45
91.86
92.24
92.62
93.00
93.39
93.82
94.25
94.68
95.10
95.55
95.99
96.43
96.87
97.34
97.80
98.19
98.57
98.95
99.33
99.73
100.10
100.48
100.88
101.26
101.66
102.03
102.40
102.75
103.10
103.46
103.82
104.20
104.58
104.95
105.35
105.81
106.27
106.72
107.13
107.55
107.96
108.38
108.79
109.20
109.62
110.03
110.46
110.89
111.30
111.78
112.25
112.70
113.17
113.65
114.13
114.59
115.05
115.52
115.98
116.45
116.91
117.38
117.82
118.26
118.71
119.16
119.61
120.05
120.43
120.81
121.20
121.58
121.96
122.33
122.72
123.09
123.46
123.86
124.25
124.66
125.06
125.46
125.83
126.21
126.56
126.92
127.27
127.63
127.99
128.36
128.71
129.07
129.44
129.80
130.17
130.54
130.91
131.27
131.65
132.01
132.38
132.75
133.13
133.50
133.86
134.21
134.57
134.94
135.31
135.67
136.05
136.42
136.81
137.20
137.58
137.97
138.39
138.82
139.25
139.69
140.14
140.61
141.06
141.49
141.94
142.40
142.85
143.29
143.74
144.20
144.65
145.10
145.55
146.01
146.47
146.94
147.27
147.62
147.96
148.31
148.67
149.04
149.40
149.77
150.12
150.48
150.84
151.20
151.58
151.94
152.30
152.67
153.08
153.48
153.90
154.32
154.74
155.14
155.55
155.97
156.39
156.78
157.19
157.61
158.01
158.42
158.82
159.27
159.71
160.16
160.61
161.05
161.49
161.94
162.38
162.82
163.26
163.70
164.14
164.58
165.05
165.51
165.95
166.42
166.95
167.47
168.02
168.58
169.13
169.70
170.27
170.83
171.39
171.94
172.45
172.97
173.45
173.99
174.51
175.03
175.53
176.02
176.51
177.01
177.49
177.98
178.49
178.98
179.47
179.95
180.45
180.98
181.55
182.11
182.67
183.14
183.62
184.10
184.58
185.06
185.53
185.99
186.44
186.93
187.36
187.78
188.22
188.66
189.05
189.43
189.82
190.22
190.61
191.01
191.40
191.87
192.33
192.80
193.25
193.69
194.14
194.59
195.04
195.49
195.95
196.42
196.86
197.31
197.75
198.19
198.64
199.09
199.53
199.97
200.41
200.85
201.29
201.73
202.20
202.66
203.10
203.56
204.01
204.47
204.94
205.45
205.96
206.56
207.15
207.71
208.28
208.86
209.44
210.02
210.60
211.17
211.74
212.32
212.89
213.46
214.05
214.63
215.21
215.78
216.36
216.94
217.55
218.15
218.74
219.34
219.94
220.53
221.12
221.70
222.28
222.88
223.53
224.17
224.79
225.42
226.06
226.70
227.35
227.95
228.55
229.16
229.76
230.34
230.92
231.50
232.08
232.64
233.22
233.69
234.17
234.64
235.09
235.55
236.03
236.50
236.95
237.41
237.89
238.36
238.81
239.25
239.79
240.34
240.80
241.27
241.73
242.20
242.66
243.12
243.59
