# Beats
0.53
1.07
1.63
2.17
2.72
3.26
3.82
4.35
4.83
5.31
5.80
6.22
6.62
7.01
7.41
7.79
8.16
8.54
8.94
9.33
9.73
10.15
10.60
11.03
11.46
11.91
12.39
12.84
13.40
13.96
14.51
15.06
15.60
16.13
16.63
17.14
17.67
18.13
18.61
19.09
19.53
19.96
20.39
20.82
21.25
21.68
22.11
22.52
22.98
23.41
23.84
24.28
24.71
25.12
25.52
25.93
26.33
26.73
27.14
27.55
27.96
28.37
28.79
29.19
29.61
30.01
30.43
30.85
31.28
31.70
32.11
32.55
32.97
33.39
33.81
34.23
34.64
35.06
35.48
35.83
36.18
36.55
36.91
37.27
37.63
37.98
38.31
38.66
39.01
39.36
39.71
40.05
40.41
40.77
41.13
41.49
41.85
42.21
42.59
42.95
43.31
43.67
44.03
44.40
44.76
45.12
45.49
45.86
46.24
46.61
46.97
47.33
47.69
48.05
48.41
48.77
49.15
49.50
49.85
50.22
50.60
50.94
51.29
51.65
52.02
52.38
52.74
53.10
53.48
53.82
54.17
54.54
54.89
55.26
55.62
55.98
56.34
56.70
57.07
57.45
57.79
58.17
58.51
58.86
59.22
59.63
60.04
60.44
60.93
61.39
61.85
62.33
62.81
63.27
63.76
64.23
64.69
65.16
65.62
66.07
66.53
67.01
67.51
68.01
68.50
68.96
69.45
69.98
70.52
71.03
71.54
72.07
72.61
73.14
73.67
74.19
74.64
75.09
75.55
76.00
76.45
76.92
77.42
77.91
78.41
78.83
79.26
79.69
80.11
80.53
80.94
81.36
81.77
82.20
82.62
83.05
83.49
83.92
84.33
84.75
85.17
85.59
86.01
86.40
86.82
87.21
87.62
88.03
88.44
88.86
89.34
89.81
90.29
90.77
91.23
91.70
92.14
92.59
93.04
93.48
93.94
94.40
94.85
95.35
95.85
96.34
96.84
97.34
97.83
98.31
98.81
99.33
99.87
100.39
100.91
101.44
101.96
102.49
103.06
103.61
104.16
104.73
105.28
105.84
106.37
106.92
107.46
108.02
108.55
109.09
109.61
110.13
110.64
111.15
111.66
112.18
112.67
113.17
113.68
114.21
114.73
115.26
115.79
116.33
116.89
117.49
118.11
118.70
119.30
119.92
120.51
121.13
121.74
122.36
122.97
123.60
124.23
124.93
125.64
126.37
127.08
127.80
128.55
129.28
129.99
130.69
131.38
132.09
132.78
133.49
134.19
134.88
135.58
136.28
136.89
137.52
138.14
138.76
139.39
140.02
140.63
141.25
141.87
142.50
143.13
143.75
144.38
145.00
145.64
146.29
146.92
147.54
148.15
148.75
149.35
149.94
150.53
151.14
151.74
152.35
152.93
153.53
154.13
154.73
155.32
155.92
156.53
157.12
157.71
158.31
158.93
159.54
160.15
160.76
161.36
161.95
162.52
163.09
163.65
164.22
164.82
165.47
166.14
166.79
167.44
168.14
168.86
169.54
170.23
170.90
171.56
172.22
172.87
173.51
174.16
174.80
175.44
176.08
176.70
177.31
177.91
178.49
179.08
179.68
180.19
180.72
181.25
181.81
182.36
182.92
183.48
184.03
184.59
185.16
185.71
186.29
186.86
187.39
187.92
188.43
188.94
189.45
189.95
190.48
191.01
191.51
192.01
192.51
193.00
193.49
193.98
194.47
194.95
195.43
195.91
196.39
196.88
197.37
197.83
198.30
198.77
199.25
199.74
200.21
200.70
201.17
201.64
202.20
202.76
203.31
203.87
204.42
204.96
205.52
206.07
206.66
207.26
207.87
208.47
209.05
209.63
210.20
210.77
211.32
211.91
212.47
212.99
213.51
214.00
214.46
214.92
215.39
215.85
216.34
216.80
217.30
217.79
218.31
218.87
219.43
219.99
220.54
221.11
221.68
222.26
222.82
223.35
223.90
224.51
225.12
225.72
226.29
226.86
227.42
227.99
228.57
229.13
229.70
230.27
230.83
231.40
232.08
232.76
233.43
234.10
234.80
235.50
236.18
236.87
237.56
238.28
239.00
239.72
240.43
241.08
241.72
242.36
243.00
243.62
244.25
244.88
245.46
246.04
246.61
247.13
247.63
248.15
248.62
249.09
249.56
250.01
250.47
250.95
251.44
251.90
252.37
252.82
253.27
253.72
254.17
254.62
255.07
255.52
255.95
256.39
256.82
257.25
257.68
258.11
258.55
259.04
259.52
260.10
260.69
261.29
261.87
262.48
263.08
263.66
264.24
264.82
265.42
266.01
266.61
267.23
267.77
268.31
268.85
269.37
269.91
270.43
270.95
271.48
272.00
272.53
273.07
273.62
274.16
274.69
275.23
275.76
276.32
276.86
277.39
277.92
278.45
278.99
279.50
280.00
280.51
280.98
281.45
281.93
282.39
282.87
283.35
283.83
284.24
284.64
285.02
285.42
285.81
286.20
286.58
286.94
287.32
287.72
288.09
288.50
288.90
289.30
289.70
290.11
290.53
290.93
291.43
291.92
292.41
292.92
293.41
293.92
