# Beats
0.56
1.15
1.66
2.16
2.67
3.19
3.70
4.20
4.69
5.22
5.74
6.26
6.76
7.27
7.74
8.27
8.75
9.28
9.78
10.29
10.77
11.28
11.78
12.29
12.79
13.32
13.82
14.33
14.84
15.35
15.86
16.37
16.88
17.39
17.88
18.39
18.88
19.37
19.89
20.42
20.94
21.46
21.99
22.52
23.03
23.53
24.07
24.57
25.05
25.53
25.97
26.46
26.90
27.34
27.78
28.22
28.65
29.07
29.49
29.90
30.31
30.67
31.02
31.40
31.80
32.16
32.55
32.93
33.27
33.65
34.05
34.50
34.96
35.41
35.90
36.36
36.85
37.27
37.66
38.03
38.41
38.78
39.13
39.47
39.87
40.24
40.61
40.98
41.39
41.77
42.17
42.56
42.93
43.28
43.68
44.03
44.37
44.74
45.12
45.53
45.93
46.32
46.72
47.11
47.53
47.94
48.38
48.77
49.20
49.61
49.99
50.40
50.83
51.27
51.71
52.12
52.51
52.94
53.38
53.75
54.15
54.56
54.95
55.30
55.66
56.05
56.42
56.80
57.19
57.57
57.95
58.31
58.68
59.03
59.37
59.73
60.09
60.44
60.79
61.18
61.56
61.95
62.32
62.76
63.23
63.72
64.13
64.56
65.02
65.46
65.89
66.35
66.78
67.14
67.55
67.92
68.31
68.68
69.03
69.43
69.80
70.16
70.52
70.90
71.29
71.63
71.96
72.33
72.68
73.14
73.60
74.07
74.57
75.00
75.46
75.93
76.37
76.83
77.35
77.88
78.39
78.90
79.42
79.95
80.43
80.93
81.43
81.92
82.35
82.83
83.31
83.80
84.29
84.78
85.31
85.80
86.24
86.70
87.20
87.71
88.24
88.74
89.19
89.63
90.07
90.55
91.03
91.53
92.00
92.43
92.90
93.37
93.80
94.25
94.69
95.13
95.61
96.04
96.48
96.89
97.30
97.76
98.16
98.52
98.89
99.27
99.59
99.96
100.31
100.66
101.01
101.38
101.77
102.13
102.59
103.03
103.46
103.92
104.39
104.86
105.34
105.76
106.18
106.63
107.07
107.50
107.93
108.33
108.86
109.34
109.83
110.32
110.83
111.32
111.85
112.36
112.85
113.34
113.82
114.32
114.86
115.38
115.91
116.42
116.90
117.42
117.91
118.40
118.89
119.40
119.91
120.37
120.84
121.28
121.72
122.18
122.64
123.09
123.54
123.99
