# Beats
0.43
0.87
1.30
1.74
2.21
2.67
3.12
3.59
4.06
4.54
5.02
5.48
5.94
6.41
6.85
7.30
7.76
8.22
8.66
9.22
9.76
10.32
10.89
11.45
12.00
12.56
13.13
13.57
14.02
14.47
14.92
15.36
15.79
16.23
16.66
17.09
17.53
18.00
18.46
18.92
19.40
19.85
20.32
20.79
21.25
21.73
22.22
22.70
23.17
23.64
24.13
24.60
25.08
25.57
26.06
26.56
27.14
27.72
28.29
28.86
29.44
30.00
30.56
31.11
31.67
32.23
32.77
33.33
33.88
34.42
34.97
35.50
36.04
36.57
37.11
37.64
38.17
38.68
39.21
39.73
40.26
40.80
41.33
41.88
42.41
42.95
43.49
44.04
44.61
45.20
45.77
46.35
46.90
47.46
48.02
48.58
49.13
49.70
50.27
50.87
51.48
52.04
52.58
53.13
53.66
54.22
54.79
55.40
56.03
56.66
57.26
57.88
58.48
59.09
59.68
60.27
60.86
61.44
62.04
62.59
63.14
63.68
64.18
64.69
65.20
65.70
66.22
66.73
67.24
67.73
68.23
68.73
69.23
69.73
70.24
70.77
71.29
71.80
72.32
72.84
73.35
73.86
74.40
74.91
75.43
75.96
76.51
77.04
77.60
78.16
78.72
79.25
79.80
80.34
80.88
81.41
81.95
82.50
83.06
83.64
84.22
84.80
85.38
85.96
86.52
87.07
87.64
88.19
88.75
89.30
89.86
90.41
90.95
91.49
92.04
92.60
93.17
93.74
94.30
94.85
95.38
95.91
96.43
96.94
97.47
97.99
98.49
98.99
99.50
99.94
100.39
100.86
101.36
101.84
102.35
102.79
103.25
103.70
104.16
104.65
105.14
105.58
106.03
106.46
106.89
107.33
107.76
108.20
108.65
109.08
109.52
109.95
110.38
110.81
111.25
111.65
112.07
112.50
112.92
113.32
113.73
114.14
114.59
115.05
115.51
115.96
116.41
116.88
117.33
117.79
118.27
118.72
119.18
119.64
120.09
120.63
121.16
121.70
122.24
122.78
123.30
123.81
124.32
124.90
125.48
126.06
126.64
127.22
127.79
128.36
128.92
129.47
130.04
130.61
131.15
131.69
132.24
132.70
133.17
133.63
134.07
134.51
134.97
135.40
135.83
136.25
136.70
137.14
137.57
138.02
138.44
138.88
139.30
139.69
140.09
140.47
140.85
141.27
141.70
142.13
142.55
143.02
143.50
143.98
144.52
145.08
145.62
146.17
146.73
147.28
147.84
148.39
148.93
149.49
150.04
150.47
150.91
151.32
151.77
152.21
152.66
153.10
153.53
153.97
154.39
154.81
155.25
155.69
156.08
156.44
156.80
157.18
157.52
157.86
158.20
158.51
158.85
159.18
159.52
159.87
160.22
160.55
160.89
161.22
161.55
161.89
162.23
162.56
162.91
163.24
163.62
164.00
164.40
164.80
165.18
165.57
165.95
166.32
166.71
167.09
167.49
167.86
168.18
168.51
168.84
169.18
169.53
169.87
170.20
170.55
170.89
171.22
171.57
171.91
172.25
172.57
172.91
173.26
173.60
174.01
174.41
174.80
175.19
175.59
175.98
176.38
176.80
177.19
177.59
177.98
178.41
178.84
179.29
179.82
180.33
180.84
181.34
181.84
182.35
182.87
183.37
183.87
184.37
184.88
185.39
185.92
186.46
186.99
187.50
188.02
188.55
189.06
189.58
190.10
190.64
191.17
191.69
192.17
192.63
193.10
193.57
194.05
194.54
195.02
195.51
195.99
196.41
196.84
197.28
197.72
198.16
198.58
199.00
199.42
199.85
200.27
200.71
201.14
201.60
202.12
202.61
203.10
203.63
204.14
204.65
205.17
205.68
206.19
206.70
207.23
207.75
208.38
208.98
209.57
210.18
210.79
211.31
211.84
212.38
212.86
213.32
213.79
214.25
214.71
215.16
215.60
216.05
216.53
216.99
217.45
217.92
218.38
218.84
219.31
219.78
220.24
220.73
221.22
221.66
222.10
222.54
222.95
223.35
223.77
224.19
224.61
225.01
225.44
225.85
226.28
226.71
227.14
227.57
228.00
228.44
228.86
229.27
229.72
230.16
230.60
231.04
231.48
231.92
232.39
232.83
233.38
233.95
234.52
235.06
235.61
236.17
236.73
237.27
237.82
238.35
238.89
239.43
239.98
240.54
241.10
241.67
242.28
242.89
243.51
244.11
244.73
245.34
245.92
246.53
247.13
247.76
248.38
248.98
249.58
250.17
250.76
251.34
251.92
252.52
253.11
253.70
254.28
254.86
255.44
256.02
256.58
257.23
257.89
258.55
259.20
259.85
260.49
261.13
261.80
262.48
263.15
263.84
264.52
265.22
265.91
266.60
267.27
267.96
268.65
269.33
269.98
270.63
271.29
271.95
272.60
273.26
273.88
274.49
275.04
275.60
276.15
276.68
277.20
277.72
278.29
278.87
279.39
279.92
280.43
281.01
281.59
282.15
282.77
283.40
284.04
284.68
285.32
285.95
286.58
287.25
287.93
288.68
289.41
290.14
290.91
291.62
292.34
