# Beats
0.53
1.08
1.63
2.16
2.69
3.24
3.78
4.33
4.99
5.65
6.32
6.97
7.73
8.50
9.25
10.01
10.75
11.51
12.26
13.00
13.75
14.50
15.26
16.01
16.75
17.51
18.25
19.01
19.76
20.50
21.25
21.99
22.76
23.50
24.25
25.01
25.75
26.51
27.26
28.00
28.75
29.50
30.26
31.00
31.74
32.48
33.24
33.99
34.75
35.50
36.26
37.01
37.76
38.51
39.26
40.01
40.77
41.53
42.28
43.03
43.77
44.51
45.27
46.01
46.76
47.52
48.27
49.02
49.76
50.50
51.27
52.01
52.76
53.50
54.27
55.01
55.75
56.49
57.26
58.00
58.77
59.52
60.28
60.95
61.63
62.31
62.98
63.66
64.32
64.97
65.64
66.32
66.99
67.66
68.31
68.96
69.63
70.26
70.91
71.56
72.21
72.88
73.53
74.19
74.85
75.52
76.12
76.68
77.24
77.79
78.34
78.90
79.45
80.02
80.58
81.14
81.72
82.23
82.74
83.24
83.75
84.25
84.73
85.22
85.70
86.17
86.52
86.88
87.24
87.61
87.98
88.35
88.71
89.08
89.44
89.81
90.19
90.53
90.91
91.28
91.65
92.02
92.40
92.79
93.19
93.62
94.03
94.44
94.84
95.36
95.90
96.42
96.95
97.48
97.99
98.51
99.03
99.56
100.05
100.54
101.04
101.47
101.91
102.35
102.79
103.24
103.68
104.12
104.54
104.95
105.37
105.82
106.25
106.68
107.10
107.51
107.90
108.31
108.70
109.13
109.53
109.93
