# Beats
0.56
1.09
1.65
2.18
2.71
3.20
3.69
4.23
4.74
5.27
5.82
6.34
6.88
7.38
7.78
8.15
8.52
8.90
9.32
9.68
10.05
10.39
10.75
11.13
11.54
11.94
12.31
12.68
13.05
13.41
13.82
14.19
14.57
14.95
15.31
15.70
16.11
16.53
16.93
17.33
17.72
18.09
18.46
18.88
19.30
19.73
20.11
20.51
20.90
21.28
21.66
22.05
22.43
22.80
23.17
23.57
23.95
24.31
24.71
25.08
25.44
25.80
26.19
26.54
26.96
27.38
27.81
28.24
28.65
29.08
29.51
29.91
30.29
30.70
31.14
31.63
32.11
32.60
33.11
33.58
34.06
34.55
35.00
35.50
35.99
36.50
37.00
37.48
37.99
38.45
38.89
39.37
39.85
40.33
40.77
41.27
41.77
42.27
42.77
43.31
43.86
44.37
44.93
45.50
46.03
46.56
47.04
47.53
48.02
48.51
48.97
49.45
49.88
50.34
50.83
51.29
51.75
52.24
52.74
53.17
53.61
54.03
54.45
54.89
55.33
55.80
56.24
56.77
57.27
57.78
58.33
58.84
59.36
59.93
60.50
60.95
61.42
61.90
62.44
62.97
63.52
64.03
64.57
65.12
65.69
66.25
66.78
67.29
67.80
68.34
68.85
69.35
69.81
70.29
70.77
71.27
71.77
72.31
72.79
73.33
73.89
74.49
75.07
75.65
76.23
76.77
77.30
77.88
78.44
78.99
79.57
80.13
80.71
81.27
81.85
82.43
83.01
83.55
84.07
84.66
85.23
85.80
86.41
86.97
87.56
88.14
88.70
89.33
89.94
90.65
91.32
92.00
92.65
93.32
93.91
94.45
95.05
95.60
96.15
96.71
97.23
97.76
98.24
98.77
99.35
99.95
100.59
101.17
101.75
102.28
102.79
103.34
