# Beats
0.41
0.86
1.32
1.79
2.25
2.72
3.18
3.66
4.13
4.60
5.06
5.51
5.96
6.41
6.86
7.31
7.83
8.34
8.84
9.33
9.83
10.33
10.83
11.33
11.82
12.31
12.79
13.28
13.78
14.28
14.79
15.30
15.81
16.32
16.82
17.32
17.82
18.31
18.80
19.30
19.84
20.39
20.94
21.50
22.06
22.56
23.05
23.53
24.03
24.53
25.04
25.51
25.97
26.42
26.89
27.35
27.82
28.24
28.63
29.04
29.43
29.81
30.21
30.60
31.00
31.39
31.79
32.19
32.60
33.01
33.43
33.83
34.24
34.64
35.05
35.46
35.86
36.27
36.68
37.07
37.47
37.86
38.25
38.73
39.21
39.67
40.21
40.74
41.29
41.90
42.52
43.12
43.72
44.33
44.93
45.53
46.16
46.80
47.44
48.08
48.72
49.37
50.03
50.63
51.23
51.85
52.45
53.06
53.71
54.36
55.01
55.66
56.31
56.96
57.61
58.14
58.68
59.21
59.73
60.24
60.76
61.22
61.67
62.12
62.58
63.02
63.46
63.90
64.35
64.80
65.25
65.71
66.18
66.64
67.11
67.57
68.05
68.53
69.01
69.49
70.02
70.55
71.08
71.59
72.11
72.63
73.10
73.56
74.03
74.54
75.05
75.56
76.15
76.75
77.35
77.94
78.53
79.12
79.73
80.25
80.76
81.27
81.83
82.38
82.94
83.58
84.22
84.86
85.48
86.11
86.75
87.39
88.04
88.68
89.29
89.91
90.52
91.14
91.74
92.35
92.95
93.55
94.15
94.75
95.35
95.94
96.55
97.14
97.74
98.22
98.71
99.18
99.66
100.14
100.62
101.12
101.63
102.13
102.68
103.21
103.75
104.27
104.80
105.34
105.87
106.41
106.94
107.54
108.14
108.73
109.32
109.92
110.56
111.20
111.85
112.50
113.14
113.78
114.42
114.96
115.51
116.06
116.62
117.18
117.74
118.29
118.85
119.41
119.97
120.52
121.08
121.64
122.16
122.68
123.21
123.73
124.25
124.77
125.32
125.85
126.32
126.78
127.26
127.73
128.22
128.71
129.20
129.68
130.17
130.66
131.15
131.63
132.12
