# Beats
0.55
1.09
1.64
2.19
2.76
3.25
3.74
4.21
4.64
5.09
5.50
5.93
6.37
6.80
7.24
7.69
8.14
8.60
9.06
9.51
9.97
10.44
10.91
11.38
11.84
12.27
12.69
13.12
13.54
13.94
14.35
14.76
15.16
15.56
15.95
16.34
16.72
17.11
17.48
17.88
18.25
18.63
19.02
19.39
19.76
20.14
20.51
20.90
21.28
21.65
22.04
22.47
22.89
23.31
23.75
24.22
24.69
25.16
25.61
26.08
26.52
26.97
27.43
27.91
28.39
28.86
29.33
29.81
30.30
30.79
31.29
31.76
32.26
32.76
33.26
33.75
34.23
34.71
35.20
35.69
36.18
36.64
37.12
37.60
38.10
38.60
39.09
39.59
40.09
40.58
41.06
41.56
42.05
42.54
43.12
43.68
44.25
44.87
45.50
46.20
46.88
47.58
48.26
48.95
49.63
50.32
51.03
51.73
52.42
53.12
53.80
54.47
55.10
55.74
56.38
56.98
57.59
58.20
58.83
59.44
60.06
60.67
61.28
61.89
62.42
62.90
63.40
63.89
64.39
64.89
65.39
65.90
66.40
66.89
67.38
67.90
68.43
68.95
69.47
70.01
70.55
71.09
71.63
72.18
72.72
73.28
73.83
74.37
74.92
75.46
75.98
76.50
77.00
77.52
78.05
78.58
79.11
79.63
80.16
80.67
81.19
81.71
82.22
82.73
83.24
83.75
84.25
84.78
85.29
85.80
86.33
86.84
87.35
87.89
88.41
88.93
89.47
89.99
90.51
91.02
91.53
92.06
92.58
93.09
93.60
94.11
94.63
95.16
95.67
96.19
96.70
97.22
97.73
98.24
98.75
99.29
99.82
100.35
100.87
101.38
101.89
102.42
102.93
103.44
103.96
104.48
104.99
105.51
106.03
106.56
107.07
107.60
108.12
108.65
109.17
109.69
110.20
110.71
111.22
111.75
112.27
112.78
113.30
113.81
114.34
114.85
115.37
115.89
116.41
116.94
117.45
117.96
118.48
118.99
119.50
120.02
120.53
121.06
121.58
122.10
122.62
123.14
123.65
124.16
124.66
125.18
125.71
126.22
126.76
127.28
127.79
128.31
128.82
129.36
129.88
130.40
130.93
131.44
131.96
132.47
132.99
133.51
134.03
134.54
135.06
135.58
136.09
136.60
137.11
137.65
138.16
138.68
139.20
139.74
140.27
140.79
141.34
141.87
142.42
142.97
143.48
144.00
144.52
145.03
145.54
146.04
146.56
147.10
147.62
148.13
148.65
149.16
149.68
150.18
150.70
151.21
151.72
152.23
152.76
153.29
153.81
154.33
154.85
155.36
155.88
156.39
156.90
157.42
157.93
158.45
158.96
159.47
159.99
160.51
161.02
161.54
162.06
162.59
163.12
163.64
164.17
164.69
165.22
165.76
166.29
166.81
167.32
167.82
168.32
168.83
169.35
169.85
170.36
170.86
171.39
171.91
172.42
172.93
173.44
173.96
174.47
174.99
175.50
176.01
176.53
177.04
177.56
178.07
178.60
179.12
179.63
180.14
180.66
181.19
181.71
182.22
182.73
183.23
183.75
184.27
184.78
185.30
185.83
186.36
186.90
187.43
187.95
188.48
188.99
189.49
190.01
190.52
191.03
191.54
192.05
192.57
193.10
193.62
194.14
194.65
195.16
195.67
196.20
196.72
197.23
197.74
198.26
198.79
199.30
199.81
200.33
200.71
201.11
201.50
201.90
202.27
202.65
203.01
203.38
203.81
204.23
204.65
205.07
205.46
205.84
206.22
206.59
206.94
207.31
207.68
208.04
208.41
208.77
209.14
209.54
209.91
210.30
210.71
211.12
211.53
211.97
212.40
212.79
213.18
213.58
213.97
214.37
214.77
215.18
215.60
216.02
