# Beats
0.50
0.95
1.43
1.87
2.35
2.81
3.22
3.67
4.09
4.54
5.02
5.48
5.92
6.37
6.88
7.34
7.80
8.27
8.75
9.15
9.50
9.85
10.24
10.59
10.96
11.26
11.61
11.94
12.26
12.56
12.93
13.28
13.63
13.97
14.30
14.68
15.03
15.44
15.86
16.25
16.72
17.16
17.58
18.02
18.47
18.92
19.34
19.76
20.18
20.60
21.06
21.50
21.94
22.43
22.94
23.48
23.94
24.40
24.87
25.26
25.63
26.03
26.42
26.80
27.21
27.60
28.03
28.42
28.80
29.21
29.61
30.00
30.37
30.75
31.28
31.76
32.25
32.74
33.20
33.67
34.11
34.48
34.89
35.29
35.67
36.01
36.39
36.76
37.11
37.45
37.81
38.15
38.50
39.00
39.45
39.94
40.43
40.89
41.35
41.84
42.34
42.88
43.35
43.83
44.29
44.77
45.23
45.67
46.14
46.60
47.06
47.47
47.96
48.45
48.94
49.40
49.90
50.40
50.96
51.46
51.99
52.45
52.94
53.41
53.85
54.30
54.80
55.26
55.75
56.20
56.68
57.14
57.61
58.12
58.63
59.14
59.68
60.21
60.72
61.23
61.74
62.25
62.81
63.40
63.95
64.51
65.06
65.57
66.13
66.68
67.21
67.74
68.27
68.77
69.22
69.68
70.15
70.59
71.08
71.59
72.10
72.61
73.19
73.79
74.40
75.00
75.57
76.17
