# Beats
0.64
1.28
1.90
2.53
3.15
3.76
4.38
4.99
5.61
6.22
6.83
7.42
7.93
8.43
8.94
9.44
9.94
10.43
10.91
11.40
11.88
12.35
12.83
13.29
13.77
14.23
14.70
15.17
15.65
16.11
16.57
17.02
17.48
17.93
18.37
18.81
19.25
19.69
20.12
20.56
21.00
21.46
21.91
22.36
22.81
23.27
23.71
24.15
24.59
25.03
25.46
25.89
26.32
26.75
27.17
27.59
28.01
28.44
28.86
29.29
29.73
30.17
30.62
31.21
31.78
32.36
33.09
33.81
34.53
35.25
36.03
36.80
37.58
38.36
39.14
39.92
40.67
41.41
42.13
42.86
43.60
44.33
44.94
45.56
46.11
46.66
47.21
47.76
48.31
48.85
49.40
49.95
50.48
51.03
51.57
52.14
52.71
53.28
53.81
54.35
54.88
55.43
55.97
56.58
57.18
57.78
58.39
58.99
59.59
