# Beats
0.43
0.87
1.32
1.76
2.22
2.67
3.07
3.46
3.85
4.26
4.68
5.10
5.50
5.91
6.33
6.75
7.16
7.59
8.01
8.43
8.85
9.28
9.71
10.12
10.54
10.97
11.40
11.83
12.27
12.70
13.11
13.51
13.93
14.35
14.76
15.16
15.58
16.01
16.46
16.92
17.36
17.80
18.41
19.03
19.63
20.22
20.82
21.40
21.98
22.56
23.14
23.71
24.29
24.87
25.34
25.82
26.30
26.76
27.23
27.69
28.17
28.69
29.20
29.72
30.23
30.74
31.25
31.76
32.26
32.82
33.38
33.94
34.48
35.04
35.60
36.14
36.69
37.23
37.78
38.34
38.91
39.46
40.03
40.59
41.16
41.77
42.39
43.00
43.54
44.07
44.58
45.07
45.56
46.05
46.52
47.01
47.48
47.97
48.46
48.95
49.32
49.69
50.06
50.45
50.83
51.20
51.57
51.95
52.34
52.71
53.08
53.44
53.81
54.18
54.56
54.94
55.28
55.61
55.94
56.26
56.60
56.94
57.28
57.60
57.99
58.39
58.78
