# Beats
0.56
1.11
1.67
2.24
2.79
3.37
3.96
4.54
5.11
5.68
6.23
6.79
7.36
7.92
8.48
9.03
9.59
10.14
10.69
11.24
11.78
12.41
13.04
13.60
14.15
14.71
15.27
15.82
16.44
17.06
17.66
18.31
18.96
19.61
20.27
20.93
21.61
22.27
22.92
23.57
24.20
24.82
25.45
26.08
26.70
27.28
27.86
28.41
28.96
29.51
29.98
30.43
30.89
31.35
31.80
32.24
32.69
33.13
33.59
34.04
34.46
34.88
35.29
35.71
36.13
36.55
36.97
37.38
37.80
38.21
38.61
39.01
39.40
39.81
40.21
40.60
40.98
41.37
41.75
42.13
42.50
42.90
43.34
43.78
44.22
44.68
45.12
45.56
46.00
46.43
46.86
47.29
47.72
48.16
48.59
49.02
49.46
49.90
50.34
50.77
51.21
51.66
52.11
52.55
52.99
53.42
53.86
54.29
54.72
55.15
55.59
56.02
