# Beats
0.49
0.98
1.37
1.76
2.17
2.59
2.97
3.36
3.73
4.10
4.49
4.89
5.27
5.67
6.05
6.43
6.82
7.19
7.57
7.95
8.34
8.71
9.08
9.44
9.81
10.17
10.53
10.89
11.25
11.61
11.98
12.35
12.72
13.10
13.47
13.83
14.19
14.56
14.93
15.30
15.67
16.04
16.42
16.79
17.16
17.53
17.89
18.26
18.62
18.98
19.35
19.71
20.09
20.45
20.81
21.18
21.55
21.93
22.31
22.71
23.10
23.51
23.92
24.30
24.68
25.05
25.43
25.80
26.17
26.53
26.90
27.27
27.64
28.03
28.41
28.80
29.20
29.58
29.97
30.35
30.73
31.11
31.50
31.87
32.24
32.61
32.98
33.36
33.73
34.10
34.47
34.85
35.22
35.60
35.97
36.34
36.71
37.07
37.42
37.79
38.16
38.53
38.91
39.26
39.64
40.01
40.38
40.75
41.12
41.49
41.87
42.24
42.61
42.97
43.33
43.69
44.05
44.42
44.80
45.17
45.55
45.93
46.29
46.66
47.02
47.39
47.76
48.12
48.49
48.87
49.23
49.59
49.96
50.33
50.71
51.10
51.49
51.88
52.38
52.88
53.37
53.86
54.35
54.82
55.23
55.64
56.04
56.45
56.87
57.28
57.69
58.10
58.51
58.93
59.34
59.74
60.16
60.58
61.00
61.42
61.83
62.26
62.69
63.11
63.53
63.94
64.34
64.76
