# Beats
0.50
1.00
1.50
2.00
2.50
3.01
3.51
4.01
4.50
5.00
5.50
6.01
6.52
7.04
7.52
8.02
8.52
9.06
9.59
10.12
10.75
11.38
12.00
12.63
13.27
13.90
14.52
15.16
15.80
16.44
17.08
17.72
18.29
18.85
19.42
19.99
20.56
21.15
21.75
22.42
23.09
23.77
24.36
24.95
25.40
25.86
26.31
26.76
27.21
27.67
28.13
28.58
29.04
29.49
29.91
30.33
30.74
31.16
31.58
32.00
32.43
32.98
33.54
34.18
34.81
35.43
36.05
36.66
37.29
37.92
38.55
39.16
39.79
40.34
40.90
41.47
41.98
42.49
43.00
43.47
43.93
44.40
44.87
45.35
45.82
46.35
46.87
47.39
47.97
48.54
49.11
49.68
50.25
50.82
51.39
51.95
52.58
53.21
53.85
54.49
55.11
55.74
56.37
56.92
57.47
58.02
58.57
59.12
59.66
60.21
60.74
61.30
61.85
62.39
