# Beats
0.67
1.35
2.00
2.67
3.34
3.99
4.62
5.27
5.92
6.54
7.11
7.69
8.23
8.75
9.26
9.76
10.24
10.73
11.19
11.67
12.12
12.61
13.10
13.58
14.12
14.65
15.16
15.67
16.14
16.53
16.93
17.32
17.68
18.07
18.44
18.81
19.20
19.57
19.95
20.36
20.76
21.13
21.50
21.87
22.27
22.64
23.06
23.45
23.89
24.31
24.75
25.19
25.60
26.03
26.45
26.82
27.23
27.61
27.98
28.33
28.68
28.99
29.35
29.70
30.05
30.41
30.74
31.09
31.42
31.76
32.11
32.50
32.93
33.32
33.70
34.20
34.69
35.20
35.70
36.20
36.71
37.20
37.66
38.10
38.57
39.03
39.47
39.89
40.31
40.75
41.17
41.61
42.05
42.47
42.91
43.37
43.82
44.23
44.72
45.19
45.69
46.11
46.56
47.00
47.42
47.86
48.26
48.67
49.11
49.55
49.95
50.34
50.76
51.19
51.62
52.02
52.45
52.92
53.37
53.85
54.31
54.78
55.19
55.64
56.09
56.49
56.94
57.38
57.79
58.19
58.61
59.03
59.42
59.85
60.24
60.67
61.05
61.39
61.74
62.11
62.48
62.86
63.23
63.55
63.90
64.27
64.67
65.04
65.41
65.78
66.15
66.55
66.94
67.29
