# Beats
0.39
0.79
1.17
1.58
1.97
2.37
2.76
3.16
3.55
3.95
4.34
4.74
5.13
5.53
5.93
6.34
6.76
7.16
7.56
7.96
8.37
8.77
9.17
9.58
10.01
10.43
10.86
11.31
11.76
12.20
12.63
13.06
13.47
13.87
14.28
14.69
15.09
15.50
15.92
16.38
16.86
17.33
17.80
18.25
18.72
19.17
19.62
20.09
20.55
21.01
21.47
21.93
22.40
22.86
23.32
23.79
24.26
24.73
25.19
25.61
26.03
26.45
26.87
27.27
27.69
28.10
28.50
28.90
29.29
29.70
30.10
30.51
30.92
31.32
31.74
32.15
32.55
32.96
33.37
33.77
34.17
34.57
34.98
35.38
35.77
36.18
36.58
36.99
37.38
37.79
38.20
38.60
39.01
39.42
39.82
40.22
40.62
41.03
41.44
41.84
42.25
42.66
43.05
43.46
43.86
44.27
44.68
45.08
45.50
45.92
46.34
46.74
47.15
47.55
47.96
48.37
48.77
49.18
49.59
50.00
50.42
50.82
51.21
51.62
52.01
52.41
52.81
53.22
53.63
54.03
54.44
54.83
55.23
55.62
56.02
56.41
56.82
57.23
57.63
58.03
58.42
58.82
59.22
59.64
60.05
60.45
60.87
61.28
61.67
62.07
62.47
62.88
63.27
63.67
64.06
64.46
64.86
65.26
65.67
66.08
66.50
66.91
67.33
67.74
68.16
68.57
68.99
69.40
69.82
70.24
70.65
71.05
71.45
71.85
72.26
72.68
73.10
73.50
73.91
74.33
74.76
75.19
75.62
76.08
76.54
77.01
77.46
77.91
78.39
78.85
79.32
79.78
80.24
80.67
81.08
81.50
81.91
82.31
82.72
83.12
83.51
83.92
84.32
84.71
85.09
85.48
85.89
86.29
86.68
87.07
87.47
87.85
88.22
88.60
88.98
89.36
89.73
90.12
90.50
90.95
91.42
91.88
92.44
93.00
93.54
94.09
94.63
95.17
95.71
96.25
96.82
97.38
97.95
98.51
99.07
99.57
100.07
100.57
101.05
101.55
102.04
102.54
103.03
103.53
104.01
104.57
105.12
105.66
106.22
106.77
107.31
107.86
108.40
108.89
109.39
109.88
110.33
110.79
111.25
111.77
112.28
112.80
113.34
113.86
114.38
114.90
115.43
116.01
116.59
117.17
117.74
118.31
118.87
119.47
120.06
120.64
121.22
121.79
122.36
122.94
123.48
124.03
124.58
125.11
125.65
126.20
126.75
127.28
127.81
128.36
128.89
129.51
130.12
130.74
131.30
131.85
132.47
133.09
133.69
134.23
134.78
135.34
135.89
136.45
137.01
137.57
138.12
138.68
139.24
139.78
140.33
140.89
141.44
142.00
142.56
143.10
143.66
144.22
144.78
145.33
145.90
146.46
147.03
147.59
148.13
148.61
149.07
149.54
150.00
150.51
151.02
151.53
151.94
152.35
152.74
153.12
153.52
153.90
154.28
154.67
155.05
155.43
155.82
156.20
156.57
156.94
157.33
157.71
158.09
158.46
158.85
159.22
159.59
159.96
160.33
160.71
161.08
161.46
161.84
162.23
162.60
162.98
163.36
163.74
164.11
164.48
164.86
165.24
165.62
166.00
166.38
166.82
167.28
167.72
168.16
168.60
169.03
169.47
169.91
170.34
170.77
171.21
171.65
172.08
172.52
172.97
173.41
173.84
174.23
174.64
175.04
175.45
175.86
176.26
176.66
177.05
177.45
177.83
178.21
178.60
178.98
179.36
179.76
180.15
180.55
180.95
181.35
181.74
182.14
182.53
182.93
183.33
183.73
184.12
184.52
184.91
185.31
185.70
186.10
186.48
186.86
187.25
187.63
188.02
188.41
188.79
189.16
189.54
189.93
190.31
190.69
191.08
191.46
191.84
192.23
192.60
192.97
193.35
193.74
194.12
194.50
194.87
195.26
195.64
196.03
196.44
196.85
197.25
197.65
198.03
198.41
198.81
199.15
199.49
199.83
200.18
200.52
200.85
201.19
201.53
201.86
202.20
202.55
202.90
