# Beats
0.38
0.77
1.21
1.63
2.00
2.39
2.81
3.20
3.61
4.04
4.44
4.83
5.24
5.64
6.08
6.50
6.90
7.31
7.73
8.13
8.52
8.94
9.33
9.75
10.17
10.60
11.03
11.45
11.84
12.26
12.68
13.10
13.50
13.93
14.35
14.77
15.19
15.62
16.02
16.44
16.83
17.24
17.65
18.07
18.47
18.88
19.28
19.71
20.12
20.55
20.97
21.39
21.80
22.21
22.62
23.03
23.45
23.88
24.32
24.75
25.18
25.75
26.33
26.92
27.54
28.14
28.72
29.32
29.91
30.51
31.11
31.73
32.32
32.89
33.48
34.09
34.71
35.34
35.94
36.55
37.19
37.79
38.42
39.04
39.67
40.32
40.96
41.60
42.18
42.76
43.37
43.98
44.57
45.17
45.79
46.51
47.22
47.91
48.60
49.32
50.03
50.75
51.46
52.16
52.87
53.59
54.31
55.03
55.73
56.45
57.16
57.86
58.56
59.26
59.97
60.67
61.39
62.11
62.83
63.55
64.25
64.96
65.62
66.27
66.91
67.57
68.22
68.91
69.59
70.30
70.98
71.67
72.36
73.07
73.77
74.47
