# Beats
0.35
0.72
1.11
1.53
1.95
2.32
2.69
3.07
3.44
3.81
4.20
4.64
5.06
5.48
5.91
6.34
6.78
7.20
7.62
8.03
8.45
8.88
9.37
9.85
10.33
10.82
11.31
11.80
12.20
12.61
13.03
13.43
13.86
14.28
14.69
15.09
15.50
15.91
16.32
16.74
17.16
17.55
17.97
18.39
18.81
19.23
19.64
20.06
20.48
20.93
21.39
21.86
22.40
22.92
23.45
23.99
24.52
25.05
25.58
26.10
26.63
27.16
27.68
28.21
28.70
29.19
29.69
30.17
30.66
31.16
31.64
32.12
32.60
33.09
33.58
34.05
34.59
35.11
35.64
36.18
36.69
37.20
37.72
38.24
38.80
39.36
39.92
40.41
40.90
41.40
41.91
42.40
42.90
43.42
43.91
44.40
44.88
45.36
45.85
46.32
46.79
47.25
47.67
48.09
48.53
48.95
49.35
49.76
50.17
50.57
51.01
51.44
51.87
52.29
52.71
53.13
53.59
54.07
54.54
55.08
55.64
56.19
56.77
57.33
57.89
58.46
59.04
59.72
60.40
61.09
61.79
62.48
63.17
63.85
64.53
65.20
65.96
66.73
67.45
68.17
68.89
69.61
70.33
71.05
71.77
72.49
73.19
73.89
74.58
75.28
75.99
76.68
77.37
78.04
78.72
79.39
80.06
80.76
81.43
82.16
82.90
83.60
84.32
85.03
85.74
86.45
87.16
87.86
88.60
89.33
90.05
90.74
91.44
92.16
92.90
93.62
