# Beats
0.52
1.02
1.52
2.03
2.54
3.02
3.49
3.98
4.48
4.98
5.48
5.98
6.49
6.99
7.49
7.98
8.48
8.96
9.45
9.93
10.43
10.91
11.40
11.88
12.31
12.74
13.17
13.63
14.09
14.55
15.03
15.52
16.01
16.50
16.99
17.47
18.02
18.56
19.11
19.66
20.20
20.75
21.30
21.86
22.41
22.94
23.50
24.02
24.54
25.05
25.57
26.08
26.60
27.11
27.62
28.12
28.62
29.14
29.65
30.20
30.73
31.27
31.80
32.35
32.90
33.46
34.04
34.55
35.06
35.57
36.06
36.56
37.06
37.56
38.06
38.56
39.06
39.54
40.03
40.52
41.01
41.49
41.99
42.49
42.98
43.47
43.96
44.45
44.94
45.42
45.89
46.37
46.85
47.31
47.79
48.26
48.74
49.21
49.70
50.19
50.68
51.15
51.63
52.11
52.59
53.07
53.55
54.02
54.50
54.97
55.45
55.94
56.42
56.90
57.38
57.86
58.35
58.83
59.30
59.78
60.27
60.74
61.22
61.70
62.18
62.67
63.15
63.63
64.11
64.59
65.07
65.56
66.05
66.54
67.01
67.50
67.98
68.46
68.94
69.40
69.88
70.34
70.82
71.31
71.81
72.28
72.76
73.24
73.71
74.19
74.66
75.15
75.63
76.10
76.58
77.07
77.55
78.03
78.51
78.98
79.47
79.95
80.42
80.90
81.39
81.86
82.35
82.84
83.34
83.82
84.31
84.76
85.23
85.70
86.18
86.67
87.17
87.64
88.12
88.61
89.09
89.61
90.11
90.60
91.15
91.68
92.22
92.74
93.26
93.75
94.26
94.76
95.26
95.76
96.26
96.75
97.22
97.70
98.17
98.66
99.14
99.63
100.11
100.60
101.08
101.55
102.04
102.52
102.99
103.47
103.96
104.43
104.90
105.37
105.86
106.35
106.82
107.30
107.79
108.26
108.74
109.23
109.70
110.18
110.67
111.13
111.61
112.09
112.58
113.08
113.59
114.10
114.57
115.04
115.50
115.97
116.45
116.92
117.39
117.89
118.39
118.89
119.36
119.84
120.33
120.80
121.29
121.78
122.25
122.73
123.22
123.69
124.18
124.67
125.16
125.63
126.12
126.60
127.08
127.57
128.05
128.53
129.02
129.50
129.97
130.46
130.94
131.41
131.90
132.46
133.02
133.58
134.14
134.70
135.24
135.79
136.32
136.86
137.40
137.95
138.57
139.17
139.78
140.40
141.00
141.61
142.22
142.81
143.42
144.02
144.63
145.23
145.83
146.43
147.03
147.63
148.24
148.84
149.43
150.02
150.63
151.23
151.84
152.43
153.03
153.65
154.26
154.87
155.47
156.08
156.69
157.30
157.92
158.52
159.14
159.75
160.38
161.01
161.63
162.19
162.75
163.31
163.86
164.42
164.98
165.54
166.09
166.58
167.06
167.54
168.02
168.50
168.98
169.46
169.95
170.43
170.90
171.36
171.84
172.30
172.77
173.22
173.67
174.20
174.72
175.24
175.88
176.52
177.17
177.80
178.42
179.05
179.68
180.21
180.74
181.29
181.87
182.45
183.03
183.61
184.19
184.76
185.34
185.97
186.61
187.23
187.87
188.51
189.03
189.56
190.08
190.61
191.15
191.68
192.26
192.85
193.42
193.99
194.56
195.12
195.67
196.22
196.78
