# Beats
0.48
0.95
1.44
1.94
2.46
2.96
3.52
4.06
4.64
5.24
5.83
6.36
6.90
7.43
7.95
8.48
8.95
9.44
9.94
10.45
10.97
11.49
11.99
12.52
13.03
13.54
14.04
14.55
15.03
15.51
16.01
16.51
17.01
17.51
18.07
18.60
19.13
19.66
20.18
20.71
21.22
21.73
22.26
22.76
23.24
23.73
24.22
24.71
25.21
25.68
26.17
26.67
27.23
27.77
28.31
28.84
29.38
29.94
30.49
31.02
31.57
32.10
32.65
33.10
33.58
34.04
34.53
35.02
35.50
35.97
36.42
36.88
37.40
37.89
38.41
38.95
39.52
40.09
40.65
41.19
41.74
42.28
42.84
43.36
43.89
44.41
44.95
45.49
46.01
46.53
47.06
47.58
48.10
48.63
49.13
49.62
50.13
50.62
51.11
51.61
52.11
