# Beats
0.52
1.04
1.58
2.15
2.67
3.23
3.74
4.25
4.68
5.18
5.67
6.10
6.52
6.99
7.43
7.85
8.31
8.77
9.31
9.81
10.36
10.91
11.49
12.04
12.56
13.07
13.63
14.20
14.74
15.26
15.78
16.28
16.79
17.28
17.79
18.30
18.81
19.27
19.74
20.20
20.69
21.15
21.64
22.16
22.65
23.15
23.64
24.13
24.61
25.14
25.54
25.96
26.38
26.77
27.17
27.59
28.00
28.42
28.84
29.28
29.70
30.15
30.58
31.05
31.56
32.04
32.51
33.00
33.51
34.01
34.48
34.99
35.48
35.97
36.46
36.95
37.45
37.92
38.39
38.78
39.17
39.53
39.95
40.34
40.73
41.08
41.45
41.82
42.19
42.54
42.91
43.35
43.82
44.23
44.68
45.05
45.46
45.89
46.28
46.70
47.12
47.48
47.84
48.27
48.69
49.18
49.67
50.16
50.67
51.18
51.69
52.18
52.67
53.14
53.59
54.08
54.54
55.01
55.50
55.98
56.47
56.96
57.42
57.89
58.44
59.00
59.54
60.07
60.58
61.11
61.64
62.17
62.74
63.27
63.81
64.37
64.92
65.48
66.06
66.64
67.22
67.80
68.36
68.93
69.50
70.08
70.70
71.31
71.91
72.54
73.19
73.82
74.49
75.14
75.81
76.49
