# Beats
0.46
0.91
1.35
1.79
2.25
2.69
3.13
3.60
4.09
4.57
5.04
5.49
5.98
6.42
6.87
7.33
7.78
8.24
8.71
9.17
9.64
10.07
10.52
10.97
11.40
11.84
12.33
12.82
13.42
14.02
14.65
15.28
15.93
16.56
17.16
17.77
18.44
19.06
19.69
20.29
20.92
21.54
22.14
22.63
23.15
23.66
24.16
24.64
25.15
25.61
26.10
26.61
27.09
27.55
28.05
28.49
28.91
29.37
29.79
30.20
30.60
31.05
31.46
31.89
32.32
32.79
33.24
33.70
34.27
34.82
35.36
35.97
36.55
37.13
37.71
38.29
38.89
39.53
40.10
40.70
41.30
41.77
42.26
42.71
43.21
43.71
44.19
44.66
45.19
45.67
46.15
46.67
47.16
47.66
48.16
48.67
49.13
49.62
50.16
50.53
50.89
51.20
51.53
51.87
52.22
52.55
52.91
53.31
53.70
54.07
54.43
54.78
55.11
55.45
55.80
56.12
56.42
56.89
57.35
57.84
58.35
58.86
59.42
59.94
60.49
60.98
61.49
61.97
62.47
62.97
63.48
64.01
64.53
65.09
65.63
66.20
66.76
67.29
67.84
68.36
68.89
69.43
69.95
70.50
71.03
71.52
71.98
72.47
72.91
73.36
73.82
74.35
74.84
75.37
75.98
76.60
77.18
77.75
78.31
78.84
79.41
79.96
80.45
80.97
81.50
82.02
82.57
83.10
83.68
84.23
84.78
85.36
85.96
86.61
87.28
87.84
88.40
88.96
89.49
90.02
90.53
91.05
91.56
92.09
92.69
93.29
93.90
94.52
95.11
95.71
96.34
96.92
97.51
98.13
98.73
99.29
99.89
100.50
101.08
101.69
102.28
102.86
103.47
104.10
104.75
105.37
106.00
106.67
107.31
107.93
108.53
109.17
109.81
110.41
111.04
111.64
112.20
112.80
113.37
113.99
114.54
115.10
115.61
116.12
116.63
117.18
117.70
118.24
118.79
119.40
120.00
120.60
121.21
121.79
122.38
123.02
123.62
124.23
124.83
125.43
126.06
126.66
127.27
127.90
128.50
129.11
129.73
130.33
130.94
131.54
132.17
132.79
133.43
134.05
134.65
135.26
135.84
136.39
136.90
137.44
137.97
138.48
139.01
139.53
139.99
140.43
140.90
141.33
141.70
142.09
142.45
142.83
143.24
143.64
144.03
144.43
144.82
145.22
145.61
145.98
146.40
146.82
147.19
147.57
147.91
148.28
148.65
149.00
149.36
149.70
150.07
150.40
150.74
151.07
151.37
151.70
152.04
152.42
152.83
153.31
153.75
154.16
154.60
155.02
155.43
155.86
156.34
156.80
