# Beats
0.62
1.23
1.83
2.44
3.02
3.60
4.18
4.78
5.34
5.92
6.41
6.92
7.44
7.94
8.43
8.89
9.38
9.87
10.34
10.84
11.35
11.85
12.36
12.86
13.35
13.82
14.28
14.72
15.19
15.65
16.14
16.60
17.09
17.53
18.04
18.55
19.04
19.57
20.11
20.64
21.14
21.64
22.13
22.62
23.08
23.57
24.03
24.54
25.03
25.47
25.94
26.40
26.84
27.31
27.77
28.24
28.68
29.12
29.59
30.05
30.48
30.95
31.47
31.95
32.44
32.95
33.48
34.02
34.50
34.99
35.49
36.01
36.52
37.04
37.57
38.08
38.61
39.15
39.68
40.29
40.87
41.47
42.10
42.70
43.33
43.93
44.56
45.21
45.84
46.50
47.19
47.81
48.44
49.02
49.54
50.14
50.69
51.25
51.76
52.31
52.87
53.41
53.92
54.45
55.03
55.59
56.15
56.74
57.31
57.88
58.41
58.90
59.47
60.01
60.57
61.11
61.65
62.21
62.75
63.27
63.81
64.30
64.80
65.32
65.76
66.20
66.69
67.16
67.59
68.03
68.45
68.89
69.36
69.80
70.29
70.75
71.26
71.63
72.01
72.38
72.75
73.12
73.47
73.82
74.19
74.52
74.84
75.19
75.53
75.86
76.18
76.51
76.88
77.21
77.51
77.83
78.18
78.51
78.92
79.32
79.74
80.16
80.55
80.97
81.39
81.83
82.27
82.69
83.08
83.52
83.96
84.40
84.85
85.24
85.68
86.19
86.68
87.17
87.70
88.21
88.75
89.30
89.86
90.40
90.95
91.51
92.09
92.67
93.23
93.87
94.48
95.09
95.71
96.32
96.90
97.48
98.17
98.85
99.52
100.19
100.89
101.56
102.19
102.76
103.31
103.89
104.44
105.05
105.63
106.21
106.77
107.35
107.93
108.48
109.04
109.55
110.11
110.62
111.18
111.71
112.22
112.76
113.31
113.87
114.40
114.92
115.46
116.01
116.59
117.12
