# Beats
0.60
1.18
1.75
2.32
2.88
3.39
3.92
4.44
4.97
5.48
6.05
6.62
7.17
7.74
8.31
8.89
9.47
10.05
10.58
11.11
11.64
12.18
12.72
13.28
13.79
14.33
14.85
15.36
15.88
16.39
16.90
17.40
17.91
18.44
18.94
19.47
20.00
20.55
21.08
21.62
22.14
22.66
23.19
23.73
24.29
24.83
25.38
25.93
26.46
26.98
27.52
28.06
28.65
29.23
29.80
30.37
30.95
31.54
32.14
32.73
33.32
33.88
34.46
35.04
35.60
36.18
36.73
37.31
37.92
38.48
39.03
39.61
40.19
40.77
41.34
41.91
42.49
43.06
43.63
44.19
44.78
45.35
45.91
46.46
47.07
47.62
48.20
48.79
49.34
49.91
50.48
51.06
51.62
52.20
52.76
53.31
53.89
54.47
55.03
55.59
56.16
56.73
57.30
57.86
58.42
58.98
59.56
60.12
60.69
61.21
61.75
62.30
62.72
63.15
63.58
63.99
64.44
64.86
65.29
65.76
66.20
66.63
67.01
67.42
67.83
68.23
68.64
69.03
69.43
69.85
70.24
70.64
71.05
71.47
71.89
72.31
72.72
73.20
73.67
74.14
74.61
75.08
75.56
76.00
76.44
76.88
77.28
77.67
78.07
78.46
78.85
79.24
79.62
79.99
80.36
80.74
81.11
81.47
81.83
82.19
82.55
82.90
83.29
83.68
84.08
84.47
84.85
85.22
85.60
85.98
86.37
86.75
87.12
87.50
87.88
88.25
88.63
89.00
89.36
89.71
90.07
90.43
90.79
91.16
91.52
