# Beats
0.57
1.18
1.80
2.41
3.04
3.67
4.30
4.92
5.54
6.15
6.76
7.36
7.87
8.38
8.89
9.33
9.78
10.21
10.66
11.11
11.56
12.02
12.47
12.91
13.37
13.84
14.29
14.74
15.19
15.65
16.13
16.59
17.04
17.50
17.95
18.41
18.88
19.38
19.90
20.41
20.93
21.43
21.94
22.42
22.92
23.41
23.92
24.40
24.92
25.43
25.93
26.39
26.89
27.38
27.86
28.37
28.89
29.40
29.91
30.41
30.91
31.42
31.93
32.42
32.90
33.39
33.88
34.39
34.90
35.42
35.99
36.55
37.11
37.66
38.20
38.77
39.33
39.92
40.41
40.91
41.40
41.91
42.42
42.93
43.43
43.93
44.44
44.95
45.46
45.96
46.46
46.97
47.46
47.97
48.47
48.97
49.46
49.93
50.41
50.90
51.40
51.92
52.41
52.90
53.39
53.89
54.39
54.89
55.40
55.93
56.45
56.82
57.18
57.54
57.89
58.24
58.61
58.99
59.35
59.70
60.05
60.40
60.73
61.17
61.61
62.07
62.50
62.93
63.36
63.79
64.20
64.62
65.06
65.50
65.94
66.39
66.83
67.22
67.62
68.02
68.43
68.82
69.23
69.64
70.05
70.48
70.89
71.27
71.66
72.05
72.42
72.82
73.21
73.58
73.98
74.37
74.77
75.15
75.53
75.91
76.28
76.67
77.08
77.61
78.11
78.62
79.19
79.78
80.36
80.94
81.50
82.06
82.62
83.20
83.78
84.33
84.89
85.45
86.02
86.59
87.14
87.70
88.26
88.80
89.35
89.92
