# Beats
0.37
0.75
1.16
1.58
1.99
2.39
2.76
3.18
3.58
3.97
4.34
4.71
5.09
5.47
5.85
6.25
6.64
7.04
7.50
7.95
8.45
8.92
9.40
9.85
10.33
10.77
11.23
11.68
12.23
12.72
13.21
13.72
14.23
14.71
15.23
15.74
16.36
17.00
17.62
18.27
18.90
19.53
20.15
20.78
21.43
22.11
22.76
23.41
24.03
24.68
25.37
26.03
26.73
27.40
28.05
28.70
29.30
29.92
30.56
31.18
31.79
32.39
33.00
33.62
34.20
34.76
35.32
35.83
36.36
36.87
37.48
38.08
38.65
39.24
39.82
40.38
40.96
41.52
42.10
42.66
43.19
43.76
44.33
44.91
45.49
46.06
46.60
47.15
47.66
48.17
48.68
49.18
49.67
50.18
50.69
51.18
51.68
52.16
52.64
53.12
53.61
54.10
54.59
55.16
55.73
56.26
56.82
57.38
57.91
58.43
59.00
59.49
60.01
60.49
60.95
61.42
61.92
62.36
62.83
63.30
63.80
64.25
64.71
65.19
65.67
66.11
66.55
66.99
67.41
67.83
68.24
68.68
69.10
69.54
70.00
70.45
70.88
71.31
71.73
72.14
72.61
73.11
73.56
74.04
74.50
75.01
75.45
75.93
76.39
76.86
77.35
77.81
