# Beats
0.44
0.88
1.29
1.70
2.10
2.52
2.95
3.33
3.72
4.08
4.45
4.83
5.20
5.57
5.94
6.32
6.69
7.05
7.42
7.79
8.16
8.52
8.88
9.24
9.60
9.97
10.34
10.72
11.09
11.46
11.83
12.20
12.56
12.93
13.29
13.65
14.01
14.37
14.73
15.09
15.45
15.82
16.20
16.56
16.92
17.29
17.65
18.01
18.37
18.74
19.11
19.48
19.84
20.20
20.56
20.91
21.26
21.62
21.98
22.34
22.71
23.08
23.44
23.80
24.16
24.52
24.88
25.25
25.62
25.99
26.37
26.73
27.09
27.45
27.82
28.19
28.56
28.93
29.29
29.66
30.02
30.38
30.74
31.11
31.49
31.85
32.19
32.54
32.89
33.24
33.60
33.96
34.33
34.69
35.05
35.41
35.78
36.14
36.51
36.87
37.24
37.60
37.96
38.32
38.68
39.04
39.40
39.78
40.16
40.53
40.89
41.25
41.61
41.97
42.33
42.70
43.07
43.43
43.79
44.15
44.51
44.88
45.24
45.62
45.99
46.35
46.70
47.06
47.42
47.79
48.17
48.55
48.92
49.30
49.67
50.04
50.42
50.79
51.18
51.55
51.93
52.31
52.70
53.07
53.45
53.82
54.20
54.57
54.94
55.31
55.67
56.05
56.42
56.80
57.16
57.52
57.89
58.26
58.64
59.00
59.37
59.74
60.10
60.46
60.82
61.17
61.53
61.89
62.25
62.61
62.97
63.33
63.69
64.05
64.42
64.78
65.14
65.52
65.88
66.23
66.61
66.97
67.33
67.70
68.07
68.43
68.79
69.17
69.54
69.92
70.29
70.65
71.02
71.38
71.74
72.10
72.46
72.83
73.20
73.56
73.92
74.28
74.63
74.99
75.35
75.72
76.09
76.46
76.82
77.18
77.54
77.90
78.27
78.65
79.02
79.40
79.78
80.17
80.54
80.93
81.32
81.70
82.08
82.45
82.83
83.20
83.58
83.96
84.35
84.73
85.11
85.50
85.88
86.26
86.63
87.02
87.40
87.77
88.15
88.54
88.92
89.30
89.70
90.08
90.48
90.87
91.27
91.66
92.06
92.44
92.82
93.19
93.55
93.91
94.27
94.63
94.99
95.35
95.71
96.07
96.42
96.79
97.15
97.52
97.88
98.24
98.60
98.98
99.35
99.71
100.07
100.43
100.80
101.16
101.52
101.88
102.24
102.61
102.98
103.34
103.70
104.06
104.42
104.78
105.14
105.51
105.88
106.24
106.60
106.97
107.35
107.73
108.11
108.48
108.84
109.20
109.56
109.92
110.29
110.65
111.01
111.37
111.73
112.09
112.45
112.81
113.20
113.57
113.94
114.31
114.68
115.04
115.40
115.76
116.13
116.49
116.87
117.24
117.62
118.00
118.39
118.76
119.14
119.54
119.92
120.31
120.71
121.10
121.49
121.85
122.22
122.59
122.96
123.32
123.68
124.04
124.41
124.77
125.14
125.52
125.89
126.26
126.63
127.01
127.38
127.74
128.12
128.49
128.86
129.22
129.60
129.97
130.36
130.74
131.09
131.44
131.78
132.13
132.48
132.84
133.20
133.57
133.94
134.32
134.68
135.04
135.41
135.77
136.13
136.49
136.85
137.21
137.56
137.90
138.25
138.60
138.96
139.32
139.68
140.04
140.40
140.75
141.11
141.48
141.85
142.22
142.59
142.98
143.36
143.74
144.13
144.47
144.82
145.17
145.52
145.90
146.27
146.65
147.03
147.46
147.89
148.32
148.75
149.18
149.61
150.04
150.47
150.89
151.34
151.77
152.21
152.64
153.07
