# Beats
0.36
0.73
1.09
1.45
1.81
2.17
2.53
2.90
3.26
3.62
3.98
4.34
4.70
5.06
5.41
5.77
6.13
6.49
6.85
7.22
7.59
7.95
8.31
8.68
9.07
9.44
9.80
10.16
10.51
10.87
11.23
11.58
11.95
12.32
12.67
13.03
13.39
13.75
14.11
14.47
14.83
15.20
15.56
15.92
16.28
16.64
17.00
17.36
17.73
18.10
18.47
18.83
19.19
19.56
19.92
20.28
20.65
21.01
21.37
21.73
22.09
22.45
22.81
23.16
23.51
23.87
24.23
24.58
24.94
25.30
25.66
26.02
26.39
26.76
27.12
27.48
27.85
28.22
28.60
28.96
29.32
29.68
30.04
30.39
30.75
31.11
31.47
31.85
32.21
32.57
32.94
33.31
33.68
34.05
34.44
34.81
35.18
35.55
35.92
36.29
36.66
37.06
37.44
37.85
38.24
38.63
39.02
39.40
39.80
40.19
40.58
40.95
41.31
41.67
42.03
42.40
42.76
43.13
43.49
43.85
44.22
44.59
44.97
45.34
45.71
46.09
46.46
46.83
47.21
47.57
47.93
48.29
48.66
49.02
49.38
49.75
50.11
50.47
50.84
51.20
51.57
51.93
52.30
52.67
53.03
53.39
53.77
54.13
54.49
54.85
55.21
55.55
55.91
56.27
56.65
57.02
57.39
57.76
58.11
58.46
58.80
59.16
59.54
59.91
60.27
60.63
60.98
61.34
61.70
62.07
62.44
62.81
63.18
63.54
63.90
64.25
64.61
64.97
65.34
65.71
66.08
66.44
66.80
67.15
67.50
67.85
68.21
68.58
68.97
69.35
69.72
70.10
70.47
70.84
71.22
71.59
71.95
72.32
72.69
73.05
73.41
73.77
74.13
74.50
74.86
75.22
75.58
75.93
76.29
76.64
77.00
77.37
77.74
78.11
78.50
78.87
79.24
79.61
79.99
80.39
80.78
81.17
81.56
81.94
82.34
82.73
83.12
83.50
83.88
84.25
84.63
85.00
85.37
85.74
86.11
86.48
86.85
87.23
87.60
87.96
88.32
88.68
89.05
89.41
89.77
90.13
90.48
90.82
91.16
91.51
91.86
92.25
92.65
93.04
93.44
93.79
94.13
94.48
94.83
95.19
95.55
95.91
96.28
96.65
97.01
97.37
97.73
98.08
98.43
98.78
99.14
99.50
99.88
100.25
100.61
100.97
101.32
101.68
102.04
102.40
102.78
103.17
103.54
103.91
104.27
104.63
104.99
105.36
105.73
106.10
106.46
106.82
107.18
107.54
107.91
108.29
108.65
109.01
109.37
109.73
110.09
110.46
110.81
111.15
111.51
111.87
112.23
112.59
112.97
113.34
113.71
114.08
114.45
114.82
115.19
115.57
115.94
116.30
116.66
117.01
117.37
117.73
118.09
118.46
118.82
119.19
119.55
119.91
120.28
120.65
121.03
121.42
121.79
122.18
122.59
123.00
123.51
124.01
124.51
124.93
125.36
125.79
126.24
126.66
127.09
127.52
127.94
128.37
128.79
129.21
129.63
130.04
130.46
130.88
131.30
131.70
132.11
132.53
132.93
133.35
133.77
134.18
134.58
134.99
135.40
135.81
136.23
136.65
137.07
137.49
137.91
138.34
138.79
139.20
139.62
140.04
140.45
140.86
141.28
141.70
142.12
142.52
142.94
143.36
143.77
144.18
144.60
145.01
145.41
145.83
146.25
146.67
147.09
147.49
147.90
148.32
148.74
149.14
149.55
149.97
150.37
150.79
151.21
151.66
152.11
152.57
153.02
153.48
153.96
154.44
154.94
155.42
155.93
156.43
156.93
157.43
157.92
158.41
158.89
159.38
159.87
160.35
160.77
161.20
161.63
162.03
162.42
162.82
163.21
163.65
164.10
164.54
164.98
165.43
165.87
166.32
166.78
167.23
167.69
168.11
168.53
168.95
169.37
169.78
170.20
170.62
171.04
171.44
171.85
172.27
172.78
173.29
173.80
174.32
174.85
175.38
175.93
176.46
176.99
177.53
178.05
178.58
