# Beats
0.74
1.47
2.22
2.96
3.67
4.38
5.09
5.79
6.50
7.22
7.93
8.64
9.33
10.04
10.68
11.32
11.95
12.59
13.21
13.76
14.30
14.85
15.34
15.82
16.31
16.79
17.28
17.75
18.23
18.69
19.16
19.61
20.06
20.50
20.91
21.33
21.73
22.15
22.58
23.01
23.44
23.86
24.28
24.68
25.09
25.52
25.95
26.37
26.80
27.21
27.64
28.07
28.53
28.98
29.43
29.87
30.31
30.75
31.20
31.59
32.00
32.39
32.77
33.15
33.53
33.90
34.27
34.64
35.00
35.36
35.74
36.11
36.48
36.86
37.24
37.64
38.02
38.41
38.85
39.28
39.72
40.18
40.63
41.09
41.54
41.98
42.45
42.89
43.39
43.89
44.40
44.86
45.33
45.79
46.25
46.72
47.18
47.69
48.20
48.72
49.23
49.74
50.24
50.76
51.27
51.78
52.29
52.80
53.31
53.84
54.36
54.98
55.60
56.22
56.88
57.54
58.21
58.89
59.55
60.21
60.87
61.54
62.21
62.83
63.45
64.06
64.67
65.27
65.89
66.50
67.13
67.74
68.36
68.97
69.59
70.22
70.84
71.47
72.10
72.71
73.29
73.86
74.44
75.02
75.60
76.18
76.78
77.37
77.96
78.55
79.18
79.81
80.45
81.07
81.70
82.30
82.92
83.52
84.14
84.74
85.34
85.96
86.59
87.23
87.76
88.29
88.83
89.27
89.72
90.16
90.62
91.03
91.45
91.88
92.30
92.72
93.12
93.53
93.94
94.34
94.75
95.18
95.61
96.03
96.60
97.15
97.71
98.27
98.81
99.36
99.88
100.41
100.95
101.47
101.99
102.52
103.04
103.57
104.11
104.63
105.15
105.70
106.25
106.81
107.37
107.93
108.48
109.03
109.59
110.13
110.69
111.25
111.79
112.34
113.01
113.70
114.38
115.10
115.82
116.54
117.26
117.93
118.60
119.26
119.92
120.58
121.23
121.88
122.53
123.17
123.69
124.22
124.74
125.28
125.84
126.39
126.93
127.48
127.99
128.50
129.01
129.49
129.96
130.44
130.91
131.38
131.84
132.31
132.77
133.22
133.69
134.13
134.56
134.99
135.42
135.85
136.28
136.71
137.14
137.57
138.00
138.44
138.87
139.30
139.74
140.18
140.62
141.05
141.44
141.84
142.23
142.62
143.01
143.41
143.80
144.22
144.64
145.06
145.47
145.89
146.31
146.73
147.13
147.54
147.95
148.36
148.86
149.36
149.85
150.35
150.84
151.34
151.86
152.39
152.93
153.44
153.95
154.47
154.98
155.48
155.99
156.50
157.01
157.56
158.09
158.64
159.24
159.85
160.45
161.08
161.70
162.28
162.86
163.45
164.01
164.57
165.12
165.67
166.22
166.77
167.32
167.88
168.41
168.94
169.46
169.98
170.50
171.01
171.53
172.04
172.55
173.05
173.56
174.07
174.58
175.10
