# Beats
0.39
0.79
1.18
1.58
1.96
2.33
2.69
3.08
3.44
3.82
4.19
4.53
4.85
5.15
5.48
5.78
6.11
6.42
6.73
7.06
7.38
7.71
8.06
8.38
8.73
9.08
9.43
9.79
10.12
10.45
10.80
11.15
11.52
11.98
12.45
12.90
13.35
13.84
14.33
14.81
15.35
15.88
16.39
16.88
17.39
17.90
18.41
18.91
19.41
19.92
20.43
20.90
21.35
21.79
22.24
22.71
23.17
23.64
24.13
24.59
25.05
25.53
25.98
26.46
26.95
27.45
27.93
28.44
28.96
29.47
30.01
30.56
31.10
31.65
32.21
32.79
33.33
33.88
34.34
34.81
35.27
35.72
36.19
36.64
37.08
37.54
37.99
38.43
38.86
39.29
39.73
40.16
40.58
41.01
41.44
41.85
42.26
42.68
43.10
43.53
43.98
44.42
44.84
45.27
45.70
46.11
46.54
46.97
47.42
47.86
48.27
48.70
49.11
49.53
49.95
50.36
50.74
51.12
51.50
51.86
52.24
52.62
52.99
53.36
53.72
54.08
54.44
54.80
55.10
55.40
55.73
56.08
56.42
56.77
57.12
57.46
57.79
