# Beats
0.53
1.06
1.56
2.07
2.59
3.07
3.54
4.04
4.54
5.06
5.57
6.06
6.55
7.04
7.53
8.02
8.51
9.00
9.47
9.96
10.47
10.97
11.47
11.98
12.48
12.98
13.54
14.09
14.66
15.26
15.84
16.43
17.01
17.60
18.20
18.78
19.38
19.97
20.56
21.13
21.70
22.27
22.85
23.41
23.94
24.50
25.05
25.68
26.31
26.88
27.46
28.03
28.60
29.18
29.74
30.33
30.91
31.49
32.07
32.65
33.23
33.79
34.35
34.95
35.54
36.11
36.68
37.24
37.83
38.42
38.96
39.54
40.12
40.70
41.27
41.87
42.45
43.03
43.61
44.19
44.77
45.34
45.92
46.52
47.10
47.67
48.23
48.79
49.37
49.95
50.52
51.08
51.68
52.27
52.85
53.44
54.03
54.64
55.22
55.80
56.38
56.96
57.53
58.05
58.60
59.14
59.68
60.21
60.74
61.30
61.87
62.45
63.02
63.58
64.09
64.62
65.14
65.67
66.19
66.71
67.24
67.77
68.29
68.81
69.33
69.93
70.52
71.11
71.69
72.26
72.84
73.41
73.99
74.58
75.16
75.74
76.32
76.90
77.40
77.90
78.39
78.77
79.16
79.55
79.95
80.33
80.71
81.11
81.49
81.90
82.28
82.69
83.07
83.45
83.84
84.22
84.60
85.01
85.40
85.80
86.22
86.65
87.05
87.48
87.91
88.35
88.78
89.21
89.63
90.06
90.49
90.94
91.37
91.81
92.25
92.68
93.11
93.55
93.99
94.42
94.85
95.29
95.72
96.15
96.57
96.99
97.42
97.85
98.28
98.71
99.14
99.56
99.99
100.44
100.87
101.31
101.75
102.19
102.67
103.15
103.65
104.15
104.64
105.14
105.65
106.14
106.64
107.15
107.65
108.14
108.58
109.01
109.42
109.85
110.28
110.71
111.15
111.60
112.01
112.44
112.87
113.30
113.74
114.17
114.58
115.00
115.40
115.82
116.25
116.68
117.10
117.54
117.98
118.43
118.86
119.27
119.69
120.12
120.53
120.95
121.38
121.81
122.25
122.69
123.11
123.53
123.95
124.38
124.83
125.26
125.69
126.13
126.66
127.20
127.72
128.19
128.66
129.14
129.61
130.09
130.57
131.04
131.52
131.98
132.48
132.96
133.45
133.93
134.42
134.91
135.40
135.86
136.36
136.84
137.32
137.81
138.30
138.79
139.26
139.74
140.23
140.71
141.20
141.69
142.21
142.73
143.24
143.75
144.27
144.76
145.25
145.74
146.24
146.75
147.26
147.78
148.28
148.78
149.28
149.77
150.27
150.77
151.25
151.74
152.22
152.71
153.18
153.67
154.16
154.62
155.09
155.56
156.04
156.53
157.01
157.51
157.99
158.46
158.94
159.43
159.93
160.43
160.91
161.38
161.84
162.32
162.80
163.28
163.77
164.26
164.75
165.28
165.84
166.39
166.93
167.50
168.07
168.62
169.17
169.69
170.21
170.75
171.27
171.80
172.34
172.86
173.38
173.96
174.54
175.11
175.69
176.26
176.83
177.37
177.90
178.43
178.96
179.49
180.02
180.55
181.07
181.60
182.13
182.65
183.17
183.69
184.23
184.68
185.13
185.57
186.02
186.46
186.90
187.34
187.78
188.23
188.69
189.10
189.52
189.94
190.44
190.94
191.44
191.94
192.45
192.93
193.42
193.92
194.41
194.92
195.42
195.91
196.41
196.93
197.44
197.93
198.41
198.93
199.38
199.83
200.30
200.76
201.22
201.69
202.15
202.62
203.08
203.59
204.09
204.60
205.09
205.59
206.09
206.58
207.08
207.57
208.10
208.62
209.13
209.65
210.15
210.64
211.14
211.63
212.14
212.76
213.38
213.98
214.60
215.23
215.84
216.46
217.08
217.72
218.38
219.06
219.73
220.33
220.91
221.52
222.12
222.73
223.32
223.92
224.53
225.12
225.70
226.15
226.60
227.07
227.53
228.01
228.47
228.93
229.39
229.85
230.32
230.76
231.21
231.64
232.06
232.49
232.92
233.33
233.73
234.13
234.52
234.92
235.31
235.69
236.08
236.47
236.88
237.26
237.67
238.07
238.49
238.91
239.30
239.69
240.08
240.47
240.85
241.24
241.64
242.02
242.44
242.87
243.30
243.82
244.34
244.88
245.41
245.93
246.47
246.97
247.48
248.02
248.57
249.10
249.64
