# Beats
0.36
0.75
1.16
1.60
2.01
2.41
2.81
3.23
3.65
4.06
4.47
4.89
5.33
5.77
6.22
6.66
7.09
7.53
8.01
8.44
8.88
9.35
9.79
10.25
10.68
11.10
11.53
11.97
12.40
12.86
13.37
13.84
14.34
14.85
15.34
15.84
16.32
16.80
17.25
17.73
18.25
18.77
19.28
19.83
20.35
20.87
21.40
21.93
22.52
23.13
23.74
24.35
24.94
25.54
26.16
26.82
27.47
28.14
28.76
29.37
29.99
30.60
31.21
31.82
32.43
33.02
33.59
34.14
34.67
35.20
35.72
36.26
36.80
37.35
37.91
38.48
38.97
39.49
39.98
40.50
41.01
41.52
41.98
42.47
42.92
43.35
43.79
44.22
44.68
45.12
45.55
45.98
46.39
46.80
47.23
47.67
48.09
48.52
49.04
49.54
50.05
50.57
51.11
51.63
52.16
52.67
53.20
53.67
54.16
54.68
55.17
55.68
56.18
56.69
57.19
57.69
58.18
58.70
59.21
59.73
60.22
60.74
61.22
61.73
62.23
62.66
63.09
63.53
63.99
64.45
64.90
65.38
65.79
66.21
66.63
67.08
67.55
68.00
68.41
68.80
69.22
69.63
69.98
70.32
70.68
71.04
71.41
71.76
72.13
72.52
72.88
73.27
73.64
74.04
74.40
74.76
75.12
75.50
75.91
76.29
76.67
77.07
77.48
77.93
78.37
78.85
79.37
79.85
80.41
80.94
81.51
82.14
82.77
83.43
84.10
84.80
85.50
86.19
86.89
87.57
88.25
88.92
89.57
90.21
90.85
91.49
92.17
92.86
