# Beats
0.37
0.77
1.16
1.56
1.95
2.36
2.75
3.15
3.54
3.94
4.33
4.73
5.12
5.51
5.89
6.26
6.62
6.99
7.36
7.73
8.10
8.48
8.85
9.21
9.57
9.94
10.30
10.67
11.04
11.41
11.78
12.16
12.53
12.90
13.27
13.63
13.99
14.36
14.73
15.12
15.50
15.88
16.25
16.63
17.00
17.37
17.74
18.11
18.49
18.87
19.24
19.60
19.97
20.33
20.70
21.07
21.44
21.80
22.18
22.55
22.92
23.29
23.66
24.03
24.40
24.78
25.15
25.52
25.89
26.26
26.63
27.00
27.38
27.75
28.12
28.48
28.85
29.22
29.59
29.98
30.36
30.73
31.10
31.49
31.87
32.24
32.61
32.98
33.34
33.72
34.09
34.47
34.85
35.24
35.62
36.00
36.39
36.78
37.23
37.70
38.15
38.60
39.16
39.72
40.34
40.97
41.60
42.20
42.82
43.42
44.04
