# Beats
0.75
1.52
2.29
3.04
3.80
4.55
5.29
6.05
6.80
7.59
8.41
9.20
9.98
10.77
11.56
12.35
13.12
13.82
14.52
15.23
15.95
16.67
17.38
18.09
18.81
19.53
20.25
20.94
21.65
22.37
23.08
23.80
24.52
25.24
25.95
26.66
27.38
28.10
28.80
29.51
30.21
30.91
31.63
32.35
33.07
33.79
34.48
35.20
35.90
36.62
37.34
38.06
38.78
39.50
40.22
40.91
41.63
42.34
43.04
43.77
44.49
45.21
45.92
46.63
47.35
48.07
48.79
49.49
50.20
50.92
51.64
52.36
53.07
53.78
54.50
55.21
55.91
56.63
57.36
58.07
58.79
59.50
60.21
60.91
61.60
62.31
63.04
63.77
64.48
65.19
65.90
66.61
67.34
68.07
68.80
69.52
70.23
70.94
71.61
72.30
72.98
73.65
74.36
75.05
75.72
76.39
77.08
77.79
78.48
79.16
79.84
80.53
81.21
81.89
82.56
83.24
83.93
84.61
85.29
85.97
86.66
87.34
88.00
88.69
89.37
90.06
90.74
91.42
92.10
92.79
93.46
94.16
94.83
95.52
96.18
96.87
97.57
98.24
98.92
99.60
100.29
100.98
101.68
102.38
103.07
103.78
104.49
105.19
105.80
106.42
107.04
107.67
108.29
108.90
109.51
110.10
110.69
111.29
111.90
112.49
113.08
113.68
114.29
114.89
115.50
116.10
116.70
117.31
117.91
118.51
119.12
119.72
120.33
120.91
121.51
122.13
122.74
123.34
123.97
124.60
125.13
125.69
126.25
126.78
127.32
127.87
128.41
128.94
