# Beats
0.60
1.22
1.80
2.37
2.95
3.52
4.10
4.67
5.24
5.80
6.33
6.83
7.31
7.78
8.24
8.70
9.15
9.64
10.10
10.54
10.97
11.39
11.83
12.26
12.69
13.11
13.62
14.11
14.62
15.22
15.82
16.43
17.04
17.66
18.25
18.85
19.45
20.05
20.65
21.29
21.93
22.52
23.13
23.73
24.21
24.66
25.12
25.51
25.88
26.24
26.59
26.94
27.30
27.67
28.01
28.36
28.72
29.06
29.38
29.78
30.17
30.58
31.00
31.43
31.83
32.26
32.66
33.08
33.48
33.90
34.33
34.76
35.19
35.62
36.07
36.54
37.01
37.48
37.93
38.37
38.86
39.33
39.83
40.32
40.77
41.24
41.74
42.25
42.79
43.44
44.07
44.69
45.31
45.93
46.54
47.16
47.76
48.37
48.98
49.53
50.07
50.58
51.10
51.61
52.13
52.65
53.15
53.68
54.18
54.72
55.22
55.68
56.16
56.60
57.03
57.48
57.95
58.39
58.80
59.23
59.68
60.09
60.52
60.99
61.44
61.88
62.32
62.76
63.19
63.65
64.11
64.57
65.02
65.46
65.91
66.37
66.90
67.45
68.00
68.60
69.24
69.85
70.44
71.05
71.68
72.30
72.95
73.57
74.21
74.83
75.48
76.13
76.77
77.38
78.01
78.65
79.24
79.88
80.46
81.00
81.57
82.14
82.71
83.27
83.82
84.38
84.95
85.54
86.12
86.76
87.40
87.98
88.56
89.15
89.76
90.34
90.95
91.56
92.14
92.68
93.24
93.70
94.18
94.66
95.11
95.52
95.93
96.36
96.78
97.21
97.64
98.07
98.46
98.87
99.30
99.67
100.04
100.39
100.74
101.06
101.42
101.77
102.11
102.43
102.79
103.15
103.50
103.86
104.22
104.58
104.93
105.28
105.70
106.10
106.52
106.96
107.39
107.80
108.23
108.66
109.11
109.55
109.98
110.42
110.85
111.28
111.69
112.09
112.51
112.92
113.35
113.78
114.23
114.64
115.04
115.43
115.82
116.23
116.66
117.08
117.46
117.88
118.28
118.69
119.11
119.50
119.92
120.37
120.80
121.23
121.67
122.03
122.37
122.75
123.11
123.55
123.97
124.39
124.81
125.24
125.64
126.03
126.42
126.84
127.25
127.65
128.07
128.48
128.88
129.35
129.80
130.25
130.69
131.23
131.78
132.33
132.88
133.41
133.96
134.50
135.08
135.65
136.22
136.79
137.37
137.95
138.53
139.08
139.62
140.17
140.71
141.25
141.78
142.30
142.81
143.33
143.86
144.38
144.93
145.46
145.97
146.51
147.04
147.55
148.07
148.61
149.15
149.69
150.22
150.77
151.29
151.80
152.32
152.83
153.34
153.87
154.41
154.97
155.52
156.08
156.64
157.20
157.74
158.26
158.79
159.34
159.86
160.38
161.00
161.59
162.19
162.81
163.42
163.99
164.56
165.12
165.69
166.23
166.82
167.38
167.95
168.51
169.08
169.60
170.11
170.63
171.11
171.58
172.08
172.63
173.15
173.66
174.20
174.73
175.25
175.78
176.26
176.76
177.16
177.56
177.98
178.33
178.69
179.05
179.40
179.76
180.09
180.44
180.79
181.13
181.46
181.80
182.11
182.45
182.78
183.10
183.43
183.76
184.09
184.42
184.77
185.12
185.46
185.81
186.15
186.51
186.87
187.26
187.64
188.04
188.44
188.89
189.35
189.81
190.40
190.97
191.55
192.20
192.83
193.46
194.10
194.75
195.38
196.03
196.67
197.29
197.85
198.39
198.93
199.55
200.18
200.82
201.43
202.06
202.72
203.41
204.08
204.75
205.42
206.07
206.72
207.33
207.98
208.65
209.34
210.09
210.83
211.46
212.10
212.75
213.40
214.04
214.68
215.30
215.99
216.70
217.40
218.12
218.84
219.52
220.24
