# Beats
0.39
0.82
1.25
1.68
2.11
2.55
2.98
3.40
3.83
4.25
4.68
5.12
5.55
5.99
6.42
6.85
7.29
7.72
8.17
8.63
9.04
9.47
9.91
10.36
10.80
11.24
11.68
12.10
12.54
12.98
13.39
13.77
14.15
14.54
14.94
15.34
15.73
16.11
16.49
16.86
17.26
17.67
18.11
18.53
18.95
19.49
20.04
20.60
21.16
21.72
22.27
22.83
23.38
23.92
24.47
25.01
25.44
25.88
26.33
26.75
27.16
27.56
27.99
28.42
28.84
29.28
29.70
30.12
30.53
30.95
31.37
31.80
32.21
32.61
33.01
33.39
33.80
34.24
34.67
35.11
35.55
35.99
36.46
36.87
37.34
37.78
38.21
38.68
39.15
39.59
40.05
40.52
41.01
41.45
41.98
42.52
43.06
43.58
44.12
44.65
45.17
45.70
46.21
46.74
47.29
47.88
48.44
49.02
49.57
50.13
50.61
51.10
51.59
52.11
52.59
53.08
53.50
53.99
54.45
54.94
55.43
55.90
56.37
56.84
57.32
57.77
58.21
58.67
59.12
59.58
60.00
60.44
60.88
61.35
61.82
62.31
62.79
63.25
63.72
64.19
64.69
65.20
65.70
66.20
66.71
67.20
67.69
68.17
68.63
69.08
69.52
69.97
70.40
70.86
71.30
71.73
72.17
72.63
73.10
73.55
73.99
