# Beats
0.43
0.89
1.35
1.80
2.24
2.68
3.12
3.56
4.01
4.45
4.89
5.33
5.77
6.20
6.63
7.06
7.49
7.92
8.35
8.78
9.23
9.68
10.14
10.61
11.10
11.58
12.03
12.48
12.93
13.39
13.84
14.29
14.74
15.19
15.62
16.04
16.47
16.89
17.32
17.75
18.18
18.61
19.05
19.50
19.96
20.40
20.83
21.25
21.66
22.07
22.49
22.92
23.35
23.77
24.18
24.61
25.04
25.47
25.90
26.33
26.75
27.18
27.60
28.03
28.47
28.90
29.33
29.76
30.20
30.64
31.07
31.50
31.93
32.35
32.77
33.20
33.63
34.06
34.49
34.92
35.35
35.78
36.21
36.63
37.06
37.49
37.92
38.35
38.78
39.21
39.62
40.05
40.50
40.93
41.37
41.81
42.26
42.70
43.13
43.56
43.99
44.42
44.86
45.29
45.72
46.14
46.56
46.99
47.40
47.84
48.27
48.69
49.11
49.53
49.96
50.39
50.82
51.25
51.68
52.11
52.55
52.96
53.39
53.82
54.25
54.68
55.11
55.55
55.97
56.39
56.81
57.21
57.62
58.05
58.50
58.94
59.39
59.81
60.26
60.69
61.11
61.56
61.99
62.42
62.84
63.27
63.72
64.15
64.56
64.98
65.41
65.84
66.27
66.70
67.13
67.56
67.99
68.41
68.82
69.24
69.66
70.08
70.50
70.91
71.34
71.77
72.20
72.63
73.06
73.49
73.91
74.34
74.77
75.19
75.62
76.03
76.46
76.88
77.31
77.74
78.17
78.60
79.02
79.45
79.87
80.33
80.79
81.26
81.72
82.11
82.48
82.85
83.22
83.58
83.94
84.29
84.65
85.01
85.37
85.73
86.08
86.42
86.77
87.12
87.48
87.85
88.22
88.61
88.99
89.35
89.71
90.07
90.43
90.80
91.17
91.54
91.90
92.26
92.62
92.98
93.36
93.73
94.11
94.49
94.87
95.25
95.63
96.01
96.40
96.78
97.16
97.55
97.93
98.37
98.81
99.27
99.73
100.18
100.64
101.13
101.63
102.13
102.68
103.22
103.77
104.30
104.85
105.40
105.95
106.52
107.00
107.45
107.90
108.34
108.79
109.23
109.67
110.11
110.55
111.00
111.46
111.91
112.36
112.81
113.29
113.77
114.23
114.69
115.17
115.64
116.11
116.59
117.06
117.60
118.13
118.65
119.19
119.72
120.26
120.73
121.20
121.67
122.15
122.61
123.08
123.56
124.06
124.56
125.04
125.52
125.99
126.48
126.96
127.43
127.93
128.43
128.94
129.49
130.02
130.55
131.08
131.61
132.14
132.68
133.20
133.74
134.27
134.80
135.35
135.89
136.44
137.04
137.65
138.25
138.86
139.46
139.97
140.49
141.01
141.49
141.97
142.44
142.90
143.35
143.80
144.28
144.76
145.24
145.72
146.20
146.68
147.19
147.71
148.22
148.72
149.22
149.72
150.15
150.58
151.00
151.43
151.81
152.20
152.57
152.94
153.30
153.66
154.02
154.39
154.80
155.20
155.61
156.01
156.42
156.83
157.23
157.64
158.05
158.45
158.86
159.25
159.65
160.04
160.43
160.83
161.25
161.67
162.11
162.55
162.98
163.41
163.83
164.25
164.66
165.21
165.76
166.29
166.82
167.36
167.90
168.44
168.97
169.51
170.05
170.59
171.06
171.54
172.01
172.49
172.98
173.46
173.94
174.42
174.89
175.39
175.90
176.41
176.91
177.41
177.91
178.42
178.93
179.44
179.94
180.44
180.94
181.41
181.87
182.33
182.79
183.24
183.69
184.27
184.82
185.38
185.96
186.54
187.13
187.83
188.52
189.21
189.89
190.60
191.31
191.99
192.68
193.35
194.03
194.70
195.36
196.02
196.68
197.33
198.00
198.66
199.33
199.99
200.68
201.36
202.05
202.72
203.41
204.17
204.93
205.68
206.44
207.18
207.93
208.67
209.39
210.11
210.83
211.53
212.24
212.83
213.43
214.00
214.55
215.11
215.66
216.21
216.77
217.33
217.87
218.44
218.92
219.38
219.94
220.49
221.03
221.60
222.17
222.74
223.31
223.88
224.46
225.05
225.64
226.21
226.77
227.31
227.86
228.39
228.93
229.47
230.01
230.55
231.08
231.62
232.16
232.71
233.24
233.74
234.24
234.73
235.24
235.74
236.24
236.77
237.27
