# Beats
0.50
1.01
1.52
2.04
2.55
3.08
3.59
4.11
4.62
5.12
5.62
6.11
6.59
7.08
7.57
8.06
8.54
9.01
9.49
9.96
10.44
10.92
11.40
11.88
12.34
12.81
13.27
13.75
14.21
14.69
15.16
15.64
16.11
16.53
16.95
17.38
17.80
18.23
18.66
19.10
19.59
20.05
20.53
21.01
21.50
21.99
22.48
22.96
23.46
23.95
24.45
24.95
25.33
25.72
26.08
26.45
26.82
27.19
27.55
27.92
28.29
28.65
29.01
29.36
29.71
30.06
30.42
30.78
31.13
31.50
31.86
32.22
32.58
32.95
33.31
33.67
34.04
34.40
34.76
35.13
35.50
35.87
36.25
36.63
37.02
37.41
37.79
38.19
38.58
39.03
39.47
39.92
40.36
40.80
41.24
41.69
42.13
42.59
43.04
43.49
43.94
44.40
44.84
45.28
45.72
46.16
