# Beats
0.52
1.07
1.59
2.12
2.67
3.19
3.72
4.23
4.66
5.09
5.51
5.93
6.35
6.77
7.20
7.64
8.06
8.48
8.90
9.32
9.75
10.17
10.61
11.05
11.48
11.91
12.34
12.78
13.21
13.64
14.08
14.51
14.93
15.35
15.78
16.21
16.64
17.07
17.50
17.93
18.34
18.77
19.20
19.64
20.07
20.50
20.93
21.36
21.78
22.21
22.64
23.07
23.50
23.93
24.37
24.80
25.22
25.63
26.06
26.49
26.92
27.35
27.78
28.21
28.63
29.06
29.49
29.92
30.35
30.77
31.20
31.61
32.04
32.47
32.89
33.31
33.74
34.17
34.59
35.02
35.45
35.87
36.30
36.73
37.16
37.59
38.02
38.45
38.88
39.31
39.74
40.17
40.60
41.03
41.46
41.89
42.32
42.75
43.18
43.61
44.04
44.47
44.91
45.34
45.77
46.20
46.63
47.06
47.48
47.90
48.33
48.76
49.18
49.60
50.03
50.46
50.89
51.32
51.75
52.19
52.60
53.03
53.46
53.89
54.32
54.75
55.19
55.62
56.05
56.47
56.90
57.33
57.76
58.19
58.63
59.06
59.49
59.92
60.35
60.78
61.21
61.65
62.09
62.52
62.96
63.39
63.83
64.26
64.68
65.11
65.54
65.97
66.40
66.83
67.26
67.69
68.12
68.55
68.97
69.40
69.83
70.22
70.59
70.97
71.34
71.71
72.09
72.45
72.81
73.19
73.56
73.93
74.30
74.68
75.05
75.43
75.80
76.18
76.57
76.95
77.37
77.78
78.19
78.60
79.02
79.44
79.85
80.31
80.75
81.20
81.65
82.12
82.57
83.02
83.48
83.93
84.37
84.86
85.33
85.81
86.29
86.76
87.24
87.69
88.14
88.58
89.03
89.44
89.86
90.29
90.71
91.13
91.53
91.95
92.37
92.79
93.20
93.61
94.02
94.44
94.85
95.24
95.62
96.00
96.39
96.78
97.18
97.57
97.96
98.36
98.74
99.13
99.51
99.90
100.29
100.68
101.06
101.44
101.82
102.20
102.62
103.04
103.47
103.89
104.29
104.70
105.11
105.51
105.92
106.34
106.75
107.15
107.59
108.02
108.45
