# Beats
0.66
1.34
2.00
2.67
3.29
3.90
4.50
5.11
5.71
6.34
6.95
7.62
8.27
8.92
9.57
10.22
10.88
11.53
12.18
12.83
13.43
14.04
14.63
15.22
15.82
16.44
17.07
17.69
18.31
18.92
19.53
20.13
20.74
21.33
21.92
22.53
23.15
23.77
24.42
25.07
25.70
26.34
26.94
27.52
28.10
28.72
29.34
29.95
30.57
31.18
31.79
32.39
32.98
33.58
34.17
34.63
35.10
35.56
35.98
36.39
36.79
37.22
37.65
38.07
38.48
38.88
39.29
39.69
40.11
40.54
40.97
41.40
41.82
42.25
42.67
43.08
43.50
43.93
44.36
44.79
45.22
45.65
46.10
46.56
47.01
47.47
47.93
48.38
48.83
49.28
49.74
50.19
50.61
51.03
51.44
51.86
52.28
52.71
53.13
53.55
53.96
54.38
54.81
55.23
55.65
56.08
56.51
56.92
57.34
57.76
58.18
58.60
59.04
59.52
60.01
60.50
60.99
61.47
61.96
62.44
62.93
63.41
63.89
64.46
65.03
65.60
66.15
66.71
67.33
67.94
68.57
69.20
69.83
70.47
71.11
71.74
72.36
72.96
73.55
74.14
74.68
75.21
75.73
76.23
76.73
77.22
77.76
78.32
78.98
79.63
80.28
80.94
81.61
82.27
82.93
83.60
84.27
84.93
85.59
86.20
86.81
87.41
87.92
88.43
88.96
89.45
89.94
90.43
90.93
91.43
91.94
92.49
93.03
93.58
94.21
94.84
95.48
96.11
96.72
97.34
97.95
98.56
99.15
99.72
100.30
100.88
101.45
102.01
102.54
103.06
103.58
104.11
104.63
105.15
105.72
106.29
106.84
107.39
107.95
108.50
109.04
109.60
110.06
110.54
111.00
111.47
111.92
112.37
112.83
113.28
113.73
114.18
114.64
115.09
115.54
116.04
116.54
117.04
117.47
117.90
118.34
118.78
119.21
119.64
120.06
120.49
120.92
121.35
121.78
122.21
122.64
123.07
123.51
123.96
124.41
124.99
125.57
126.14
126.73
127.32
127.88
128.45
129.02
129.58
130.14
130.68
131.24
131.78
132.33
132.88
133.42
133.89
134.34
134.80
135.27
135.72
136.17
136.64
137.18
137.72
138.29
138.87
139.44
140.00
140.57
141.13
141.69
142.26
142.83
143.39
143.96
144.51
145.06
145.60
146.11
146.62
147.13
147.64
148.15
148.67
149.16
149.68
150.19
150.69
151.20
151.79
152.37
153.07
153.76
154.46
155.16
155.85
156.54
157.22
157.92
158.60
159.23
159.87
160.51
161.13
161.77
162.33
162.88
163.43
163.99
164.55
165.12
165.69
166.25
166.82
167.39
167.96
168.53
169.09
169.70
170.31
171.01
171.72
172.43
173.14
173.86
174.58
175.29
176.00
176.70
177.41
178.12
178.72
179.34
179.95
180.58
181.20
181.81
182.44
183.07
183.69
184.32
