# Beats
0.55
1.09
1.67
2.25
2.83
3.41
3.97
4.55
5.15
5.76
6.37
6.99
7.52
8.06
8.59
9.11
9.65
10.19
10.67
11.15
11.61
12.00
12.40
12.79
13.14
13.47
13.82
14.15
14.49
14.81
15.14
15.48
15.81
16.16
16.49
16.80
17.11
17.41
17.74
18.07
18.39
18.74
19.06
19.48
19.92
20.34
20.78
21.20
21.62
22.04
22.45
22.85
23.27
23.70
24.08
24.47
24.89
25.29
25.70
26.11
26.52
26.96
27.40
27.85
28.37
28.91
29.44
29.98
30.53
31.08
31.67
32.25
32.84
33.43
34.02
34.59
35.13
35.74
36.34
36.92
37.51
38.10
38.70
39.29
39.90
40.47
41.03
41.59
42.13
42.69
43.24
43.77
44.33
44.88
45.42
45.98
46.53
47.09
47.59
48.10
48.60
49.10
49.60
50.09
50.57
51.06
51.55
52.06
52.58
53.08
53.60
54.13
54.64
55.14
55.66
56.18
56.69
57.21
57.74
58.33
58.91
59.50
60.09
60.70
61.42
62.14
62.87
63.58
64.30
65.02
65.74
66.44
67.06
67.66
68.27
68.87
69.50
70.07
70.64
71.19
71.77
72.35
72.93
73.49
74.06
74.63
75.21
75.77
76.34
76.89
77.54
78.19
78.84
79.48
80.12
80.68
81.25
81.80
82.36
82.92
83.48
84.06
84.64
85.22
85.80
86.33
86.84
87.38
87.90
88.44
88.98
89.51
90.04
90.57
91.09
91.61
92.14
92.68
93.23
93.76
94.28
94.81
95.32
95.83
96.36
96.83
97.27
97.73
98.19
98.64
99.09
99.56
100.11
100.67
101.22
101.76
102.31
102.82
103.33
103.84
104.34
104.85
105.35
105.85
106.35
106.85
107.36
107.88
108.39
108.91
109.46
109.98
110.50
111.01
111.48
111.97
112.45
112.94
113.42
113.91
114.38
114.88
115.38
115.88
116.37
116.85
117.35
117.84
118.33
118.82
119.18
119.52
119.88
120.23
120.58
120.93
121.28
121.65
122.01
122.37
122.74
123.10
123.52
123.95
124.38
124.83
125.28
125.74
126.21
126.69
127.18
127.66
128.15
128.63
129.10
129.57
130.03
130.51
131.05
131.61
132.17
132.82
133.46
134.16
134.87
135.57
136.28
136.97
137.68
138.39
139.11
139.81
140.50
141.21
141.94
142.66
143.38
144.10
144.76
145.40
146.03
146.66
147.19
147.74
148.27
148.75
149.21
149.68
150.14
150.60
151.08
151.56
152.03
152.51
153.01
153.51
153.99
154.47
154.85
155.23
155.60
155.98
156.34
156.70
157.06
157.42
157.78
158.13
158.48
158.85
159.24
159.66
160.08
160.48
160.87
161.25
161.63
162.02
162.40
162.80
163.19
163.61
164.03
164.43
164.83
165.21
165.60
166.01
166.42
166.84
167.25
167.66
168.07
168.48
168.90
169.31
169.71
170.11
170.52
170.92
171.32
171.72
172.14
172.56
172.99
173.41
173.82
174.23
174.64
175.04
175.45
175.87
176.26
176.66
177.09
177.52
177.93
178.35
178.79
179.22
179.65
180.08
180.54
180.95
181.36
181.78
182.20
182.62
183.07
183.48
183.93
184.38
184.84
185.30
185.74
186.19
186.64
187.11
187.59
188.08
188.57
189.07
189.57
190.08
190.57
191.07
191.56
192.08
192.56
193.05
193.53
194.03
194.53
195.07
195.63
196.19
196.73
197.28
197.81
198.36
198.90
199.45
199.99
200.53
201.05
201.57
202.08
202.59
203.10
203.63
204.15
204.70
205.24
205.79
206.33
206.87
207.40
207.93
208.38
208.79
209.24
209.68
210.11
210.54
210.98
211.41
211.84
212.28
212.72
213.18
213.64
214.10
214.56
215.02
215.47
215.92
216.39
216.83
217.30
217.79
218.27
218.71
219.17
219.64
220.10
220.58
221.04
221.61
222.19
222.77
223.39
224.00
224.57
225.14
225.71
226.27
226.81
227.35
227.90
228.45
229.00
229.56
230.13
230.69
231.25
231.82
232.33
232.84
233.34
233.84
234.34
234.82
235.31
235.81
236.31
236.82
237.31
237.91
238.52
239.11
239.75
240.40
241.05
241.70
242.28
242.88
243.48
243.98
244.48
244.97
245.50
246.03
246.56
247.06
247.55
248.04
248.52
249.01
249.49
249.97
250.46
250.94
251.40
251.87
252.33
252.80
253.26
253.72
254.22
254.72
255.23
255.74
256.23
256.74
257.23
257.74
258.25
258.75
259.25
259.75
260.27
260.78
261.29
261.83
262.36
262.90
263.43
263.98
264.59
265.20
265.79
266.38
266.98
267.56
268.17
268.77
269.37
269.96
270.55
271.16
271.77
272.42
273.09
273.74
274.41
275.08
275.74
276.40
277.00
277.59
278.18
278.76
279.34
279.92
280.50
281.09
281.68
282.28
282.89
283.52
284.14
284.76
285.37
285.99
286.60
287.28
287.96
288.67
289.38
290.06
290.76
291.48
