# Beats
0.36
0.72
1.10
1.47
1.85
2.23
2.61
3.00
3.39
3.77
4.16
4.53
4.91
5.28
5.65
6.04
6.43
6.82
7.20
7.58
7.96
8.36
8.74
9.14
9.53
9.91
10.30
10.69
11.08
11.46
11.84
12.23
12.62
13.01
13.41
13.79
14.19
14.57
14.97
15.36
15.75
16.15
16.53
16.93
17.32
17.71
18.10
18.48
18.88
19.27
19.67
20.05
20.45
20.84
21.23
21.63
22.04
22.43
22.83
23.21
23.60
23.97
24.36
24.74
25.12
25.51
25.89
26.26
26.63
27.03
27.41
27.78
28.17
28.55
28.93
29.32
29.71
30.10
30.49
30.87
31.25
31.65
32.03
32.43
32.81
33.20
33.60
33.98
34.38
34.77
35.16
35.54
35.93
36.32
36.70
37.07
37.48
37.89
38.34
38.77
39.20
39.64
40.08
40.53
40.98
41.44
41.85
42.27
42.69
43.10
43.51
43.92
44.32
44.71
45.10
45.50
45.89
46.29
46.68
47.07
47.45
47.84
48.23
48.61
49.01
49.39
49.78
50.17
50.56
50.96
51.35
51.73
52.12
52.51
52.91
53.30
53.68
54.07
54.45
54.83
55.22
55.60
55.98
56.38
56.77
57.16
57.53
57.91
58.32
58.72
59.12
59.50
59.88
60.26
60.63
61.01
61.39
61.79
62.18
62.58
62.96
63.34
63.74
64.13
64.53
64.91
65.29
65.69
66.07
66.46
66.84
67.22
67.59
67.98
68.37
68.77
69.15
69.53
69.92
70.31
70.69
71.09
71.48
71.88
72.27
72.67
73.06
73.44
73.83
74.21
74.64
75.07
75.49
75.88
76.29
76.68
77.08
77.45
77.83
78.20
78.59
78.97
79.35
79.74
80.12
80.50
80.89
81.26
81.64
82.02
82.41
82.79
83.19
83.57
83.96
84.35
84.74
85.14
85.52
85.90
86.29
86.67
87.05
87.45
87.86
88.27
88.67
89.05
89.43
89.81
90.20
90.58
90.96
91.35
91.73
92.10
92.51
92.91
93.32
93.74
94.15
94.56
94.97
95.38
95.78
96.20
96.61
97.01
97.42
97.83
98.23
98.64
99.04
99.44
99.83
100.22
100.61
101.00
101.38
101.76
102.17
102.57
102.98
103.40
103.80
104.19
104.57
104.95
105.34
105.72
106.10
106.49
106.87
107.25
107.64
108.02
108.40
108.79
109.17
109.56
109.95
110.33
110.71
111.10
111.49
111.90
112.30
112.71
113.12
113.51
113.91
114.30
114.79
115.28
115.76
116.24
116.73
117.23
117.78
118.33
118.89
119.44
119.99
120.53
121.07
121.60
122.14
122.68
123.23
123.67
124.10
124.52
124.95
125.38
125.81
126.22
126.62
127.00
127.40
127.78
128.17
128.57
128.95
129.34
129.72
130.10
130.48
130.87
131.24
131.61
131.98
132.37
132.76
133.14
133.53
133.92
134.32
134.70
135.09
135.48
135.86
136.25
136.64
137.03
137.42
137.80
138.18
138.57
138.95
139.33
139.81
140.29
140.77
141.32
141.86
142.41
142.95
143.50
144.04
144.60
145.15
145.71
146.26
