# Beats
0.49
1.00
1.51
2.01
2.50
2.97
3.45
3.92
4.40
4.88
5.36
5.87
6.40
6.91
7.42
7.92
8.39
8.87
9.35
9.83
10.32
10.79
11.25
11.71
12.18
12.63
13.11
13.58
14.06
14.54
15.00
15.48
15.94
16.40
16.87
17.35
17.81
18.29
18.75
19.23
19.70
20.19
20.67
21.16
21.66
22.16
22.66
23.17
23.67
24.17
24.67
25.17
25.67
26.17
26.66
27.13
27.60
28.07
28.56
29.04
29.51
29.99
30.48
30.96
31.52
32.08
32.62
33.16
33.69
34.18
34.66
35.13
35.61
36.08
36.56
37.02
37.49
37.95
38.42
38.88
39.35
39.81
40.21
40.61
41.02
41.44
41.81
42.18
42.55
42.91
43.26
43.61
43.96
44.30
44.65
44.99
45.33
45.66
46.01
46.36
46.71
47.06
47.40
47.81
48.22
48.61
49.02
49.42
49.84
50.26
50.67
51.06
51.46
51.85
52.27
52.69
53.10
53.57
54.03
54.50
54.97
55.51
56.03
56.55
57.07
57.60
58.12
58.64
59.16
59.68
60.19
60.71
61.36
62.01
62.66
63.31
63.97
64.63
65.29
65.86
66.43
67.00
67.57
68.14
68.71
69.27
69.83
70.40
70.98
71.59
72.20
72.81
73.41
74.00
74.59
75.19
75.78
76.37
76.96
77.69
78.41
79.15
79.88
80.61
81.34
82.14
82.94
83.72
84.49
85.24
86.01
86.67
87.34
88.00
88.67
89.27
89.87
90.46
91.07
91.67
92.22
92.76
93.31
93.82
94.34
94.87
95.35
95.83
96.30
96.79
97.29
97.79
98.30
98.81
99.32
99.75
100.18
100.60
101.02
101.44
101.84
102.25
102.66
103.06
103.47
103.87
104.28
104.69
105.09
105.50
105.91
106.31
106.72
107.13
107.53
107.94
108.34
108.75
109.16
109.57
109.98
110.39
110.79
111.20
111.61
112.00
112.41
112.81
113.22
113.63
114.03
114.44
114.85
115.25
115.67
116.09
116.52
116.94
117.35
117.77
118.18
118.58
119.00
119.42
119.85
120.37
120.86
121.36
121.86
122.36
122.87
123.37
123.86
124.34
124.89
125.42
