# Beats
0.34
0.67
1.03
1.37
1.71
2.04
2.39
2.72
3.07
3.41
3.77
4.11
4.46
4.77
5.11
5.45
5.76
6.08
6.44
6.79
7.14
7.50
7.84
8.17
8.52
8.87
9.20
9.53
9.87
10.19
10.54
10.88
11.23
11.55
11.89
12.24
12.59
12.90
13.22
13.62
14.00
14.36
14.74
15.13
15.53
15.93
16.30
16.63
16.97
17.32
17.67
18.03
18.39
18.77
19.11
19.46
19.78
20.13
20.49
20.85
21.20
21.56
21.92
22.28
22.65
23.00
23.35
23.72
24.15
24.56
24.97
25.45
25.94
26.41
26.87
27.35
27.86
28.34
28.80
29.27
29.77
30.27
30.77
31.28
31.80
32.31
32.83
33.40
33.97
34.57
35.13
35.71
36.27
36.85
37.42
37.99
38.53
39.04
39.58
40.09
40.60
41.11
41.60
42.13
