# Beats
0.50
1.01
1.45
1.88
2.32
2.76
3.20
3.65
4.12
4.56
5.02
5.46
5.90
6.34
6.78
7.22
7.66
8.09
8.52
8.96
9.42
9.88
10.33
10.80
11.26
11.73
12.14
12.56
12.98
13.39
13.79
14.19
14.58
14.99
15.39
15.79
16.20
16.65
17.11
17.58
18.07
18.53
18.99
19.46
19.93
20.41
20.89
21.37
21.86
22.35
22.84
23.31
23.78
24.26
24.74
25.22
25.69
26.19
26.67
27.16
27.64
28.12
28.60
29.07
29.55
30.02
30.50
31.00
31.47
31.93
32.39
32.84
33.30
33.75
34.20
34.68
35.16
35.62
36.06
36.51
36.97
37.41
37.86
38.30
38.73
39.17
39.60
40.03
40.45
40.87
41.29
41.70
42.13
42.56
43.00
43.37
43.76
44.14
44.52
44.90
45.26
45.63
46.00
46.34
46.66
47.00
47.35
47.69
48.04
48.39
48.74
49.08
49.41
49.76
50.09
50.43
50.78
51.12
51.48
51.85
52.27
52.69
53.10
53.60
54.10
54.60
55.07
55.53
55.99
56.52
57.04
57.56
58.14
58.72
59.30
59.86
60.42
60.98
61.51
62.07
62.60
63.15
63.69
64.23
64.77
65.39
65.99
66.58
67.21
67.85
68.49
69.14
69.80
70.44
71.05
71.68
72.31
72.95
73.58
74.22
74.91
75.59
76.24
76.90
77.66
78.41
79.15
79.90
80.62
81.33
82.04
82.76
83.48
84.24
85.00
85.75
86.52
87.26
87.98
88.70
89.28
89.86
90.45
91.05
91.65
92.23
92.81
93.39
93.96
94.53
95.13
95.71
96.29
96.86
97.43
98.00
98.57
99.15
99.73
100.30
100.88
101.49
102.10
102.73
103.38
104.03
104.65
105.30
105.95
106.59
107.23
107.86
108.48
109.11
109.74
110.27
110.79
111.32
111.86
112.41
112.95
113.50
114.06
114.61
115.16
115.69
116.24
116.80
117.42
118.03
118.64
119.22
119.80
120.36
120.84
121.30
121.77
122.23
122.69
123.16
123.53
123.91
124.30
124.69
125.07
125.43
125.81
126.17
126.51
126.87
127.22
127.59
127.97
128.33
128.68
129.03
129.39
129.75
130.11
130.47
130.83
131.19
131.56
131.94
132.28
132.64
133.00
133.38
133.74
134.10
134.46
134.82
135.19
135.53
135.88
136.28
136.65
137.02
137.38
137.74
138.11
138.47
138.83
139.22
139.60
139.98
140.35
140.72
141.18
141.62
142.07
142.54
142.94
143.36
143.79
144.21
144.60
145.01
145.40
145.81
146.20
146.61
147.01
147.39
147.78
148.18
148.56
148.98
149.40
149.82
150.20
150.57
150.94
151.30
151.70
152.09
152.49
152.88
153.24
153.60
153.97
154.32
154.69
155.06
155.41
155.78
156.15
156.50
156.85
157.22
157.58
157.95
158.31
158.69
159.03
159.40
159.75
160.10
160.47
160.84
161.19
161.55
161.94
162.28
162.63
163.00
163.36
163.75
164.11
164.47
164.82
165.16
165.54
165.88
166.25
166.63
166.97
167.35
167.72
168.07
168.44
168.79
169.16
169.53
169.88
170.23
170.59
170.95
171.32
171.68
172.04
172.38
172.76
173.13
173.50
173.86
174.22
174.57
174.94
175.30
175.66
176.01
176.38
176.75
177.10
177.47
177.82
178.19
178.55
178.91
179.28
179.64
180.00
180.35
180.72
181.08
181.44
181.81
182.18
182.54
182.89
183.25
183.60
183.95
184.32
184.69
185.06
185.43
185.79
186.15
186.53
186.91
187.28
187.65
188.01
188.36
188.71
189.07
189.44
189.80
190.15
190.50
190.86
191.23
191.60
191.98
192.35
192.74
193.11
193.49
193.88
194.26
194.64
195.00
195.37
195.73
196.09
196.45
196.81
197.16
197.53
197.90
198.28
198.67
199.05
199.51
199.95
200.41
200.97
201.50
202.04
202.59
203.14
203.69
204.24
204.80
205.36
205.91
206.48
207.06
207.63
208.21
208.78
209.35
209.92
210.47
211.03
211.59
212.16
212.74
213.32
213.90
214.47
