# Beats
0.50
1.01
1.52
2.03
2.54
3.10
3.65
4.18
4.68
5.19
5.69
6.19
6.69
7.19
7.69
8.20
8.71
9.23
9.75
10.27
10.80
11.31
11.83
12.42
13.01
13.61
14.20
14.80
15.36
15.91
16.45
17.01
17.55
18.04
18.54
19.03
19.53
20.03
20.53
21.03
21.51
22.01
22.53
23.07
23.60
24.13
24.65
25.17
25.69
26.22
26.74
27.33
27.92
28.50
29.08
29.68
30.27
30.86
31.45
32.04
32.64
33.25
33.88
34.50
35.12
35.75
36.36
36.98
37.58
38.20
38.81
39.42
40.04
40.66
41.27
41.89
42.50
43.12
43.72
44.33
44.93
45.53
46.07
46.60
47.15
47.68
48.23
48.76
49.19
49.62
50.06
50.50
50.90
51.30
51.70
52.09
52.48
52.85
53.22
53.60
53.99
54.37
54.75
55.14
55.52
55.90
56.29
56.66
57.03
57.41
57.79
58.20
58.60
58.99
59.40
59.79
60.19
60.57
61.05
61.52
62.00
62.50
62.98
63.48
63.95
64.41
64.88
65.34
65.81
66.27
66.75
67.29
67.85
68.53
69.22
69.93
70.64
71.34
72.06
72.77
73.48
74.18
74.90
75.62
76.28
76.95
77.62
78.30
78.96
79.62
80.27
80.92
81.58
82.12
82.65
83.19
83.67
84.15
84.63
85.11
85.60
86.09
86.60
87.10
87.60
88.08
88.57
89.06
89.48
89.90
90.31
90.74
91.18
91.63
92.07
92.49
92.89
93.31
93.73
94.13
94.53
94.92
95.33
95.72
96.13
96.54
96.94
97.36
97.77
98.27
98.75
99.24
99.73
100.23
100.70
101.19
101.67
102.14
102.64
103.14
103.67
104.18
104.68
105.17
105.69
106.17
106.67
107.17
107.67
108.18
108.69
109.19
109.69
110.20
110.71
111.21
111.71
112.22
112.72
113.22
113.72
114.22
114.73
115.23
115.74
116.22
116.68
117.13
117.62
118.11
118.60
119.10
119.58
120.07
120.56
121.03
121.51
121.90
122.30
122.69
123.09
123.50
123.91
124.33
124.75
125.18
125.60
126.01
126.43
126.84
127.27
127.69
128.10
128.52
128.95
129.37
129.80
130.22
130.64
131.04
131.46
131.87
132.28
132.70
133.12
133.54
133.96
134.37
134.79
135.20
135.62
136.02
136.44
136.86
