# Beats
0.39
0.81
1.24
1.68
2.12
2.55
3.01
3.46
3.91
4.37
4.82
5.27
5.74
6.19
6.65
7.12
7.58
8.05
8.51
9.02
9.54
10.07
10.69
11.32
11.96
12.60
13.24
13.87
14.52
15.16
15.80
16.43
17.04
17.67
18.33
18.99
19.66
20.32
20.99
21.66
22.29
22.91
23.52
24.13
24.73
25.36
25.97
26.59
27.21
27.84
28.37
28.90
29.42
29.95
30.48
31.01
31.54
32.08
32.61
33.15
33.68
34.31
34.92
35.54
36.15
36.77
37.40
38.02
38.79
39.54
40.30
41.06
41.83
42.60
43.36
44.13
44.88
45.64
46.39
47.15
47.91
48.68
49.44
50.20
50.84
51.47
52.09
52.73
53.36
53.92
54.49
55.04
55.61
56.17
56.68
57.20
57.72
58.24
58.75
59.25
59.76
60.27
60.79
61.27
61.74
62.22
62.69
63.17
63.66
64.15
64.63
65.12
65.60
66.08
66.56
67.08
67.62
68.14
68.67
69.21
69.74
70.28
70.82
71.33
71.84
72.35
72.88
73.40
73.92
74.43
74.95
75.48
76.12
76.75
77.38
78.01
78.63
79.26
79.89
80.52
81.14
81.77
82.40
83.02
83.66
84.29
84.94
85.59
86.19
86.78
87.38
87.91
88.44
88.99
89.47
89.94
90.41
90.87
91.34
91.79
92.23
92.68
93.12
93.56
93.95
94.33
94.73
95.11
95.47
95.84
96.22
96.60
96.98
97.36
97.74
98.13
98.51
98.89
99.28
99.66
100.04
100.44
100.83
101.23
101.61
101.98
102.37
102.74
103.11
103.47
103.83
104.19
104.56
104.93
105.29
105.66
106.03
106.41
106.78
107.15
107.52
107.89
108.27
108.66
109.03
109.40
109.77
110.16
110.54
110.91
111.29
111.66
112.05
112.42
112.80
113.17
113.55
113.93
114.31
114.68
115.05
115.44
115.81
116.19
116.56
116.95
117.32
117.70
118.09
118.46
118.83
119.20
119.57
119.95
120.34
120.71
121.08
121.45
121.82
122.20
122.57
122.94
123.31
123.69
124.06
124.44
124.82
125.19
125.56
125.93
126.30
126.66
127.04
127.41
127.78
128.15
128.52
128.89
129.27
129.65
130.02
130.39
130.75
131.12
131.49
131.87
132.24
132.61
132.98
133.35
133.72
134.10
134.47
134.85
135.24
135.63
136.01
136.39
136.77
137.14
137.51
137.88
138.26
138.65
139.03
139.40
139.77
140.14
140.52
140.90
141.28
141.65
142.02
142.40
142.77
143.15
143.52
143.91
144.28
144.65
145.03
145.40
145.77
146.15
146.52
146.90
147.27
147.64
148.02
148.39
148.77
149.14
149.52
149.90
150.28
150.66
151.05
151.42
151.78
152.15
152.52
152.89
153.26
153.63
154.01
154.37
154.73
155.10
155.47
155.84
156.22
156.60
156.98
157.36
157.73
158.12
158.50
158.89
159.30
159.70
160.09
160.48
160.89
161.29
161.69
162.10
162.49
162.90
163.29
163.69
164.08
164.47
164.85
165.22
165.59
165.96
166.34
166.72
167.09
167.47
167.85
168.22
168.59
168.96
169.33
169.70
170.07
170.46
170.84
171.22
171.60
171.97
172.34
172.72
173.09
173.48
173.85
174.23
174.61
175.00
175.37
175.74
176.11
176.48
176.85
177.23
177.60
177.97
178.34
178.71
179.10
179.47
179.86
180.24
180.64
181.03
181.43
181.82
182.22
182.61
183.01
183.39
183.79
184.17
184.55
184.95
185.35
185.76
186.17
186.56
186.96
187.33
187.70
188.07
188.45
188.82
189.20
189.58
189.95
190.32
190.69
191.08
191.45
191.82
192.19
192.57
192.95
193.33
193.70
194.07
194.46
194.83
195.20
195.57
195.94
196.32
196.70
197.07
197.45
197.83
198.22
198.59
198.97
199.34
199.71
200.09
200.46
200.83
201.21
201.58
201.96
202.33
202.70
203.07
203.44
203.81
204.18
204.56
204.93
205.31
205.68
206.05
206.44
206.82
207.19
207.56
207.95
208.32
208.69
209.06
209.44
209.83
210.21
210.58
210.95
211.32
211.71
212.08
212.46
212.83
213.21
213.58
213.95
214.32
214.69
215.06
215.42
215.79
216.17
216.54
216.90
217.27
217.64
218.01
218.38
218.76
219.14
219.51
219.89
220.28
220.65
221.02
221.40
221.79
222.16
222.53
222.90
223.28
223.65
224.04
224.41
224.78
225.15
225.52
225.90
226.28
226.65
227.02
227.39
227.76
228.14
228.51
228.88
229.25
229.63
230.01
230.39
230.76
231.14
231.51
231.89
232.27
232.64
233.01
233.40
233.77
234.14
234.52
234.89
235.26
235.64
236.01
236.38
236.75
237.12
237.51
237.88
238.25
238.62
238.99
239.36
239.73
240.11
240.48
240.85
241.22
241.59
241.98
242.35
242.73
243.10
243.47
243.86
244.23
244.61
244.99
