# Beats
0.35
0.72
1.11
1.51
1.90
2.30
2.69
3.09
3.49
3.89
4.30
4.69
5.09
5.48
5.89
6.29
6.71
7.11
7.49
7.88
8.29
8.70
9.09
9.50
9.91
10.33
10.74
11.15
11.54
11.94
12.33
12.72
13.13
13.54
13.93
14.35
14.74
15.14
15.53
15.93
16.32
16.71
17.09
17.50
17.90
18.30
18.69
19.09
19.50
19.91
20.32
20.71
21.12
21.54
21.94
22.36
22.78
23.19
23.59
24.01
24.40
24.80
25.19
25.59
25.98
26.37
26.75
27.13
27.52
27.91
28.31
28.70
29.12
29.54
29.95
30.38
30.81
31.22
31.65
32.06
32.47
32.90
33.32
33.74
34.18
34.62
35.04
35.47
35.87
36.29
36.71
37.13
37.52
37.93
38.34
38.73
39.15
39.57
39.98
40.43
40.88
41.31
41.73
42.14
42.56
42.97
43.37
43.79
44.22
44.64
45.05
45.45
45.86
46.28
46.70
47.10
47.51
47.91
48.32
48.73
49.13
49.53
49.93
50.34
50.74
51.13
51.53
51.93
52.35
52.76
53.15
53.55
53.95
54.36
54.78
55.17
55.57
55.93
56.30
56.69
57.10
57.49
57.90
58.29
58.68
59.06
59.44
59.84
60.23
60.64
61.05
61.44
61.83
62.25
62.65
63.07
63.48
63.90
64.32
64.73
65.13
65.55
65.97
66.37
66.78
67.19
67.59
67.99
68.36
68.75
69.15
69.54
69.94
70.33
70.73
71.12
71.51
71.91
72.31
72.69
73.07
73.47
73.86
74.26
74.65
75.07
75.48
75.87
76.28
76.70
77.11
77.52
77.91
78.31
78.72
79.12
79.52
79.92
80.32
80.72
81.13
81.53
81.92
82.31
82.71
83.09
83.50
83.89
84.30
84.69
85.10
85.51
85.90
86.31
86.71
87.12
87.54
87.95
88.35
88.77
89.16
89.55
89.94
90.34
90.74
91.16
91.58
92.01
92.55
93.11
93.65
94.18
94.71
95.24
95.76
96.30
96.83
97.34
97.86
98.34
98.81
99.29
99.76
100.24
100.67
101.10
101.54
101.96
102.39
102.70
103.03
103.38
103.70
104.03
104.35
104.69
105.02
105.35
105.67
105.99
106.32
106.65
106.99
107.39
107.80
108.20
108.59
108.98
109.37
109.76
110.18
110.57
110.98
111.39
111.78
112.18
112.56
112.95
113.34
113.73
114.13
114.52
114.93
115.31
115.71
116.11
116.52
116.90
117.30
117.70
118.09
118.47
118.86
119.26
119.65
120.05
120.45
120.85
121.25
121.68
122.03
122.38
122.72
123.04
123.38
123.72
124.05
124.40
124.83
125.23
125.62
126.03
126.43
126.85
127.27
127.70
128.12
128.53
128.94
129.40
129.87
130.33
130.81
131.29
131.76
132.24
132.63
133.02
133.40
133.77
134.12
134.49
134.86
135.26
135.64
136.02
136.42
136.84
137.23
137.64
138.04
138.43
138.83
139.25
139.67
140.07
140.48
140.90
141.32
141.72
142.15
142.57
143.08
143.59
144.10
144.60
145.10
145.59
146.09
146.60
147.10
147.49
147.91
148.33
148.72
149.12
149.52
149.93
150.33
150.72
151.12
151.51
151.90
152.30
152.71
153.11
153.53
153.95
154.35
154.74
155.13
155.53
155.92
156.32
156.73
157.14
157.55
157.94
158.34
158.73
159.13
159.51
159.89
160.29
160.68
161.05
161.45
161.84
162.25
162.66
163.06
163.46
163.86
164.26
164.66
165.07
165.47
165.86
166.27
166.66
167.07
167.47
167.88
168.28
168.68
169.11
169.53
169.97
170.39
170.81
171.21
171.63
172.06
172.51
172.94
173.35
173.75
174.15
174.54
174.95
175.36
175.76
176.19
176.63
177.10
177.56
178.03
178.55
179.07
179.61
180.13
180.66
181.19
181.71
182.24
182.76
183.30
183.83
184.38
184.90
185.42
185.97
186.50
187.04
187.59
188.14
188.66
189.15
189.65
190.15
190.64
191.12
191.62
192.12
192.63
193.14
193.65
194.14
194.62
195.09
195.57
196.06
196.51
196.97
197.43
197.82
198.22
198.62
199.01
199.42
199.85
200.27
200.69
201.08
201.50
201.92
202.33
202.73
203.15
203.62
204.09
204.56
205.01
205.50
205.97
206.45
206.91
207.38
207.83
208.29
208.75
209.20
209.66
210.12
210.58
211.05
211.51
211.97
212.44
212.90
213.36
213.81
214.26
214.73
215.18
215.64
216.11
216.57
217.04
217.52
217.99
218.46
218.94
219.42
219.89
220.37
220.84
221.31
221.75
222.19
222.63
223.09
223.54
224.00
224.41
224.82
225.21
225.61
226.00
226.38
226.78
227.18
227.58
227.95
228.32
228.70
229.08
229.45
229.83
230.20
230.57
230.95
231.29
231.67
232.03
232.39
232.76
233.13
233.49
233.85
234.21
234.58
234.96
235.33
235.69
236.05
236.41
236.77
237.15
237.51
237.87
238.23
238.57
238.93
239.30
239.69
240.07
240.45
240.81
241.19
241.55
241.93
242.30
242.67
243.04
243.41
243.79
244.15
244.51
244.85
245.23
245.60
245.95
246.32
246.69
247.05
247.41
247.77
248.14
248.51
248.89
249.27
249.64
250.00
250.36
250.73
251.09
251.46
251.82
252.19
252.55
252.92
253.29
253.67
254.03
254.39
254.77
255.15
255.54
255.91
256.28
256.66
257.03
257.39
257.76
258.14
258.52
258.90
259.27
259.65
260.02
260.39
260.76
261.13
261.50
261.86
262.23
262.62
262.99
263.37
263.76
264.13
264.51
264.89
265.28
265.68
266.05
266.43
266.80
267.17
267.56
267.96
268.35
268.75
269.13
269.53
