# Beats
0.46
0.91
1.36
1.76
2.16
2.57
3.02
3.44
3.84
4.32
4.76
5.20
5.63
6.07
6.52
6.97
7.41
7.76
8.09
8.48
8.85
9.21
9.60
9.95
10.31
10.65
11.02
11.39
11.81
12.21
12.62
13.07
13.49
13.89
14.26
14.65
15.07
15.49
15.88
16.32
16.68
17.07
17.45
17.88
18.26
18.62
19.01
19.38
19.74
20.11
20.50
20.89
21.25
21.62
21.99
22.41
22.80
23.22
23.61
24.01
24.38
24.74
25.16
25.50
25.84
26.22
26.59
26.96
27.31
27.70
28.07
28.51
28.98
29.45
29.84
30.26
30.65
31.07
31.47
31.87
32.25
32.69
33.13
33.58
34.02
34.52
35.02
35.53
36.03
36.48
36.98
37.43
37.92
38.38
38.82
39.31
39.78
40.22
40.68
41.17
41.62
42.12
42.59
43.05
43.48
43.89
44.33
44.77
45.21
45.65
46.07
46.49
46.90
47.32
47.79
48.30
48.79
49.35
49.92
50.47
51.05
51.62
52.20
52.76
53.31
53.87
54.43
55.01
55.64
56.24
56.84
57.42
58.03
58.65
59.23
59.81
60.40
61.01
61.68
62.32
63.00
63.67
64.32
65.00
65.53
66.05
66.59
67.18
67.73
68.27
68.80
69.35
69.86
70.40
70.98
71.52
72.07
72.63
73.22
73.80
74.41
74.98
75.56
76.14
76.68
77.26
77.76
78.27
78.76
79.28
79.76
80.24
80.57
80.90
81.27
81.62
82.01
82.40
82.78
83.15
83.55
83.94
84.31
84.67
85.03
85.36
85.70
86.05
86.38
86.73
87.12
87.47
87.82
88.15
88.48
88.83
89.22
89.54
89.88
90.23
90.56
90.86
91.21
91.56
91.89
92.23
92.60
92.97
93.34
93.74
94.15
94.51
94.85
95.25
95.69
96.13
96.61
97.08
97.54
97.99
98.43
98.87
99.30
99.78
100.24
100.68
101.10
101.47
101.90
102.35
102.79
103.21
103.63
104.12
104.59
105.02
105.49
105.98
106.46
106.93
107.44
107.94
108.40
108.88
109.32
109.78
110.29
110.76
111.22
111.68
112.09
112.55
113.01
113.50
113.96
114.40
114.87
115.31
115.77
116.22
116.69
117.12
117.56
118.03
118.46
118.93
119.40
119.88
120.35
120.86
121.37
122.02
122.65
123.27
123.87
124.53
125.16
125.81
126.46
127.08
