# Beats
0.57
1.18
1.79
2.37
2.97
3.58
4.18
4.83
5.48
6.11
6.73
7.36
7.93
8.49
9.06
9.62
10.21
10.76
11.31
11.87
12.45
13.00
13.56
14.11
14.68
15.23
15.79
16.39
17.01
17.62
18.25
18.85
19.46
20.07
20.69
21.29
21.91
22.51
23.13
23.73
24.33
24.93
25.54
26.11
26.68
27.24
27.84
28.43
29.05
29.66
30.24
30.86
31.44
32.02
32.62
33.23
33.83
34.38
34.90
35.41
35.94
36.48
37.02
37.56
38.09
38.66
39.26
39.87
40.43
41.01
41.58
42.17
42.77
43.39
43.98
44.59
45.19
45.77
46.34
46.93
47.51
48.11
48.69
49.25
49.85
50.46
51.08
51.71
52.23
52.76
53.25
53.75
54.25
54.75
55.24
55.73
56.22
56.70
57.18
57.66
58.14
58.61
59.08
59.56
60.00
60.46
61.00
61.53
62.07
62.60
63.14
63.67
64.20
64.71
65.21
65.74
66.28
66.87
67.44
68.01
68.48
68.94
69.42
69.87
70.32
70.79
71.25
71.71
72.19
72.66
73.10
73.56
74.03
74.44
74.84
75.24
75.65
76.05
76.46
76.87
77.35
77.79
78.25
78.73
79.23
79.71
80.21
80.72
81.22
81.73
82.23
82.73
83.22
83.73
84.24
84.80
85.36
85.93
86.47
87.02
87.57
88.13
88.68
89.21
89.76
90.28
90.80
91.31
91.83
92.40
92.98
93.55
94.13
94.71
95.25
95.77
96.29
96.85
97.41
97.96
98.53
99.08
99.61
100.17
100.70
101.27
101.83
102.40
102.95
103.47
104.07
104.65
105.26
105.86
106.45
107.07
107.69
108.30
108.90
109.51
110.13
110.76
111.40
111.96
112.51
113.06
113.62
114.15
114.61
115.08
115.54
116.01
116.47
116.91
117.40
117.89
118.36
118.86
119.37
119.88
120.38
120.88
121.39
121.92
122.42
122.91
123.43
123.92
124.44
124.88
125.31
125.74
126.18
126.55
126.91
127.27
127.62
127.97
128.31
128.66
129.01
129.50
129.99
130.46
130.94
131.42
131.90
132.39
132.86
133.35
133.84
134.34
134.82
135.30
135.81
136.30
136.79
137.28
137.78
138.25
138.76
139.27
139.76
140.25
140.75
141.20
141.66
142.13
142.58
143.03
143.48
143.92
144.31
144.73
145.17
145.59
146.10
146.62
147.14
147.66
148.17
148.72
149.30
149.86
150.42
150.98
151.53
152.07
152.62
