# Beats
0.52
1.08
1.63
2.16
2.69
3.23
3.74
4.25
4.76
5.27
5.79
6.27
6.75
7.22
7.69
8.15
8.59
9.06
9.52
9.97
10.45
10.94
11.45
11.97
12.47
12.96
13.47
13.93
14.42
14.91
15.39
15.88
16.37
16.83
17.30
17.83
18.40
18.95
19.54
20.15
20.77
21.37
21.97
22.57
23.15
23.73
24.31
24.89
25.52
26.17
26.80
27.40
28.00
28.63
29.26
29.88
30.51
31.13
31.76
32.39
33.03
33.66
34.27
34.90
35.53
36.18
36.83
37.50
38.15
38.78
39.42
40.05
40.57
41.06
41.56
42.03
42.47
42.91
43.35
43.82
44.28
44.73
45.19
45.60
46.05
46.49
46.92
47.35
47.76
48.17
48.58
49.02
49.46
49.88
50.31
50.81
51.28
51.76
52.24
52.73
53.22
53.71
54.22
54.71
55.17
55.61
56.05
56.54
57.03
57.52
57.98
58.47
58.96
59.47
59.97
60.44
60.93
61.43
61.90
62.39
62.88
63.38
63.90
64.41
64.95
65.46
65.97
66.48
67.01
67.56
68.10
68.64
69.16
69.66
70.12
70.59
71.05
71.53
71.98
72.46
72.91
73.38
73.85
74.30
74.77
75.23
75.70
76.15
76.60
77.07
77.57
78.07
78.58
79.08
79.57
80.06
80.55
81.04
81.51
81.99
82.48
82.96
83.45
