# Beats
0.52
1.06
1.59
2.16
2.73
3.30
3.84
4.38
4.90
5.42
5.94
6.47
6.98
7.50
8.02
8.53
9.06
9.58
10.10
10.62
11.15
11.66
12.17
12.69
13.21
13.73
14.26
14.78
15.29
15.80
16.32
16.85
17.37
17.88
18.40
18.92
19.44
19.95
20.46
20.98
21.50
22.02
22.55
23.07
23.59
24.11
24.64
25.16
25.68
26.20
26.73
27.25
27.77
28.29
28.82
29.34
29.86
30.38
30.89
31.40
31.92
32.43
32.95
33.47
33.99
34.52
35.04
35.56
36.08
36.61
37.13
37.65
38.16
38.68
39.21
39.72
40.24
40.75
41.27
41.80
42.32
42.84
43.36
43.89
44.41
44.92
45.43
45.95
46.47
47.00
47.51
48.03
48.55
49.06
49.59
50.10
50.62
51.14
51.66
52.19
52.71
53.23
53.74
54.27
54.79
55.31
55.83
56.35
56.88
57.40
57.92
58.44
58.97
59.49
60.01
60.52
61.05
61.56
62.07
62.59
63.11
63.63
64.16
64.68
65.20
65.71
66.22
66.73
67.24
67.76
68.27
68.79
69.30
69.82
70.34
70.87
71.38
71.90
72.42
72.95
73.47
73.99
74.51
75.04
75.56
76.09
76.61
77.14
77.66
78.17
78.68
79.19
79.70
80.21
80.75
81.27
81.79
82.33
82.85
83.36
83.87
84.39
84.90
85.41
85.93
86.44
86.96
87.47
88.00
88.53
89.06
89.58
90.11
90.63
91.15
91.67
92.19
92.73
93.26
93.80
94.33
94.87
95.35
95.85
96.34
96.84
97.34
97.84
98.38
98.92
99.45
99.97
100.50
101.02
101.54
102.06
102.59
103.11
103.63
104.14
104.65
105.16
105.67
106.18
106.70
107.21
107.72
108.23
108.72
109.22
109.71
110.20
110.70
111.20
111.69
112.18
112.66
113.15
113.65
114.15
114.64
115.12
115.62
116.11
116.60
117.09
117.56
118.05
118.54
119.10
119.64
120.20
120.81
121.43
122.04
122.66
123.26
123.90
124.54
125.13
125.72
126.32
126.91
127.50
128.05
128.59
129.15
129.67
130.19
130.72
131.24
131.74
132.24
132.76
133.28
133.79
134.30
134.82
135.33
135.85
136.36
136.88
137.39
137.91
138.43
138.94
139.44
139.96
140.47
140.97
141.48
141.99
142.50
143.02
143.55
144.06
144.57
145.08
145.60
146.12
146.63
147.14
147.67
148.19
148.70
149.22
149.73
150.24
150.76
151.28
151.80
152.32
152.85
153.36
153.88
154.39
154.90
155.41
155.92
156.44
156.96
157.48
157.99
158.51
159.02
159.53
160.04
160.55
161.08
161.59
162.10
162.62
163.13
163.65
164.18
164.70
165.22
165.74
166.27
166.77
167.28
167.79
168.30
168.81
169.32
169.82
170.32
170.83
171.34
171.84
172.35
172.84
173.33
173.81
174.30
174.80
175.30
175.80
176.30
176.80
177.28
177.78
178.27
178.75
179.22
179.69
180.16
180.64
181.10
181.58
182.06
182.54
183.03
183.52
184.02
184.51
184.99
185.49
185.98
186.47
186.94
187.37
187.79
188.22
188.64
189.06
189.49
189.92
190.33
190.76
191.18
191.60
192.03
192.45
