# Beats
0.36
0.73
1.10
1.47
1.83
2.19
2.55
3.01
3.45
3.90
4.35
4.81
5.26
5.71
6.15
6.59
7.04
7.48
7.93
8.38
8.82
9.26
9.71
10.15
10.58
11.02
11.45
11.88
12.28
12.69
13.08
13.48
13.87
14.27
14.66
15.09
15.52
15.95
16.40
16.86
17.31
17.76
18.22
18.67
19.11
19.55
19.99
20.42
20.85
21.27
21.70
22.13
22.57
23.01
23.45
24.02
24.59
25.16
25.73
26.30
26.88
27.45
28.01
28.58
29.15
29.71
30.22
30.73
31.23
31.73
32.23
32.72
33.20
33.69
34.18
34.68
35.18
35.68
36.18
36.66
37.15
37.64
38.13
38.61
39.10
39.59
40.08
40.52
40.96
41.40
41.84
42.28
42.72
43.17
43.61
44.05
44.49
44.87
45.26
45.64
46.02
46.42
46.80
47.19
47.59
47.98
48.38
48.77
49.18
49.59
49.99
50.40
50.85
51.30
51.76
52.21
52.66
53.12
53.59
54.08
54.57
55.12
55.68
56.24
56.80
57.34
57.89
58.43
58.98
59.54
60.09
60.64
61.32
62.01
62.68
63.36
64.04
64.73
65.41
66.10
66.79
67.43
68.07
68.71
69.35
69.95
70.57
71.18
71.80
72.40
73.00
73.61
74.22
74.78
75.34
75.91
76.46
77.02
77.60
78.18
78.75
79.33
79.91
80.52
81.11
81.71
82.30
82.91
83.50
84.09
84.68
85.26
85.84
86.42
87.01
87.59
88.06
88.54
89.01
89.49
89.97
90.43
90.91
91.37
91.85
92.33
92.82
93.31
93.79
94.26
94.74
95.16
95.57
95.99
96.41
96.83
97.25
97.66
98.08
98.50
98.92
99.35
99.80
100.25
100.72
101.24
101.75
102.27
102.79
103.31
103.83
104.37
104.92
105.47
106.09
106.73
107.44
108.15
108.86
109.56
110.27
110.97
111.69
112.41
113.17
113.93
