# Beats
0.53
1.07
1.60
2.16
2.72
3.27
3.82
4.37
4.91
5.48
6.06
6.62
7.17
7.76
8.34
8.90
9.44
9.96
10.47
10.99
11.51
11.98
12.47
12.96
13.43
13.92
14.40
14.88
15.36
15.82
16.30
16.75
17.23
17.67
18.07
18.47
18.90
19.32
19.74
20.15
20.60
21.05
21.50
21.95
22.34
22.73
23.09
23.45
23.80
24.15
24.51
24.87
25.22
25.58
25.94
26.30
26.66
27.00
27.35
27.72
28.08
28.44
28.80
29.16
29.51
29.86
30.21
30.56
30.93
31.31
31.67
32.04
32.40
32.83
33.27
33.69
34.19
34.69
35.19
35.69
36.20
36.71
37.18
37.64
38.09
38.53
38.93
39.33
39.73
40.16
40.59
41.01
41.45
41.88
42.31
42.72
43.17
43.58
43.99
44.42
44.91
45.38
45.86
46.35
46.82
47.30
47.79
48.25
48.72
49.18
49.64
50.12
50.69
51.25
51.80
52.38
52.94
53.50
54.06
54.61
55.19
55.80
56.38
56.96
57.54
58.10
58.65
59.22
59.83
60.44
61.06
61.65
62.25
62.83
63.41
64.02
64.60
65.20
65.81
66.41
66.97
67.52
68.08
68.65
69.23
69.80
70.37
70.96
71.54
72.10
72.64
73.19
73.72
74.26
74.81
75.40
75.93
76.44
76.94
77.46
77.98
78.51
79.05
79.60
80.11
80.64
81.15
81.64
82.16
82.69
83.20
83.73
84.27
84.78
85.29
85.80
86.31
86.84
87.35
87.90
88.42
88.93
89.51
90.09
90.69
91.28
91.88
92.57
93.25
93.92
94.61
95.29
95.99
96.69
97.37
98.03
98.73
99.40
100.05
100.70
101.41
102.12
102.82
103.51
104.21
104.91
105.60
106.30
106.97
107.60
108.24
108.77
109.30
109.83
110.33
110.83
111.34
111.89
112.41
112.94
113.48
113.99
114.52
115.08
115.62
116.03
116.45
116.83
117.23
117.68
118.14
118.58
119.03
119.48
119.93
120.37
120.81
121.25
121.70
122.11
122.53
122.96
123.41
123.88
124.34
