# Beats
0.55
1.11
1.70
2.24
2.80
3.32
3.87
4.41
4.90
5.36
5.83
6.30
6.79
7.29
7.78
8.27
8.74
9.21
9.67
10.14
10.61
11.08
11.53
11.98
12.42
12.89
13.36
13.80
14.26
14.71
15.16
15.63
16.08
16.53
17.00
17.46
17.91
18.37
18.84
19.30
19.76
20.21
20.67
21.13
21.58
22.06
22.50
22.96
23.43
23.89
24.35
24.80
25.25
25.70
26.17
26.63
27.10
27.54
28.00
28.47
28.93
29.41
29.87
30.33
30.78
31.23
31.70
32.14
32.60
33.05
33.51
33.97
34.44
34.89
35.35
35.83
36.28
36.73
37.19
37.65
38.13
38.59
39.03
39.49
39.94
40.39
40.84
41.29
41.74
42.17
42.63
43.08
43.55
44.01
44.48
44.94
45.41
45.87
46.32
46.76
47.19
47.65
48.11
48.58
49.04
49.50
49.97
50.43
50.90
51.36
51.85
52.31
52.78
53.24
53.73
54.22
54.68
55.17
55.66
56.12
56.59
57.05
57.52
57.98
58.44
58.91
59.37
59.84
60.30
60.79
61.28
61.77
62.26
62.74
63.22
63.68
64.16
64.63
65.11
65.60
66.08
66.57
67.01
67.45
67.90
68.35
68.80
69.24
69.67
70.12
70.59
71.05
71.51
71.96
72.41
72.86
73.33
73.79
74.30
74.81
75.35
75.86
76.37
76.89
77.36
77.83
78.30
78.79
79.26
79.73
80.20
80.67
81.12
81.57
82.01
82.48
82.94
83.49
84.01
84.52
85.10
85.68
86.26
86.84
87.41
87.98
88.56
89.14
89.72
90.31
90.82
91.34
91.83
92.29
92.74
93.18
93.69
94.20
94.73
95.25
95.76
96.27
96.77
97.27
97.78
98.24
98.70
99.15
99.60
100.05
100.51
100.96
101.40
101.84
102.28
102.73
103.17
103.61
104.05
104.49
104.93
105.38
105.81
106.23
106.66
107.16
107.66
108.15
108.60
109.08
109.55
110.02
110.48
110.94
111.41
111.85
112.30
112.73
113.19
113.64
114.07
114.52
115.00
115.47
115.94
116.40
116.84
117.31
117.77
118.24
118.70
119.16
119.65
120.12
120.58
121.06
121.52
121.93
122.35
122.75
123.16
123.55
123.98
124.40
124.87
125.34
125.81
126.26
126.73
127.19
127.64
128.09
128.55
128.99
129.47
129.97
130.47
130.95
131.41
131.88
132.35
132.84
133.33
133.79
134.26
134.72
135.19
135.64
136.09
136.54
137.00
137.46
137.93
138.39
138.84
139.30
139.76
140.20
140.67
141.13
141.60
142.06
142.51
142.97
143.42
143.87
144.34
144.79
145.24
145.71
146.17
146.63
147.10
147.55
147.98
148.42
148.86
149.30
149.77
