# Beats
0.48
0.96
1.45
1.94
2.43
2.91
3.36
3.80
4.24
4.68
5.12
5.56
6.00
6.44
6.90
7.35
7.81
8.30
8.77
9.23
9.69
10.17
10.63
11.10
11.56
12.03
12.49
12.97
13.47
13.96
14.44
14.93
15.43
15.92
16.39
16.88
17.36
17.83
18.31
18.78
19.28
19.78
20.27
20.76
21.25
21.73
22.21
22.67
23.14
23.61
24.08
24.54
25.01
25.47
25.94
26.40
26.87
27.33
27.81
28.27
28.73
29.20
29.66
30.13
30.59
31.06
31.52
31.99
32.45
32.91
33.38
33.84
34.30
34.76
35.22
35.69
36.15
36.62
37.08
37.55
38.01
38.48
38.94
39.39
39.86
40.32
40.79
41.25
41.71
42.17
42.63
43.10
43.56
44.03
44.49
44.95
45.43
45.89
46.36
46.82
47.29
47.75
48.22
48.67
49.13
49.60
50.05
50.50
50.96
51.41
51.87
52.34
52.80
53.25
53.72
54.17
54.64
55.09
55.54
55.99
56.45
56.90
57.35
57.81
58.27
58.72
59.19
59.65
60.12
60.57
61.03
61.49
61.94
62.39
62.84
63.30
63.75
64.20
64.66
65.12
65.58
66.05
66.51
66.97
67.42
67.88
68.34
68.79
69.24
69.69
70.15
70.60
71.05
71.52
71.97
72.43
72.91
73.39
73.87
74.35
74.83
75.30
75.78
76.20
76.60
77.01
77.45
77.89
78.33
78.77
79.21
79.66
80.11
80.54
80.98
81.43
81.89
82.33
82.77
83.21
83.64
84.07
84.50
84.93
85.37
85.80
86.24
86.68
87.12
87.56
88.00
88.44
88.89
89.40
89.90
90.40
91.05
91.70
92.36
93.02
93.67
94.33
94.99
95.65
96.32
96.98
97.64
98.34
99.02
99.67
100.32
100.97
101.62
102.27
102.92
103.57
104.10
104.61
105.13
105.65
106.16
106.68
107.19
107.72
108.24
108.89
109.54
110.19
110.85
111.50
112.15
112.80
113.48
114.15
114.85
115.53
116.26
116.99
117.74
118.48
119.14
119.81
120.49
121.16
121.84
122.50
123.16
123.82
124.48
125.14
125.81
126.49
127.18
127.86
128.55
129.23
129.92
130.59
131.25
131.90
132.55
133.20
133.86
134.51
135.16
135.83
136.49
137.15
137.81
138.47
139.13
139.75
140.36
140.98
141.63
142.28
142.93
143.58
144.23
144.88
145.53
146.18
146.83
147.48
148.13
148.78
149.43
150.08
150.73
151.38
152.02
152.66
153.31
153.96
154.61
155.26
155.91
156.57
157.25
157.91
158.57
159.28
159.97
160.67
161.37
162.05
162.76
163.47
164.18
164.88
165.59
166.30
167.01
167.72
168.43
169.13
169.84
170.55
171.27
171.99
172.70
173.40
174.10
174.81
175.53
176.24
176.95
177.66
178.36
179.07
179.78
180.49
181.20
181.91
182.61
183.32
184.03
184.74
185.45
186.14
186.85
187.56
188.27
188.98
189.68
190.39
191.10
191.81
192.53
193.24
193.94
194.65
195.36
196.07
196.78
197.49
198.19
198.90
199.61
200.32
201.03
201.73
202.44
203.15
203.87
204.58
205.29
206.00
206.72
207.42
208.13
208.83
209.54
210.25
210.95
211.65
212.36
213.07
213.79
214.49
215.21
215.92
216.64
217.34
218.05
218.76
219.46
220.17
220.88
221.61
222.34
223.07
