# Beats
0.53
1.09
1.65
2.22
2.79
3.31
3.83
4.35
4.85
5.35
5.85
6.36
6.86
7.37
7.86
8.35
8.84
9.31
9.79
10.26
10.74
11.22
11.69
12.17
12.64
13.12
13.60
14.07
14.55
15.02
15.50
15.99
16.50
17.01
17.52
18.03
18.54
19.05
19.55
20.04
20.51
20.99
21.47
21.94
22.42
22.89
23.37
23.85
24.32
24.80
25.27
25.75
26.23
26.70
27.19
27.68
28.17
28.63
29.11
29.58
30.05
30.52
30.99
31.46
31.93
32.39
32.86
33.32
33.79
34.25
34.73
35.19
35.67
36.13
36.59
37.07
37.55
38.01
38.49
38.95
39.43
39.89
40.37
40.83
41.31
41.77
42.25
42.72
43.19
43.67
44.13
44.61
45.07
45.55
46.01
46.49
46.95
47.43
47.89
48.37
48.84
49.31
49.78
50.25
50.72
51.19
51.66
52.13
52.60
53.07
53.55
54.02
54.49
54.95
55.43
55.89
56.37
56.83
57.31
57.77
58.25
58.71
59.19
59.65
60.13
60.60
61.08
61.54
62.02
62.48
62.96
63.43
63.89
64.37
64.84
65.31
65.78
66.25
66.71
67.19
67.65
68.13
68.60
69.07
69.54
70.02
70.48
70.96
71.42
71.90
72.36
72.84
73.32
73.79
74.26
74.73
75.20
75.67
76.15
76.61
77.09
77.57
78.03
78.51
78.98
79.45
79.92
80.40
80.86
81.34
81.82
82.28
82.76
83.23
83.70
84.17
84.65
85.11
85.59
86.05
86.53
87.01
87.47
87.95
88.41
88.89
89.36
89.84
90.31
90.78
91.25
91.73
92.19
92.67
93.15
93.61
94.09
94.56
95.03
95.50
95.97
96.44
96.92
97.38
97.86
98.32
98.80
99.28
99.75
100.22
100.68
101.16
101.63
102.11
102.57
103.05
103.51
103.99
104.47
104.94
105.42
105.88
106.35
106.81
107.29
107.76
108.24
108.72
109.18
109.66
110.13
110.60
111.07
111.55
112.01
112.49
112.97
113.43
113.91
114.37
114.85
115.32
115.80
116.27
116.74
117.21
117.68
118.14
118.62
119.10
119.57
120.04
120.51
120.99
121.45
121.93
122.40
122.87
123.33
123.81
124.28
124.75
125.23
125.70
126.17
126.64
127.12
127.59
128.07
128.53
129.01
129.49
129.95
130.43
130.89
131.37
131.84
132.31
132.78
133.26
133.72
134.20
134.68
135.14
135.62
136.09
136.57
137.03
137.50
137.97
138.44
138.91
139.39
139.85
140.33
140.81
141.27
141.75
142.22
142.69
143.16
143.64
144.10
144.58
145.04
145.52
145.98
146.46
146.94
147.40
147.88
148.35
148.83
149.30
149.78
150.24
150.71
151.19
151.66
152.14
152.60
153.08
153.55
154.03
154.49
154.97
155.43
155.91
156.39
156.86
157.33
157.80
158.27
158.73
159.21
159.68
160.16
160.64
161.10
161.56
162.04
162.52
162.98
163.46
163.93
164.40
164.87
165.35
165.83
166.29
166.77
167.23
167.69
168.17
168.65
169.12
169.59
170.06
170.54
171.01
171.48
171.96
172.43
172.90
173.37
173.84
174.31
174.78
175.25
175.73
176.22
176.70
177.19
177.69
178.19
178.77
179.35
179.94
180.54
181.12
181.70
182.29
182.89
183.50
184.10
184.65
185.19
185.74
186.28
186.83
187.40
187.97
188.55
189.06
189.57
190.08
190.59
191.11
191.63
192.16
192.67
193.18
193.70
194.22
194.75
195.27
195.80
196.34
196.87
197.40
197.94
198.47
199.00
