# Beats
0.45
0.98
1.50
2.02
2.55
3.15
3.73
4.31
4.95
5.58
6.35
7.12
7.85
8.59
9.31
10.04
10.77
11.51
12.27
13.03
13.78
14.54
15.28
16.02
16.78
17.52
18.26
18.99
19.74
20.48
21.23
21.99
22.74
23.50
24.20
24.90
25.46
26.02
26.58
27.07
27.56
28.05
28.53
29.00
29.48
29.93
30.38
30.84
31.29
31.73
32.17
32.61
33.02
33.41
33.81
34.21
34.62
35.03
35.43
35.87
36.32
36.77
37.30
37.84
38.36
38.88
39.40
39.93
40.44
40.95
41.47
41.98
42.49
43.00
43.51
44.01
44.51
44.99
45.48
45.95
46.42
46.89
47.37
47.83
48.30
48.77
49.26
49.74
50.22
50.72
51.22
51.72
52.22
52.71
53.22
53.70
54.16
54.64
55.12
55.60
56.08
56.54
57.00
57.47
57.93
58.40
58.86
59.34
59.81
60.29
60.76
61.22
61.68
62.15
62.64
63.11
63.59
64.04
64.49
64.96
65.42
65.89
66.35
66.80
67.27
67.72
68.17
68.64
69.10
69.57
70.03
70.50
70.96
71.41
