# Beats
0.42
0.84
1.28
1.71
2.15
2.59
3.04
3.52
3.97
4.46
4.88
5.34
5.80
6.21
6.65
7.09
7.55
7.96
8.41
8.81
9.35
9.89
10.55
11.24
11.94
12.63
13.34
13.96
14.59
15.15
15.72
16.29
16.88
17.47
18.04
18.60
19.20
19.84
20.43
20.99
21.52
22.07
22.62
23.19
23.72
24.30
24.86
25.41
25.98
26.56
27.13
27.72
28.25
28.78
29.33
29.85
30.36
30.85
31.32
31.78
32.24
32.71
33.15
33.60
34.11
34.54
34.99
35.45
35.87
36.29
36.75
37.19
37.63
38.07
38.51
38.94
39.38
39.79
40.21
40.61
41.02
41.44
41.84
42.26
42.68
43.10
43.49
43.92
44.34
44.72
45.08
45.45
45.84
46.27
46.72
47.12
47.58
48.01
48.44
48.84
49.26
49.69
50.12
50.53
50.94
51.35
51.76
52.15
52.54
52.94
53.34
53.80
54.25
54.68
55.19
55.70
56.20
56.75
57.30
57.85
58.40
58.92
59.43
59.97
60.51
61.02
61.59
62.12
62.68
63.24
63.79
64.31
64.83
65.36
65.90
66.43
66.97
67.52
68.06
68.58
69.11
69.65
70.22
70.81
71.37
71.90
72.45
72.98
73.51
74.06
74.59
75.17
75.76
76.25
76.74
77.21
77.69
78.18
78.69
79.21
79.75
80.28
80.79
81.29
81.80
82.28
82.74
83.29
83.87
84.43
84.93
85.46
85.97
86.48
87.02
87.52
88.06
88.61
89.15
89.71
90.24
90.77
91.29
91.82
92.35
92.86
93.39
93.94
94.45
94.97
95.40
95.83
96.26
96.69
97.13
97.54
97.94
98.35
98.74
99.15
99.54
99.93
100.32
100.70
101.08
101.46
101.85
102.25
102.61
102.98
103.36
103.74
