# Beats
0.51
1.03
1.57
2.09
2.60
3.10
3.61
4.11
4.61
5.11
5.62
6.12
6.62
7.12
7.62
8.12
8.61
9.11
9.61
10.10
10.60
11.11
11.61
12.11
12.61
13.12
13.61
14.11
14.61
15.10
15.60
16.10
16.60
17.10
17.60
18.10
18.61
19.11
19.61
20.11
20.62
21.12
21.62
22.12
22.62
23.12
23.61
24.11
24.61
25.11
25.61
26.11
26.62
27.12
27.62
28.12
28.62
29.12
29.62
30.12
30.62
31.11
31.61
32.11
32.62
33.13
33.63
34.14
34.64
35.16
35.67
36.18
36.68
37.19
37.69
38.19
38.68
39.20
39.71
40.21
40.72
41.22
41.73
42.23
42.74
43.25
43.75
44.26
44.76
45.27
45.77
46.28
46.78
47.29
47.80
48.30
48.81
49.31
49.82
50.32
50.83
51.34
51.84
52.35
52.85
53.36
53.86
54.37
54.87
55.38
55.88
56.39
