# Beats
0.45
0.93
1.39
1.87
2.36
2.84
3.34
3.84
4.46
5.06
5.67
6.27
6.86
7.45
8.06
8.66
9.28
9.89
10.51
11.12
11.75
12.31
12.86
13.37
13.87
14.37
14.88
15.39
15.89
16.39
16.90
17.41
17.93
18.44
18.95
19.55
20.15
20.76
21.36
21.97
22.57
23.16
23.78
24.39
25.01
25.59
26.17
26.76
27.35
27.95
28.54
29.12
29.71
30.30
30.89
31.42
31.94
32.46
32.94
33.41
33.89
34.45
34.99
35.54
36.10
36.65
37.21
37.77
38.31
38.85
39.38
39.92
40.44
40.97
41.49
42.03
42.56
43.10
43.63
44.16
44.73
45.31
45.89
46.41
46.90
47.42
47.95
48.48
49.02
49.50
50.00
50.49
50.98
51.47
51.95
52.44
52.92
53.41
53.92
54.43
54.94
55.31
55.68
56.05
56.42
56.80
57.17
57.54
57.91
58.28
58.65
59.03
59.40
59.77
60.13
60.50
60.87
61.23
61.59
61.95
62.32
62.69
63.07
63.44
63.81
64.18
64.55
64.92
65.29
65.67
66.04
66.41
66.87
67.34
67.80
68.39
68.99
69.58
70.17
70.76
71.35
71.95
72.54
73.26
73.98
74.70
75.42
76.13
76.85
77.55
78.26
78.98
79.70
80.41
81.12
81.84
82.55
83.27
83.99
84.71
85.41
86.12
86.84
87.56
88.28
89.00
89.72
90.43
91.14
91.85
92.55
93.25
93.96
94.67
95.39
96.11
96.83
97.56
98.28
99.00
99.71
100.41
101.12
101.84
102.56
103.28
104.00
104.72
105.44
106.15
106.86
107.58
108.30
109.01
109.71
110.42
111.13
111.84
112.56
113.28
114.00
114.72
115.43
116.15
116.87
117.57
118.28
119.00
119.72
120.43
121.15
121.86
122.58
123.29
123.99
124.70
125.42
126.14
126.85
127.57
128.28
128.99
129.71
130.43
131.15
131.87
132.57
133.28
134.00
134.72
135.44
136.15
136.86
137.58
138.29
138.99
139.71
140.43
141.14
141.85
142.57
143.29
144.00
144.71
145.43
146.15
146.87
147.59
148.29
149.00
149.72
150.44
151.16
151.88
152.59
153.30
154.02
154.73
155.45
156.15
156.87
157.59
158.30
159.01
159.72
160.44
161.15
161.85
162.57
163.28
164.00
164.71
165.42
166.14
166.86
167.58
168.30
169.02
169.73
170.43
171.21
171.99
172.76
173.51
174.29
175.06
175.83
176.61
177.42
178.24
178.96
179.68
180.40
181.12
181.84
182.57
183.29
184.01
184.74
185.48
186.22
186.97
187.71
188.45
189.24
190.03
190.75
191.46
192.17
192.89
193.61
194.32
195.01
195.72
196.43
197.14
197.85
198.55
199.27
199.97
200.68
201.39
202.09
202.81
203.53
204.24
204.96
205.66
206.38
207.10
207.81
208.52
209.24
209.95
