# Beats
0.45
0.92
1.38
1.85
2.31
2.77
3.22
3.65
4.09
4.55
5.02
5.48
5.94
6.41
6.86
7.31
7.77
8.22
8.66
9.11
9.57
10.02
10.47
10.92
11.38
11.83
12.20
12.57
12.95
13.33
13.71
14.09
14.48
14.86
15.24
15.63
16.01
16.40
16.80
17.18
17.58
18.03
18.47
18.91
19.34
19.77
20.19
20.62
21.04
21.46
21.88
22.29
22.69
23.08
23.49
23.89
24.30
24.71
25.10
25.50
25.89
26.28
26.68
27.17
27.65
28.14
28.58
29.02
29.48
29.85
30.22
30.59
30.96
31.34
31.71
32.08
32.45
32.81
33.18
33.55
33.92
34.30
34.67
35.05
35.43
35.92
36.40
36.87
37.40
37.92
38.45
38.97
39.50
40.02
40.63
41.25
41.85
42.47
43.19
43.90
44.61
45.33
46.06
46.78
47.48
48.19
48.90
49.60
50.29
50.99
51.69
52.37
53.07
53.80
54.52
55.25
55.97
56.69
57.41
58.13
58.85
59.57
60.29
60.95
61.61
62.28
62.88
63.48
64.09
64.70
65.31
65.91
66.51
67.26
68.00
68.74
69.49
70.22
70.95
71.67
72.41
73.21
74.01
74.81
75.60
76.41
77.22
77.96
78.70
79.42
80.14
80.86
81.58
82.30
83.01
83.73
84.44
85.15
85.86
86.56
87.27
87.98
88.69
89.40
90.12
90.82
91.53
92.24
92.95
93.66
94.37
95.07
95.78
96.49
97.20
97.90
98.62
99.31
100.02
100.72
101.42
102.13
102.84
103.55
104.27
104.97
105.67
106.38
107.10
107.81
108.52
109.23
109.93
110.64
111.35
112.07
112.79
113.50
114.22
114.92
115.64
116.34
117.05
117.76
118.47
119.18
119.88
120.59
121.30
122.01
122.72
123.41
124.13
124.83
125.55
126.26
126.97
127.66
128.38
129.09
129.80
130.51
131.23
131.94
132.64
133.34
134.05
134.76
135.47
136.17
136.89
137.60
138.31
139.02
139.73
140.43
141.15
141.86
142.57
143.28
143.99
144.70
145.40
146.11
146.82
147.53
148.24
148.94
149.66
150.37
151.08
151.79
152.51
153.21
153.91
154.62
155.33
156.04
156.75
157.45
158.16
158.87
159.59
160.30
161.01
161.72
162.42
163.13
163.84
164.55
165.26
165.96
166.68
167.39
168.10
168.81
169.52
170.23
170.93
171.64
172.35
173.06
173.75
174.46
175.17
175.88
176.60
177.31
178.03
178.75
179.46
180.18
180.90
181.61
182.32
183.04
183.76
184.48
185.20
185.91
186.62
187.34
188.05
188.77
189.47
190.19
190.90
191.62
192.34
193.06
193.77
194.49
195.20
195.92
196.63
197.35
198.05
198.77
199.48
200.20
200.91
201.63
202.35
203.07
203.78
204.50
205.21
205.93
206.65
207.37
208.09
208.79
209.51
210.23
210.94
211.66
212.37
213.09
213.80
214.52
215.23
215.95
216.65
217.37
218.08
218.80
219.51
220.22
220.93
221.65
222.37
223.09
223.81
224.53
225.23
225.95
226.66
227.38
228.10
228.81
229.52
230.24
230.95
231.67
232.37
233.09
233.80
234.52
235.23
235.95
236.67
237.39
238.10
238.82
239.53
240.25
240.97
241.67
242.38
243.10
243.82
244.53
245.25
245.97
246.69
247.41
248.12
248.79
249.48
250.09
250.71
251.27
251.84
252.41
252.96
253.50
254.05
254.60
255.13
255.61
256.06
256.52
256.99
257.51
258.03
258.55
259.10
259.65
260.19
260.73
261.26
261.80
262.34
262.87
263.47
264.06
264.66
265.25
265.86
266.45
267.04
267.66
268.27
268.89
269.51
270.14
270.74
271.34
271.94
272.54
273.14
273.73
274.32
274.91
275.55
276.18
276.81
277.44
278.07
