# Beats
0.57
1.07
1.54
2.04
2.54
3.07
3.58
4.09
4.60
5.14
5.67
6.14
6.59
7.06
7.52
7.96
8.41
8.86
9.24
9.64
10.01
10.38
10.76
11.15
11.54
11.94
12.33
12.71
13.10
13.49
13.87
14.27
14.66
15.15
15.65
16.15
16.67
17.18
17.67
18.17
18.67
19.18
19.71
20.25
20.78
21.30
21.83
22.34
22.85
23.36
23.86
24.38
24.89
25.40
25.90
26.41
26.94
27.45
27.96
28.47
28.98
29.47
29.95
30.46
30.98
31.43
31.88
32.33
32.79
33.24
33.69
34.16
34.62
35.06
35.53
35.94
36.36
36.78
37.20
37.64
38.08
38.52
38.94
39.36
39.76
40.21
40.63
41.06
41.49
41.94
42.38
42.81
43.25
43.68
44.11
44.54
44.95
45.40
45.82
46.21
46.60
46.97
47.36
47.76
48.16
48.55
48.97
49.39
49.81
50.21
50.60
50.97
51.34
51.71
52.09
52.48
52.85
53.22
53.60
53.97
54.35
54.71
55.08
55.45
55.82
56.20
56.56
56.91
57.28
57.63
57.99
58.35
58.72
59.09
59.47
59.83
60.19
60.56
60.92
61.28
61.65
62.02
62.39
62.75
63.11
63.48
63.84
64.20
64.57
64.95
65.31
65.67
66.04
66.40
66.77
67.13
67.50
67.87
68.22
68.59
68.96
69.32
69.68
70.03
70.38
70.73
71.08
71.42
71.77
72.12
72.47
72.82
73.17
73.51
73.86
74.21
74.56
74.91
75.27
75.62
75.98
76.32
76.67
77.02
77.37
77.72
78.07
78.41
78.76
79.11
79.46
79.81
80.16
80.50
80.85
81.20
81.56
81.92
82.27
82.62
82.96
83.31
83.66
84.01
84.36
84.71
85.08
85.43
85.77
86.11
86.47
86.82
87.17
87.52
87.86
88.21
88.56
88.91
89.26
89.61
89.95
90.30
90.66
91.01
91.37
91.74
92.11
92.49
92.84
93.20
93.56
93.92
94.30
94.66
95.02
95.39
95.75
96.11
96.48
96.84
97.20
97.55
97.92
98.29
98.66
99.03
99.40
99.76
100.12
100.48
100.84
101.22
101.58
101.94
102.30
102.66
103.02
103.38
103.75
104.12
104.49
104.85
105.21
105.57
105.93
106.29
106.65
107.02
107.39
107.75
108.11
108.48
108.86
109.23
109.62
110.02
110.40
110.81
111.22
111.62
112.01
112.40
112.78
113.16
113.55
113.92
114.29
114.66
115.03
115.39
115.75
116.12
116.49
116.85
117.21
117.59
117.96
118.33
118.69
119.06
119.42
119.79
120.15
120.51
120.88
121.25
121.60
121.97
122.35
122.72
123.09
123.47
123.83
124.19
124.55
124.91
125.28
125.64
126.00
126.36
126.73
127.12
127.48
127.85
128.22
128.59
128.96
129.34
129.68
130.05
130.43
130.80
131.15
131.52
131.89
132.26
132.62
132.98
133.35
133.72
134.10
134.47
134.83
135.20
135.56
135.93
136.30
136.66
137.02
137.39
137.76
138.12
138.48
138.86
139.23
139.60
139.96
140.33
140.70
141.07
141.43
141.80
142.18
142.55
142.92
143.28
143.64
144.01
144.36
144.73
145.10
145.47
145.83
146.19
146.56
146.92
147.28
147.66
148.03
148.40
148.77
149.13
149.48
149.84
150.21
150.58
150.95
151.32
151.70
152.06
152.42
152.79
153.16
153.53
153.90
154.27
154.64
155.02
155.38
155.74
156.24
156.73
157.25
157.80
158.36
158.93
159.61
160.31
161.01
161.70
162.40
163.10
163.79
164.49
165.19
165.88
166.58
167.28
167.97
168.68
169.39
170.09
170.78
171.48
172.18
172.87
173.57
174.27
174.96
175.66
176.36
177.05
177.75
178.45
179.14
179.84
180.54
181.23
181.93
182.62
183.32
184.02
184.71
185.41
186.12
186.83
187.52
188.22
188.92
189.61
190.31
191.01
191.70
192.40
193.10
193.79
194.49
195.19
195.88
196.58
197.28
197.97
198.67
199.37
200.09
200.78
201.48
202.18
202.86
203.57
204.27
204.95
205.66
206.36
207.05
207.75
208.45
209.14
209.84
210.54
211.23
211.93
212.63
213.32
214.02
214.71
215.41
216.11
216.80
217.52
218.24
218.92
219.60
220.26
220.95
221.52
222.08
222.62
223.12
223.61
224.11
224.63
225.12
225.63
226.16
226.66
227.14
227.68
228.23
228.76
229.30
229.83
230.37
