# Beats
0.35
0.70
1.04
1.40
1.75
2.10
2.45
2.79
3.19
3.59
3.98
4.39
4.77
5.17
5.56
5.96
6.34
6.73
7.12
7.49
7.87
8.25
8.63
9.01
9.38
9.76
10.14
10.52
10.90
11.28
11.67
12.05
12.42
12.81
13.19
13.56
13.93
14.32
14.70
15.07
15.45
15.84
16.22
16.60
16.99
17.36
17.74
18.11
18.49
18.88
19.25
19.63
20.02
20.40
20.78
21.15
21.54
21.92
22.29
22.67
23.06
23.44
23.82
24.20
24.58
24.96
25.34
25.72
26.10
26.48
26.87
27.24
27.62
28.00
28.39
28.76
29.14
29.51
29.90
30.28
30.66
31.05
31.43
31.80
32.18
32.57
32.95
33.32
33.69
34.06
34.44
34.82
35.20
35.58
35.97
36.35
36.73
37.12
37.49
37.86
38.24
38.63
39.00
39.38
39.76
40.15
40.53
40.91
41.30
41.68
42.05
42.42
42.81
43.18
43.56
43.94
44.33
44.72
45.10
45.50
45.87
46.27
46.67
47.08
47.48
47.89
48.29
48.69
49.13
49.57
50.02
50.46
50.89
51.32
51.75
52.19
52.62
53.10
53.59
54.08
