# Beats
0.62
1.25
1.87
2.45
3.04
3.68
4.33
4.95
5.57
6.22
6.84
7.47
8.13
8.74
9.37
10.01
10.62
11.23
11.85
12.50
13.12
13.71
14.30
14.90
15.50
16.09
16.66
17.25
17.86
18.45
19.02
19.57
20.14
20.71
21.26
21.85
22.42
23.01
23.58
24.16
24.72
25.26
25.81
26.37
26.88
27.41
27.93
28.43
28.93
29.42
29.92
30.42
30.93
31.44
31.92
32.40
32.91
33.44
33.92
34.34
34.78
35.19
35.64
36.11
36.56
37.01
37.47
37.91
38.34
38.77
39.21
39.67
40.15
40.57
41.01
41.44
41.87
42.31
42.76
43.21
43.70
44.20
44.68
45.10
45.53
45.98
46.39
46.82
47.28
47.73
48.17
48.60
49.03
49.50
49.97
50.41
50.86
51.33
51.78
52.30
52.80
53.31
53.85
54.38
54.89
55.40
55.90
56.44
56.95
57.46
58.08
58.75
59.39
60.02
60.66
61.24
61.82
62.36
62.91
63.48
64.03
64.60
65.19
65.78
66.37
66.95
67.54
68.09
