# Beats
0.65
1.31
1.95
2.58
3.20
3.83
4.46
5.09
5.70
6.32
6.94
7.56
8.19
8.81
9.44
10.07
10.68
11.31
11.94
12.56
13.19
13.80
14.43
15.06
15.69
16.31
16.93
17.55
18.18
18.81
19.44
20.06
20.69
21.32
21.93
22.56
23.19
23.81
24.44
25.07
25.68
26.31
26.94
27.56
28.19
28.82
29.44
30.06
30.69
31.31
31.94
32.55
33.18
33.81
34.44
35.05
35.68
36.30
36.93
37.56
38.19
38.81
39.44
40.07
40.68
41.31
41.94
42.56
43.19
43.80
44.43
45.06
45.69
46.31
46.93
47.55
48.18
48.81
49.44
50.06
50.69
51.32
51.93
52.56
53.19
53.81
54.43
55.05
55.68
56.31
56.92
57.55
58.18
58.80
59.43
60.06
60.69
61.31
61.93
62.55
63.18
63.80
64.42
65.05
65.68
66.32
66.93
67.56
68.19
68.81
69.43
70.05
70.69
71.32
71.94
72.56
73.19
73.82
74.43
75.06
75.69
76.31
76.93
77.55
78.18
78.81
79.44
80.06
80.69
81.32
81.94
82.57
83.20
83.82
84.44
85.07
85.68
86.31
86.94
87.56
88.20
88.84
89.47
90.08
90.70
91.31
91.93
92.55
93.19
93.83
94.46
95.09
95.70
96.32
96.93
97.55
98.19
98.82
99.46
100.10
100.74
101.32
101.91
102.49
103.10
103.70
104.21
104.72
105.24
105.76
106.28
106.81
107.35
107.83
108.34
