# Beats
0.42
0.85
1.32
1.76
2.23
2.67
3.09
3.51
3.90
4.32
4.74
5.13
5.53
5.94
6.36
6.78
7.20
7.62
8.01
8.43
8.85
9.26
9.68
10.10
10.50
10.91
11.33
11.75
12.17
12.59
12.98
13.40
13.79
14.21
14.63
15.05
15.46
15.88
16.29
16.70
17.11
17.53
17.95
18.36
18.76
19.18
19.60
20.02
20.41
20.83
21.25
21.66
22.08
22.48
22.89
23.31
23.73
24.15
24.56
24.96
25.38
25.80
26.22
26.62
27.03
27.45
27.86
28.28
28.70
29.11
29.51
29.93
30.35
30.77
31.18
31.59
32.00
32.42
32.83
33.25
33.66
34.06
34.48
34.90
35.32
35.74
36.14
36.55
36.97
37.38
37.80
38.22
38.61
39.03
39.45
39.87
40.29
40.70
41.12
41.53
41.94
42.35
42.77
43.18
43.58
44.00
44.42
44.84
45.26
45.66
46.08
46.49
46.90
47.32
47.74
48.13
48.55
48.97
49.39
49.81
50.22
50.64
51.05
51.46
51.87
52.29
52.71
53.10
53.52
53.94
54.36
54.78
55.17
55.60
56.01
56.42
56.84
57.26
57.67
58.07
58.49
58.91
59.33
59.73
60.14
60.56
60.98
61.38
61.79
62.21
62.62
63.04
63.46
63.88
64.28
64.69
65.11
65.53
65.94
66.34
66.76
67.18
67.59
68.01
68.43
68.85
69.25
69.66
70.08
70.50
70.91
71.32
71.73
72.14
72.56
72.98
73.39
73.82
74.22
74.63
75.05
75.46
75.88
76.29
76.70
77.10
77.52
77.93
78.32
78.74
79.15
79.55
79.97
80.38
80.78
81.20
81.59
82.01
82.42
82.83
83.24
83.65
84.07
84.47
84.87
85.29
85.70
86.10
86.49
86.91
87.33
87.74
88.14
88.56
88.96
89.37
89.78
90.19
90.59
91.00
91.42
91.82
92.23
92.65
93.04
93.46
93.86
94.27
94.68
95.09
95.49
95.90
96.32
96.72
97.13
97.55
97.95
98.36
98.77
99.17
99.59
100.01
100.40
100.82
101.22
101.63
102.03
102.45
102.86
103.27
103.68
104.10
104.50
104.91
105.33
105.72
106.14
106.53
106.95
107.36
107.76
108.17
108.58
108.99
109.41
109.82
110.23
110.63
111.04
111.46
111.87
112.29
112.69
113.10
113.52
113.94
114.36
114.76
115.17
115.59
116.01
116.42
116.85
117.26
117.66
118.07
118.49
118.91
119.33
119.75
120.16
120.57
120.98
121.38
121.80
122.21
122.62
123.04
123.46
123.87
124.27
124.69
125.11
125.53
125.93
126.34
126.76
127.18
127.59
128.01
128.42
128.82
129.24
129.66
130.08
130.50
130.90
131.31
131.73
132.14
132.55
132.96
133.38
133.79
134.21
134.63
135.05
135.45
135.86
136.28
136.70
137.11
137.52
137.93
138.34
138.76
139.18
139.60
140.02
140.45
140.88
141.34
141.80
142.29
142.78
143.27
143.74
144.23
144.72
145.22
145.68
146.12
146.58
147.03
147.47
147.93
148.38
148.82
149.28
149.72
150.18
150.63
