# Beats
0.75
1.52
2.29
3.05
3.78
4.50
5.21
5.92
6.63
7.34
8.05
8.75
9.47
10.18
10.90
11.61
12.33
13.04
13.75
14.47
15.19
15.89
16.61
17.32
18.04
18.75
19.47
20.18
20.90
21.61
22.33
23.03
23.75
24.46
25.18
25.89
26.61
27.32
28.04
28.75
29.47
30.17
30.89
31.60
32.32
33.03
33.75
34.46
35.18
35.89
36.61
37.31
38.03
38.74
39.46
40.18
40.90
41.61
42.33
43.05
43.76
44.48
45.20
45.91
46.61
47.32
48.04
48.76
49.48
50.19
50.91
51.62
52.34
53.05
53.77
54.47
55.19
55.91
56.63
57.35
58.06
58.78
59.50
60.21
60.93
61.64
62.35
63.07
63.79
64.52
65.27
65.84
66.40
66.94
67.49
68.03
68.57
69.10
69.64
70.17
70.70
71.24
71.81
72.38
72.93
73.49
74.06
74.63
75.21
75.79
76.36
76.93
77.50
78.07
78.63
79.25
79.85
80.43
81.01
81.61
82.19
82.78
83.38
83.99
84.59
85.24
85.89
86.54
87.19
87.81
88.42
89.03
89.56
90.09
90.63
91.16
91.68
92.22
92.74
93.27
93.81
94.34
94.89
95.43
95.97
96.51
97.05
97.59
98.30
99.01
99.72
100.43
101.12
101.83
102.54
103.25
103.94
104.65
105.36
106.07
106.78
107.47
108.17
108.88
109.57
110.28
110.99
111.70
112.41
113.12
113.82
114.53
115.23
115.93
116.63
117.34
118.05
118.75
119.46
120.16
120.86
121.56
122.26
122.97
123.68
124.39
125.10
125.81
126.50
127.21
127.92
128.63
129.32
130.03
130.74
131.44
132.14
132.85
133.56
134.26
134.97
135.67
136.38
137.08
137.79
138.48
139.19
139.90
140.60
141.31
142.01
142.71
143.42
144.11
144.82
145.53
146.24
146.94
147.64
148.35
149.06
149.76
150.47
151.17
151.87
152.58
153.29
153.99
154.70
155.40
156.11
156.82
157.52
158.23
158.93
159.63
160.33
161.04
161.75
162.46
163.18
