# Beats
0.36
0.72
1.07
1.44
1.79
2.15
2.51
2.86
3.23
3.58
3.94
4.30
4.64
5.00
5.36
5.71
6.08
6.43
6.79
7.15
7.50
7.86
8.22
8.57
8.94
9.29
9.64
9.98
10.33
10.69
11.05
11.40
11.77
12.12
12.48
12.84
13.19
13.56
13.91
14.26
14.63
14.98
15.34
15.70
16.04
16.40
16.76
17.11
17.48
17.83
18.19
18.55
18.90
19.26
19.62
19.97
20.34
20.69
21.05
21.41
21.76
22.12
22.48
22.83
23.19
23.55
23.92
24.26
24.61
24.97
25.33
25.69
26.05
26.40
26.75
27.12
27.48
27.84
28.19
28.54
28.91
29.27
29.63
29.98
30.34
30.70
31.05
31.40
31.76
32.14
32.48
32.86
33.20
33.56
33.92
34.30
34.64
35.00
35.36
35.74
36.08
36.43
36.80
37.16
37.52
37.88
38.24
38.60
38.96
39.31
39.68
40.04
40.40
40.75
41.12
41.47
41.84
42.19
42.55
42.91
43.27
43.63
44.00
44.35
44.70
45.07
45.43
45.79
46.15
46.51
46.87
47.23
47.58
47.94
48.30
48.67
49.02
49.38
49.74
50.11
50.46
50.82
51.18
51.55
51.90
52.26
52.62
52.98
53.34
53.70
54.06
54.42
54.78
55.12
55.50
55.86
56.22
56.56
56.94
57.30
57.66
58.00
58.37
58.72
59.09
59.44
59.80
60.16
60.52
60.88
61.24
61.60
61.96
62.32
62.68
63.04
63.40
63.76
64.12
64.48
64.84
65.20
65.55
65.92
66.28
66.64
66.99
67.34
67.70
68.06
68.42
68.78
69.13
69.50
69.85
70.21
70.57
70.91
71.27
71.63
71.98
72.35
72.70
73.05
73.42
73.77
74.14
74.49
74.84
75.21
75.56
75.92
76.28
76.63
77.00
77.35
77.69
78.07
78.41
78.79
79.13
79.48
79.85
80.20
80.56
80.92
81.27
81.63
81.99
82.35
82.71
83.08
83.43
83.78
84.14
84.50
84.86
85.22
85.57
85.93
86.29
86.65
87.01
87.35
87.72
88.07
88.42
88.78
89.14
89.50
89.86
90.21
90.57
90.93
91.29
91.65
92.00
92.37
92.72
93.09
93.44
93.77
94.13
94.51
94.85
95.21
95.57
95.94
96.29
96.64
96.99
97.35
97.71
98.08
98.43
98.80
99.15
99.51
99.87
100.22
100.58
100.94
101.30
101.66
102.02
102.38
102.73
103.07
103.43
103.79
104.15
104.51
104.86
105.23
105.58
105.95
106.30
106.65
107.01
107.37
107.72
108.09
108.44
108.80
109.16
109.52
109.88
110.23
110.57
110.94
111.29
111.65
112.01
112.36
112.73
113.07
113.43
113.79
114.15
114.51
114.87
115.23
115.59
115.94
116.30
116.66
117.03
117.38
117.73
118.10
118.44
118.80
119.16
119.51
119.87
120.23
120.58
120.95
121.30
121.67
122.02
122.38
122.74
123.09
123.45
123.81
124.16
124.53
124.88
125.23
125.60
125.95
126.30
126.66
127.01
127.38
127.73
128.10
128.45
128.80
129.17
129.52
129.88
130.24
130.59
130.96
131.32
131.68
132.03
132.39
132.75
133.10
133.45
133.80
134.16
134.52
134.87
135.23
135.60
135.95
136.32
136.67
137.02
137.39
137.75
138.11
138.46
138.82
139.18
139.53
139.90
140.25
140.60
140.97
141.32
141.68
142.04
142.40
142.76
143.10
143.45
143.82
144.18
144.54
144.89
145.24
145.60
145.96
146.32
146.68
147.04
147.40
147.75
148.11
148.47
148.82
149.18
149.54
149.90
150.26
150.62
150.98
151.32
151.67
152.04
152.39
152.75
153.11
153.48
153.87
154.25
154.61
154.99
155.39
155.76
156.32
156.87
157.41
157.94
158.48
159.01
159.54
160.08
160.62
161.17
161.70
162.24
162.77
163.31
163.86
164.40
164.93
165.47
166.01
166.56
167.09
167.62
168.16
168.69
169.23
169.77
170.32
170.85
171.39
171.93
172.48
173.01
173.55
174.08
174.61
175.16
175.71
176.24
176.77
177.31
177.84
178.39
178.93
179.47
180.00
180.54
181.08
181.63
182.16
182.69
183.23
183.77
184.32
184.85
185.39
185.92
186.47
187.00
187.51
188.02
188.55
188.93
189.29
189.66
190.06
190.40
190.78
191.15
191.51
191.87
192.21
192.59
192.93
193.28
193.65
194.00
194.36
194.72
195.07
195.44
195.79
196.15
196.51
196.86
197.23
197.58
197.94
198.30
198.65
199.02
199.37
199.71
200.07
200.43
200.79
201.15
201.50
201.87
202.22
202.57
202.94
203.29
203.66
204.01
204.36
204.72
205.08
205.44
205.80
206.15
206.51
206.87
207.23
207.59
207.93
208.29
208.65
209.00
209.36
209.72
210.08
210.44
210.79
211.15
211.51
211.86
212.22
212.58
212.95
213.30
213.65
214.02
214.37
214.73
215.09
215.43
215.79
216.15
216.51
216.87
217.22
217.59
217.94
218.29
218.65
219.01
219.37
219.73
220.08
220.44
220.80
221.16
221.52
221.87
222.23
222.57
222.93
223.29
223.65
224.03
224.37
224.72
225.08
225.44
225.80
226.16
226.51
226.87
227.23
227.58
227.94
228.30
228.65
229.01
229.37
229.73
230.09
230.43
230.79
231.15
231.50
231.87
232.22
232.58
232.94
233.29
233.66
234.02
234.38
234.73
235.08
235.44
235.80
236.16
236.52
236.87
237.23
237.59
237.95
238.31
238.65
239.00
239.37
239.76
240.14
240.52
240.94
241.36
241.77
242.18
242.61
243.04
243.46
243.90
244.33
244.77
245.25
245.71
246.18
246.64
247.11
247.56
248.02
248.50
248.98
249.44
249.92
250.40
250.87
251.36
251.86
252.35
252.85
253.35
253.86
254.36
254.89
255.40
255.88
256.37
256.87
257.37
257.88
258.38
258.86
259.33
259.81
260.28
260.76
261.24
261.71
