# Beats
0.46
0.95
1.40
1.87
2.32
2.77
3.17
3.56
3.96
4.34
4.73
5.12
5.53
5.92
6.36
6.80
7.24
7.73
8.21
8.68
9.16
9.64
10.11
10.59
11.06
11.54
12.02
12.49
12.97
13.43
13.91
14.38
14.95
15.53
16.13
16.71
17.28
17.84
18.41
18.98
19.48
19.98
20.48
20.93
21.40
21.87
22.36
22.85
23.32
23.86
24.40
24.95
25.50
26.05
26.61
27.16
27.70
28.25
28.79
29.34
29.88
30.42
30.95
31.56
32.15
32.74
33.34
33.95
34.52
35.09
35.64
36.18
36.70
37.22
37.74
38.27
38.82
39.38
39.94
40.48
41.05
41.61
42.17
42.71
43.32
43.93
44.55
45.14
45.74
46.42
47.09
47.78
48.47
49.16
49.83
50.50
51.21
51.91
52.62
53.32
54.03
54.74
55.46
56.18
56.90
57.62
58.33
59.05
59.77
60.49
61.21
61.93
62.64
63.34
64.05
64.77
65.48
66.20
66.91
67.63
68.35
69.06
69.78
70.48
71.20
71.92
72.66
73.41
74.16
74.86
75.56
76.24
76.94
77.53
78.12
78.72
79.30
79.89
80.48
81.07
81.66
82.26
82.86
83.45
84.04
84.64
85.17
85.70
86.23
86.75
87.28
87.81
88.33
88.85
89.36
89.88
90.40
90.99
91.58
92.16
92.75
93.34
93.94
94.52
95.10
95.76
96.42
97.09
97.77
98.45
99.14
99.79
100.45
101.05
101.65
102.23
102.85
103.47
104.10
104.71
105.34
105.95
106.58
107.22
107.85
108.47
109.05
109.63
110.21
110.81
111.39
111.97
112.55
113.15
113.75
114.36
114.95
115.54
116.18
116.82
117.56
118.31
119.04
119.77
120.49
121.22
121.86
122.46
123.08
123.69
124.31
124.95
125.59
126.22
126.86
127.50
128.12
128.73
129.44
130.14
130.83
131.54
132.25
132.89
133.53
134.15
134.78
135.42
136.06
136.71
137.32
137.94
138.59
139.24
139.88
140.53
141.18
141.83
142.47
143.12
143.77
144.40
145.04
145.64
146.22
146.80
147.38
147.95
148.51
149.11
149.70
150.29
150.89
151.50
152.10
152.69
153.27
153.86
154.44
155.02
155.60
156.19
156.77
157.52
158.27
159.01
159.74
160.47
161.19
161.91
162.63
163.36
164.05
164.73
165.40
166.07
166.74
167.40
168.08
168.76
169.49
170.24
170.96
171.68
172.40
173.13
173.86
174.60
175.33
176.07
176.80
177.53
178.26
178.99
179.72
180.44
181.15
181.88
182.61
183.33
184.05
184.78
185.50
186.22
186.94
187.66
188.37
189.08
189.80
190.51
191.23
191.97
192.71
193.45
194.18
194.92
195.66
196.39
197.13
197.76
198.40
199.04
199.68
200.31
200.89
201.47
202.05
202.49
202.93
203.38
203.77
204.15
204.53
204.92
205.30
205.68
206.07
206.46
206.83
207.20
207.57
207.93
208.31
208.68
209.05
209.42
209.85
210.28
210.71
211.14
211.58
212.02
212.46
212.92
213.37
213.82
214.22
214.61
215.01
215.39
215.77
216.15
216.54
216.92
217.30
217.69
218.08
218.52
218.95
219.38
219.94
220.49
221.03
221.61
222.19
222.77
223.34
223.92
224.50
225.08
225.66
226.21
226.75
227.31
227.87
228.41
228.95
229.48
230.01
230.53
231.05
231.57
232.08
232.59
233.11
233.63
234.14
234.65
235.15
235.66
236.17
236.67
237.17
237.68
238.19
238.69
239.19
239.69
240.19
240.69
241.22
241.74
242.23
242.69
243.16
243.62
244.09
244.55
245.02
