# Beats
0.49
0.98
1.47
1.97
2.46
2.91
3.41
3.90
4.39
4.88
5.34
5.78
6.32
6.87
7.41
7.96
8.52
9.06
9.57
10.10
10.66
11.19
11.73
12.28
12.84
13.42
13.98
14.51
15.06
15.60
16.16
16.70
17.23
17.79
18.32
18.87
19.39
19.95
20.49
21.03
21.55
22.06
22.57
23.10
23.64
24.06
24.50
24.96
25.38
25.75
26.17
26.54
26.91
27.28
27.68
28.04
28.44
28.82
29.20
29.63
30.07
30.46
30.86
31.23
31.63
32.00
32.42
32.81
33.18
33.53
33.88
34.23
34.62
35.02
35.41
35.90
36.35
36.84
37.38
37.95
38.52
39.08
39.68
40.25
40.82
41.40
42.00
42.61
43.24
43.85
44.47
45.07
45.67
46.17
46.66
47.10
47.59
48.04
48.52
48.95
49.39
49.83
50.29
50.74
51.20
51.64
52.11
52.56
53.01
53.45
53.92
54.38
54.82
55.26
55.70
56.15
56.60
57.02
57.46
57.89
58.28
58.69
59.12
59.58
60.05
60.50
60.95
61.42
61.85
62.30
62.74
63.20
63.66
64.06
64.48
64.85
65.25
65.60
65.96
66.36
66.76
67.13
67.50
67.88
68.24
68.61
68.99
69.40
69.80
70.15
70.52
70.87
71.22
71.59
71.95
72.28
72.61
72.93
73.26
73.61
73.93
74.23
74.59
74.91
75.23
75.58
76.07
76.53
77.00
77.51
78.00
78.50
78.99
79.52
80.04
80.55
81.05
81.58
82.08
82.59
83.08
83.57
84.07
84.57
85.08
85.58
86.08
86.61
87.14
87.70
88.28
88.86
89.44
90.02
90.58
91.14
91.72
92.30
92.90
93.51
94.09
94.69
95.25
95.78
96.35
96.86
97.42
97.94
98.46
99.00
99.54
100.05
100.54
101.03
101.54
102.03
102.54
103.06
103.58
104.11
