# Beats
0.65
1.32
2.02
2.74
3.44
4.14
4.85
5.55
6.26
6.98
7.69
8.39
9.11
9.83
10.55
11.26
11.98
12.69
13.40
14.11
14.83
15.55
16.27
16.99
17.69
18.41
19.13
19.85
20.56
21.27
21.98
22.70
23.41
24.11
24.82
25.53
26.26
26.98
27.70
28.41
29.12
29.81
30.51
31.20
31.74
32.30
32.69
33.05
33.41
33.79
34.16
34.52
34.86
35.21
35.56
35.91
36.27
36.63
36.98
37.34
37.70
38.05
38.41
38.77
39.11
39.47
39.82
40.18
40.54
40.90
41.26
41.61
41.97
42.33
42.69
43.05
43.40
43.76
44.12
44.47
44.83
45.17
45.53
45.89
46.25
46.61
46.96
47.32
47.68
48.04
48.40
48.75
49.11
49.47
49.83
50.19
50.54
50.90
51.26
51.61
51.97
52.33
52.69
53.05
53.41
53.75
54.11
54.47
54.82
55.18
55.54
55.90
56.26
56.61
56.97
57.33
57.69
58.04
58.40
58.76
59.12
59.48
59.83
60.19
60.55
60.89
61.24
61.60
61.96
62.32
62.68
63.04
63.40
63.76
64.11
64.47
64.83
65.18
65.54
65.90
66.26
66.62
66.97
67.33
67.69
68.05
68.41
68.75
69.11
69.47
69.83
70.19
70.55
70.90
71.26
71.61
71.97
72.33
72.68
73.04
73.40
73.76
74.12
74.48
74.84
75.19
75.55
75.89
76.25
76.61
76.97
77.33
77.69
78.05
78.40
78.75
79.11
79.47
79.83
80.19
80.55
80.90
81.26
81.62
81.98
82.34
82.69
83.05
83.39
83.75
84.10
84.46
84.82
85.17
85.54
85.90
86.26
86.61
86.97
87.32
87.68
88.04
88.40
88.76
89.12
89.48
89.84
90.19
90.53
90.89
91.25
91.61
91.97
92.33
92.69
93.05
93.41
93.76
94.12
94.48
94.83
95.19
95.55
95.90
96.26
96.61
96.97
97.33
97.69
98.05
98.41
98.77
99.13
99.49
99.83
100.19
100.55
100.90
101.26
101.62
101.98
102.33
102.69
103.05
103.41
103.76
104.12
104.48
104.83
105.19
105.53
105.89
106.25
106.61
106.97
107.32
107.68
108.04
108.40
108.76
109.11
109.47
109.83
110.19
110.55
110.90
111.26
111.62
111.98
112.33
112.69
113.05
113.41
113.75
114.11
114.47
114.83
115.19
115.54
115.90
116.26
116.62
116.98
117.33
117.69
118.04
118.40
118.76
119.12
119.47
119.83
120.19
120.55
120.91
121.27
121.61
121.97
122.33
122.69
123.05
123.40
123.76
124.12
124.47
124.83
125.19
125.54
125.90
126.26
126.62
126.97
127.33
127.69
128.03
128.39
128.75
129.11
129.47
129.83
130.19
130.54
130.90
131.26
131.62
131.98
132.33
132.69
133.05
133.40
133.76
134.12
134.47
134.83
135.19
135.55
135.91
136.27
136.63
136.97
137.33
137.68
138.04
138.40
138.76
139.11
139.47
139.83
140.19
140.54
140.90
141.26
141.62
141.98
142.33
142.69
143.05
143.39
143.75
144.11
144.47
144.83
145.18
145.54
145.90
146.25
146.61
146.97
147.33
147.69
148.04
148.40
148.76
149.12
149.48
149.83
150.19
150.55
150.91
151.25
151.61
151.97
152.33
152.69
153.04
153.40
153.76
154.12
154.48
154.83
155.19
155.55
155.91
156.27
156.62
156.98
157.34
157.70
158.05
158.41
158.77
159.13
159.47
159.83
160.19
160.54
160.90
161.26
161.62
161.98
162.34
162.69
163.05
163.41
163.77
164.12
164.48
164.84
165.19
165.55
165.91
166.27
166.63
166.97
167.32
167.68
168.04
168.40
168.75
169.10
169.46
169.82
170.18
170.54
170.90
171.26
171.62
171.98
172.33
172.69
173.05
173.41
173.77
174.11
174.46
174.82
175.18
175.54
175.90
176.25
176.61
176.97
177.33
177.69
178.05
178.40
178.76
179.12
179.48
179.84
180.20
180.55
180.91
181.25
181.61
181.97
182.33
182.68
183.04
183.40
183.76
184.11
184.47
184.83
185.19
185.55
185.90
186.25
186.61
186.97
187.33
187.69
188.05
188.41
188.77
189.13
189.49
189.83
190.18
190.54
190.90
191.26
191.62
191.97
192.33
192.69
193.04
193.40
193.75
194.11
194.47
194.83
195.18
195.52
195.88
196.24
196.60
196.95
197.30
197.66
198.02
198.38
198.75
199.12
199.51
199.89
200.27
200.74
201.20
201.67
202.23
202.80
203.37
203.95
204.53
205.13
205.72
206.32
206.90
207.49
208.05
208.60
209.14
209.69
210.23
210.79
211.36
