# Beats
0.42
0.86
1.30
1.73
2.16
2.60
3.02
3.42
3.85
4.28
4.71
5.15
5.57
6.01
6.43
6.85
7.29
7.72
8.15
8.58
9.00
9.42
9.85
10.27
10.70
11.13
11.56
12.00
12.42
12.85
13.28
13.71
14.14
14.57
15.00
15.44
15.86
16.28
16.72
17.15
17.58
18.00
18.41
18.83
19.27
19.70
20.13
20.56
20.99
21.42
21.85
22.29
22.71
23.14
23.57
24.01
24.43
24.87
25.30
25.73
26.15
26.58
27.00
27.43
27.86
28.29
28.72
29.14
29.57
29.99
30.42
30.85
31.28
31.70
32.14
32.58
33.00
33.43
33.85
34.27
34.71
35.14
35.57
36.01
36.43
36.86
37.29
37.72
38.15
38.58
39.01
39.43
39.85
40.28
40.70
41.12
41.56
41.99
42.42
42.85
43.28
43.72
44.14
44.57
45.00
45.42
45.86
46.30
46.72
47.14
47.55
47.98
48.41
48.84
49.27
49.69
50.13
50.57
50.99
51.43
51.85
52.28
52.71
53.14
53.57
54.00
54.43
54.87
55.30
55.73
56.16
56.59
57.00
57.42
57.86
58.31
58.75
59.19
59.63
60.06
60.49
60.91
61.34
61.77
62.18
62.64
63.09
63.54
64.02
64.48
64.95
65.41
65.88
66.33
66.78
67.22
67.66
68.10
68.55
69.01
69.45
69.94
70.41
70.89
71.44
71.98
72.52
73.06
73.58
74.13
74.68
