# Beats
0.42
0.86
1.24
1.64
2.04
2.43
2.82
3.27
3.69
4.17
4.62
5.09
5.54
5.99
6.44
6.90
7.34
7.69
8.05
8.39
8.78
9.14
9.47
9.85
10.19
10.54
10.90
11.27
11.67
12.14
12.60
13.05
13.49
13.96
14.41
14.93
15.45
15.98
16.61
17.21
17.90
18.60
19.31
20.04
20.75
21.43
22.14
22.86
23.58
24.30
25.02
25.73
26.44
27.14
27.86
28.57
29.29
30.01
30.72
31.43
32.14
32.87
33.59
34.27
34.99
35.71
36.43
37.15
37.86
38.57
39.30
40.01
40.73
41.42
42.13
42.86
43.58
44.30
45.02
45.72
46.43
47.15
47.88
48.59
49.32
50.04
50.77
51.47
52.16
52.87
53.59
54.29
55.01
55.72
56.44
57.14
57.86
58.57
59.28
60.00
60.73
61.44
62.15
62.87
63.59
64.21
64.85
65.41
65.96
66.50
67.06
67.60
68.15
68.70
69.24
69.81
70.29
70.74
71.20
71.65
72.11
72.57
73.03
73.47
73.92
74.37
74.86
75.36
75.85
76.32
76.78
77.22
77.67
78.12
78.60
79.04
79.49
79.95
80.36
80.79
81.21
81.64
82.07
82.51
82.96
83.41
83.88
84.36
84.81
85.26
85.70
86.16
86.56
86.97
87.35
87.74
88.15
88.55
88.94
89.33
89.70
90.08
90.49
90.89
91.30
91.70
92.09
92.53
92.97
93.41
93.83
94.27
94.68
95.11
95.53
95.96
96.40
96.83
97.26
97.69
98.12
98.55
99.00
99.45
99.86
100.29
100.72
101.15
101.56
102.02
102.48
102.89
103.31
103.74
104.13
104.54
104.92
105.31
105.71
106.09
106.50
106.88
107.29
107.68
108.09
108.63
109.18
109.71
110.31
110.90
111.49
112.06
112.63
113.12
113.63
114.14
114.61
115.07
115.50
115.94
116.39
116.83
117.28
117.78
118.27
118.75
119.19
119.66
120.13
120.64
121.15
121.67
122.17
122.65
123.15
123.69
124.24
124.78
125.32
125.88
126.43
126.99
127.56
128.23
128.87
129.59
130.31
131.05
131.82
132.54
133.26
133.91
134.55
135.20
135.77
136.34
136.81
137.30
137.76
138.34
138.89
139.46
140.05
140.62
141.19
141.76
142.30
142.87
143.43
143.98
144.52
145.08
145.66
146.23
146.81
147.34
147.89
148.46
148.97
149.48
150.02
150.56
151.10
151.58
152.03
152.45
152.88
153.29
153.67
154.08
154.46
154.84
155.25
155.62
156.00
156.39
156.80
157.19
157.55
157.92
158.31
158.69
159.06
159.44
159.83
160.21
160.54
160.90
161.26
161.62
161.97
162.37
162.75
163.16
163.57
163.99
164.41
164.80
165.20
165.58
165.96
166.36
166.70
167.03
167.36
167.67
168.04
168.41
168.79
169.13
169.47
169.82
170.18
170.53
170.86
171.21
171.54
171.89
172.21
172.57
172.94
173.31
173.71
174.15
174.58
175.03
175.46
175.90
176.33
176.75
177.19
177.66
178.10
178.63
179.18
179.71
180.24
180.79
181.32
181.86
182.40
182.98
183.55
184.13
184.71
185.31
185.93
186.53
187.13
187.72
188.30
188.89
189.50
190.10
190.72
191.34
191.97
192.61
193.22
193.88
194.53
195.19
