# Beats
0.71
1.44
2.16
2.88
3.60
4.33
5.06
5.78
6.50
7.23
7.96
8.70
9.40
10.12
10.84
11.56
12.28
13.01
13.75
14.47
15.20
15.92
16.65
17.37
18.09
18.82
19.55
20.29
21.01
21.75
22.48
23.20
23.92
24.64
25.37
26.10
26.82
27.55
28.27
28.99
29.72
30.45
31.18
31.92
32.65
33.37
34.09
34.82
35.55
36.27
36.99
37.71
38.44
39.16
39.89
40.61
41.33
42.06
42.79
43.53
44.26
44.99
45.71
46.43
47.16
47.89
48.62
49.34
50.06
50.78
51.51
52.24
52.96
53.70
54.43
55.15
55.87
56.60
57.33
58.05
58.77
59.50
60.23
60.96
61.70
62.43
63.15
63.87
64.59
65.31
66.04
66.78
67.52
68.28
69.04
69.80
70.57
71.33
72.10
72.88
73.65
74.40
75.14
75.88
76.63
77.37
78.09
78.82
79.54
80.26
80.99
81.71
82.44
83.16
83.89
84.61
85.34
86.08
86.81
87.54
88.26
88.98
89.70
90.43
91.16
91.88
92.60
93.33
94.06
94.78
95.52
96.24
96.95
97.69
98.42
99.15
99.88
100.61
101.33
102.05
102.78
103.50
104.23
104.97
105.69
106.41
107.14
107.86
108.59
109.32
110.05
110.77
111.50
112.22
112.94
113.66
114.39
115.12
115.84
116.58
117.31
118.03
118.76
119.49
120.21
120.93
121.65
122.38
123.10
123.83
124.56
125.29
126.01
126.75
127.48
128.20
128.93
129.66
130.38
131.11
131.84
132.56
133.28
134.00
134.75
135.47
136.19
136.90
137.64
138.37
139.09
139.82
140.55
141.27
141.99
142.72
143.45
144.18
144.92
145.64
146.36
147.09
147.82
148.55
149.28
150.00
150.73
151.46
152.18
152.90
153.62
154.35
154.99
155.62
156.26
156.90
157.52
158.16
158.80
159.44
160.08
160.72
161.36
161.99
162.64
163.29
