# Beats
0.49
1.03
1.57
2.08
2.57
3.07
3.59
4.09
4.59
5.07
5.53
5.98
6.46
6.91
7.40
7.87
8.36
8.84
9.31
9.79
10.27
10.75
11.24
11.75
12.32
12.91
13.43
13.94
14.43
14.88
15.34
15.80
16.27
16.73
17.19
17.67
18.13
18.62
19.09
19.61
20.14
20.67
21.15
21.65
22.18
22.66
23.15
23.64
24.17
24.67
25.15
25.63
26.11
26.59
27.03
27.49
27.97
28.46
28.92
29.38
29.93
30.46
30.99
31.52
32.03
32.55
33.07
33.59
34.10
34.63
35.17
35.71
36.23
36.76
37.28
37.80
38.30
38.75
39.23
39.69
40.14
40.57
41.03
41.49
41.97
42.41
42.86
43.29
43.72
44.13
44.57
45.00
45.43
45.84
46.27
46.68
47.08
47.51
47.93
48.34
48.76
49.19
