# Beats
0.46
0.91
1.37
1.85
2.28
2.74
3.26
3.75
4.24
4.74
5.22
5.74
6.26
6.77
7.23
7.62
8.02
8.38
8.78
9.17
9.57
9.96
10.38
10.82
11.26
11.73
12.23
12.75
13.28
13.80
14.33
14.81
15.31
15.85
16.35
16.85
17.32
17.81
18.30
18.76
19.34
19.89
20.43
20.97
21.52
22.08
22.62
23.15
23.68
24.24
24.82
25.41
25.96
26.49
27.05
27.63
28.21
28.68
29.14
29.63
30.13
30.57
31.05
31.51
31.99
32.44
32.88
33.33
33.82
34.27
34.71
35.13
35.55
35.97
36.41
36.85
37.34
37.85
38.36
38.89
39.43
39.97
40.53
41.15
41.78
42.43
43.07
43.70
44.30
44.86
45.44
46.00
46.58
47.18
47.74
48.30
48.85
49.39
49.95
50.52
51.04
51.59
52.13
52.64
53.15
53.68
54.22
54.80
55.36
55.87
56.49
57.09
57.68
58.27
58.84
59.40
59.95
60.51
61.15
61.77
62.38
63.00
63.62
64.30
64.92
65.62
66.35
67.05
67.78
68.52
69.24
70.01
70.77
71.54
72.28
73.07
73.82
74.56
75.26
75.95
76.64
77.37
78.07
78.76
79.47
80.18
80.86
81.59
82.31
83.01
83.71
84.45
