# Beats
0.49
1.00
1.51
2.02
2.53
3.07
3.60
4.13
4.71
5.29
5.87
6.44
7.01
7.47
7.92
8.36
8.80
9.20
9.59
9.98
10.40
10.80
11.20
11.61
12.00
12.41
12.81
13.20
13.61
14.00
14.40
14.80
15.21
15.60
16.00
16.37
16.76
17.16
17.55
17.95
18.34
18.72
19.10
19.47
19.85
20.25
20.62
21.00
21.39
21.76
22.15
22.55
22.95
23.36
23.80
24.24
24.68
25.10
25.47
25.83
26.19
26.56
26.91
27.26
27.62
27.96
28.32
28.65
29.00
29.35
29.69
30.02
30.35
30.70
31.05
31.44
31.83
32.22
32.60
32.95
33.32
33.68
34.04
34.40
34.76
35.13
35.50
35.87
36.22
36.57
36.90
37.24
37.62
37.99
38.35
38.75
39.15
39.54
39.94
40.30
40.65
41.01
41.37
41.74
42.10
42.47
42.84
43.21
43.58
43.91
44.26
44.62
44.95
45.30
45.66
46.13
46.58
47.04
47.50
47.95
48.40
48.85
49.23
49.60
49.98
50.35
50.74
51.11
51.48
51.84
52.20
52.55
52.90
53.27
53.64
54.02
54.40
54.81
55.19
55.59
55.98
56.38
56.71
57.04
57.39
57.75
58.08
58.42
58.77
59.11
59.44
59.77
60.13
60.46
60.79
61.10
61.42
61.74
62.08
62.44
62.80
63.16
63.53
63.90
64.26
64.63
64.99
65.35
65.70
66.06
66.42
66.78
67.13
67.48
67.83
68.17
68.53
68.92
69.29
69.66
70.10
70.55
71.02
71.47
71.91
72.38
72.84
73.29
73.75
74.22
74.72
75.20
75.67
76.16
76.65
77.13
77.60
78.10
78.58
79.06
79.55
80.03
80.56
81.08
81.73
82.37
83.01
83.64
84.27
84.90
85.54
86.24
86.94
87.68
88.42
89.15
89.87
90.58
91.28
91.97
92.55
93.15
93.65
94.16
94.66
95.16
95.68
96.20
96.71
97.22
97.73
98.26
98.75
99.25
99.76
100.26
100.77
101.29
101.80
102.31
102.89
103.47
104.05
104.63
105.21
105.77
106.32
106.88
107.45
108.02
108.51
108.98
109.46
109.92
110.38
110.83
111.29
111.78
112.25
112.71
113.15
113.59
114.04
114.51
114.96
115.41
115.91
116.39
116.87
117.34
117.84
118.33
118.89
119.43
119.95
120.56
121.16
121.77
122.36
122.94
123.58
124.23
124.84
125.46
126.06
126.63
127.19
127.83
128.46
129.10
129.72
130.35
130.97
131.61
132.26
132.91
133.55
134.20
134.84
135.47
136.10
136.75
137.40
138.04
138.67
139.31
139.95
140.57
141.18
141.78
142.38
143.02
143.66
144.31
144.94
145.58
146.22
146.85
147.45
148.03
148.62
149.20
149.78
150.37
150.95
151.53
152.17
152.79
153.41
154.04
154.68
155.32
155.96
156.62
157.29
157.91
158.52
159.14
159.75
160.35
160.96
161.56
162.17
162.78
163.40
163.93
164.47
165.02
165.58
166.14
166.72
167.28
167.95
168.60
169.27
169.92
170.56
171.20
171.83
172.45
173.08
173.72
174.24
174.78
175.29
175.73
176.18
176.62
177.06
177.49
177.93
178.42
178.91
179.37
179.86
180.35
180.84
181.31
181.79
182.25
182.74
183.21
183.67
184.13
184.59
185.06
185.54
185.92
186.29
186.67
187.04
187.41
187.78
188.13
188.50
188.86
189.22
189.60
189.99
190.40
190.82
191.22
191.61
192.02
192.45
192.89
193.33
193.77
194.20
194.64
195.07
195.51
195.95
196.30
196.67
197.04
197.42
197.79
198.14
198.51
198.86
199.20
199.58
199.97
200.35
