# Beats
0.35
0.70
1.04
1.39
1.75
2.11
2.47
2.83
3.19
3.55
3.92
4.30
4.68
5.06
5.45
5.83
6.27
6.72
7.16
7.65
8.14
8.61
9.06
9.49
9.91
10.36
10.73
11.10
11.47
11.84
12.21
12.59
12.96
13.33
13.69
14.05
14.41
14.78
15.15
15.52
15.88
16.24
16.60
16.96
17.32
17.68
18.03
18.39
18.75
19.11
19.47
19.83
20.19
20.55
20.91
21.28
21.64
22.00
22.36
22.72
23.08
23.44
23.80
24.17
24.54
24.92
25.29
25.65
26.01
26.38
26.75
27.12
27.49
27.86
28.24
28.61
28.98
29.35
29.72
30.09
30.46
30.82
31.18
31.54
31.90
32.25
32.61
32.97
33.33
33.69
34.06
34.44
34.81
35.18
35.55
35.92
36.28
36.65
37.02
37.40
37.76
38.12
38.48
38.84
39.20
39.56
39.90
40.26
40.62
40.97
41.33
41.69
42.05
42.41
42.77
43.13
43.51
43.89
44.26
44.63
45.00
45.36
45.73
46.10
46.49
46.87
47.25
47.64
48.02
48.39
48.75
49.11
49.48
49.85
50.22
50.60
50.97
51.34
51.72
52.09
52.47
52.85
53.22
53.59
53.96
54.33
54.69
55.07
55.44
55.80
56.17
56.55
56.92
57.30
57.66
58.02
58.37
58.73
59.09
59.45
59.83
60.20
60.57
60.94
61.31
61.68
62.06
62.44
62.81
63.18
63.55
63.92
64.28
64.64
65.00
65.38
65.77
66.14
66.53
66.98
67.44
67.91
68.37
68.84
69.30
69.78
70.24
70.70
71.17
71.66
72.13
72.61
73.10
73.58
74.07
74.56
75.05
75.52
76.02
76.51
77.00
77.55
78.11
78.67
79.23
79.78
80.34
80.90
81.46
82.00
82.55
83.09
83.63
84.17
84.79
85.41
86.04
86.67
87.28
87.91
88.53
89.15
89.78
90.41
91.03
91.67
92.31
92.96
93.60
94.24
94.87
95.50
96.13
96.75
97.37
98.00
98.63
99.27
99.82
100.38
100.94
101.49
102.05
102.54
103.00
103.46
103.92
104.37
104.84
105.30
105.76
106.21
106.66
107.11
107.55
108.01
108.46
108.99
109.53
110.04
110.54
111.04
111.53
112.01
112.51
113.00
113.50
114.00
114.47
114.95
115.43
115.90
116.37
116.83
117.28
117.74
118.19
118.64
119.08
119.54
119.99
120.44
120.89
121.35
121.80
122.18
122.55
122.93
123.31
123.68
124.05
124.41
124.77
125.13
125.49
125.85
126.21
126.57
126.93
127.29
127.65
128.00
128.35
128.71
129.07
129.43
129.79
130.15
130.50
130.86
131.20
131.56
131.92
132.28
132.64
132.99
133.35
133.71
134.07
134.43
134.79
135.15
135.53
135.92
136.30
136.67
137.03
137.40
137.78
138.15
138.54
138.95
139.35
139.77
140.18
140.59
140.99
141.36
141.73
142.12
142.49
142.86
143.23
143.60
143.98
144.34
144.70
145.06
145.41
145.77
146.13
146.51
146.89
147.37
147.83
148.31
148.78
149.25
149.71
150.18
150.65
151.13
151.64
152.15
152.65
153.10
153.54
153.97
154.41
154.85
155.28
155.72
156.17
156.61
157.05
157.49
157.92
158.35
158.78
159.21
159.64
160.07
160.50
160.91
161.33
161.75
162.19
162.63
163.07
163.51
163.96
164.40
164.95
165.48
166.01
166.55
167.09
167.62
168.16
168.69
169.23
169.76
170.28
170.81
171.25
171.69
172.13
172.52
172.93
173.33
173.73
174.10
174.46
174.83
175.21
175.58
175.95
176.32
176.69
177.06
177.42
177.78
178.16
178.50
178.86
179.21
179.57
180.02
180.48
180.93
181.38
181.84
182.29
182.75
183.22
183.69
184.17
184.65
185.12
185.59
186.12
186.64
187.16
187.69
188.20
188.72
189.25
189.78
190.31
190.84
191.37
191.88
192.40
192.91
193.41
193.92
194.42
194.92
195.43
195.94
196.52
197.10
197.72
198.33
198.95
199.55
200.17
200.77
201.38
201.99
202.59
203.20
203.80
204.42
205.02
