# Beats
0.65
1.32
1.96
2.58
3.20
3.82
4.46
5.10
5.76
6.40
7.02
7.65
8.27
9.00
9.72
10.54
11.37
12.19
13.03
13.86
14.69
15.51
16.34
17.17
18.00
18.82
19.64
20.47
21.30
22.13
22.96
23.79
24.61
25.45
26.27
27.10
27.93
28.76
29.58
30.41
31.24
32.07
32.89
33.73
34.55
35.38
36.20
37.02
37.85
38.68
39.51
40.33
41.17
41.99
42.82
43.64
44.48
45.30
46.13
46.96
47.79
48.61
49.44
50.27
51.10
51.92
52.76
53.58
54.42
55.24
56.06
56.89
57.71
58.55
59.37
60.20
61.03
61.86
62.68
63.51
64.34
65.17
65.99
66.82
67.65
68.48
69.31
70.14
70.96
71.78
72.62
73.44
74.27
75.09
75.93
76.75
77.58
78.40
79.24
80.07
80.90
81.72
82.55
83.37
84.21
85.03
85.86
86.68
87.52
88.34
89.16
89.99
90.82
91.65
92.47
93.30
94.13
94.96
95.78
96.61
97.44
98.27
99.10
99.93
100.75
101.58
102.40
103.22
104.06
104.88
105.71
106.54
107.37
108.19
109.02
109.85
110.68
111.50
112.33
113.16
113.99
114.81
115.64
116.47
117.30
118.12
118.96
119.78
120.62
121.44
122.26
123.09
123.92
124.75
125.57
126.40
127.23
128.06
128.89
129.72
130.54
131.37
132.19
133.03
133.85
134.68
135.51
136.34
137.16
138.00
138.82
139.64
140.47
141.31
142.13
142.95
143.78
144.61
145.44
146.27
147.10
147.92
148.75
149.58
150.41
151.23
152.06
152.89
153.72
154.54
155.36
156.20
157.02
157.86
158.69
159.52
160.35
161.17
161.99
162.83
163.65
164.49
165.31
166.14
166.96
167.80
168.62
169.45
170.27
171.11
171.93
172.76
173.58
174.41
175.24
176.07
176.89
177.71
178.54
179.37
180.20
181.03
181.86
182.68
183.51
184.34
185.17
185.99
186.82
187.65
