# Beats
0.45
0.91
1.37
1.83
2.30
2.75
3.24
3.74
4.24
4.68
5.11
5.55
5.99
6.44
6.88
7.33
7.70
8.06
8.43
8.80
9.17
9.56
9.94
10.32
10.70
11.08
11.44
11.80
12.16
12.50
12.86
13.22
13.58
13.93
14.29
14.65
15.01
15.37
15.73
16.09
16.44
16.80
17.16
17.52
17.88
18.23
18.59
18.95
19.31
19.66
20.02
20.38
20.74
21.08
21.44
21.80
22.15
22.50
22.87
23.23
23.59
23.94
24.30
24.66
25.01
25.36
25.72
26.08
26.44
26.78
27.14
27.50
27.86
28.21
28.57
28.93
29.29
29.64
30.01
30.37
30.72
31.07
31.44
31.80
32.15
32.50
32.87
33.23
33.58
33.92
34.30
34.66
35.02
35.36
35.72
36.08
36.44
36.79
37.15
37.51
37.87
38.22
38.58
38.94
39.29
39.65
40.02
40.38
40.74
41.09
41.45
41.81
42.16
42.50
42.86
43.22
43.57
43.92
44.29
44.65
45.00
45.35
45.72
46.08
46.44
46.79
47.15
47.51
47.87
48.22
48.58
48.94
49.30
49.64
50.00
50.36
50.72
51.07
51.43
51.79
52.15
52.50
52.86
53.22
53.58
53.93
54.29
54.65
55.01
55.36
55.72
56.06
56.44
56.81
57.17
57.52
57.89
58.25
58.60
58.94
59.32
59.68
60.02
60.37
60.73
61.09
61.45
61.79
62.16
62.52
62.87
63.22
63.59
63.95
64.30
64.64
65.02
65.38
65.72
66.08
66.44
66.79
67.15
67.51
67.86
68.21
68.58
68.94
69.29
69.64
70.01
70.37
70.72
71.06
71.42
71.78
72.14
72.49
72.85
73.21
73.56
73.91
74.28
74.64
75.00
75.35
75.72
76.08
76.43
76.78
77.15
77.51
77.87
78.22
78.59
78.95
79.31
79.66
80.02
80.38
80.72
81.07
81.43
81.79
82.15
82.50
82.86
83.22
83.58
83.93
84.29
84.65
85.00
85.34
85.72
86.08
86.42
86.77
87.14
87.50
87.85
88.20
88.57
88.93
89.28
89.63
90.00
90.36
90.71
91.06
91.43
91.79
92.14
92.49
92.86
93.22
93.58
93.92
94.28
94.64
94.99
95.34
95.71
96.07
96.42
96.77
97.14
97.50
97.85
98.20
98.56
98.92
99.27
99.63
100.00
100.37
100.72
101.06
101.44
101.80
102.16
102.50
102.88
103.24
103.58
103.93
104.29
104.65
105.00
105.34
105.69
106.07
106.45
106.82
107.21
107.59
107.96
108.31
108.66
109.03
109.40
109.76
110.12
110.48
110.83
111.19
111.54
111.89
112.25
112.59
112.95
113.31
113.67
114.03
114.39
114.74
115.10
115.46
115.82
116.18
116.54
116.90
117.25
117.61
117.96
118.32
118.68
119.04
119.40
119.75
120.11
120.47
120.81
121.17
121.53
121.89
122.24
122.60
122.96
123.32
123.68
124.03
124.39
124.75
125.11
125.46
125.82
126.18
126.54
126.89
127.25
127.61
127.97
128.33
128.67
129.03
129.39
129.75
130.10
130.46
130.82
131.18
131.53
131.89
132.25
132.61
132.97
133.32
133.68
134.03
134.39
134.75
135.11
135.47
135.83
136.17
136.53
136.89
137.25
137.60
137.96
138.32
138.68
139.04
139.39
139.75
140.11
140.46
140.82
141.18
141.54
141.89
142.25
142.61
142.97
143.33
143.67
144.03
144.39
144.75
145.10
145.46
145.82
146.18
146.54
146.90
147.25
147.60
147.96
148.32
148.68
149.04
149.39
149.75
150.11
150.47
150.83
151.17
151.53
151.89
152.25
152.61
152.96
153.32
153.68
154.04
154.39
154.75
155.11
155.46
155.82
156.18
156.54
156.89
157.25
157.61
157.97
158.33
158.67
159.03
159.38
159.74
160.10
160.46
160.82
161.18
161.54
161.90
162.28
162.66
163.03
163.41
163.87
164.34
164.80
165.24
165.67
166.12
166.56
167.00
167.44
167.88
168.34
168.82
169.30
169.67
170.04
170.40
170.76
171.12
171.48
171.84
172.20
172.56
172.92
173.29
173.66
174.03
174.39
174.75
175.10
175.46
175.82
176.18
176.53
176.89
177.25
177.61
177.96
178.32
178.68
179.04
179.39
179.75
180.11
180.47
180.83
181.17
181.53
181.88
182.24
182.60
182.96
183.32
183.68
184.03
184.39
184.74
185.10
185.46
185.82
186.18
186.54
186.89
187.25
187.61
187.97
188.31
188.66
189.02
189.38
189.74
190.10
190.45
190.81
191.17
191.53
191.88
192.24
192.59
192.95
193.31
193.67
194.03
194.37
194.72
195.09
195.45
195.80
196.15
196.52
196.88
197.23
197.58
197.95
198.31
198.66
199.01
199.38
199.74
200.10
200.45
200.82
201.18
201.55
201.92
202.27
202.62
202.97
203.30
203.65
204.01
204.37
204.73
205.08
205.43
205.78
206.12
206.48
206.84
207.19
207.55
207.90
208.26
208.62
208.98
209.33
209.69
210.04
210.40
210.76
211.12
211.46
211.82
212.17
212.52
212.88
213.24
213.59
213.95
214.30
214.66
215.02
215.37
215.72
216.08
216.44
216.80
217.16
217.52
217.88
218.23
218.58
218.94
219.30
219.65
220.01
220.37
220.72
221.07
221.41
221.89
222.37
222.85
223.33
223.81
224.29
224.78
225.26
225.73
226.20
226.67
227.15
227.61
228.09
228.57
229.03
229.51
229.98
230.35
230.71
231.07
231.43
231.79
232.15
232.51
232.87
233.23
233.58
233.94
234.30
234.66
235.01
235.37
235.73
236.09
236.45
236.81
237.17
237.52
237.87
238.23
238.59
238.94
239.30
239.66
240.01
240.37
240.74
241.13
241.50
241.87
242.28
242.67
243.07
243.45
243.84
244.24
244.63
245.02
245.41
245.81
246.20
246.58
246.97
247.36
247.76
248.15
