# Beats
0.51
1.04
1.58
2.11
2.65
3.18
3.73
4.27
4.82
5.36
5.90
6.43
6.97
7.50
8.03
8.54
9.06
9.58
10.09
10.60
11.12
11.66
12.28
12.91
13.51
14.14
14.77
15.45
16.11
16.79
17.46
18.15
18.83
19.53
20.22
20.90
21.59
22.27
22.92
23.57
24.21
24.86
25.50
26.15
26.76
27.40
28.03
28.65
29.28
29.90
30.52
31.14
31.72
32.28
32.83
33.41
33.99
34.57
35.16
35.74
36.32
36.90
37.44
37.99
38.55
39.10
39.66
40.24
40.79
41.34
41.90
42.47
43.03
43.49
43.94
44.41
44.88
45.35
45.80
46.25
46.72
47.17
47.60
48.02
48.44
48.85
49.27
49.69
50.13
50.61
51.08
51.56
52.02
52.50
52.96
53.43
53.88
54.33
54.78
55.21
55.64
56.05
56.49
56.94
57.38
57.82
58.21
58.61
58.99
59.37
59.78
60.19
60.58
60.98
61.37
61.77
62.16
62.55
62.94
63.33
63.72
64.21
64.71
65.20
65.70
66.19
66.69
67.20
67.72
68.24
68.74
69.24
69.73
70.22
70.70
71.19
71.68
72.17
72.66
73.14
73.63
74.12
74.61
75.10
75.59
76.09
76.58
77.07
77.55
78.04
78.53
79.02
79.51
79.99
80.49
80.98
81.47
81.95
82.45
82.94
83.43
83.92
84.40
84.90
85.40
85.91
86.40
86.89
87.35
87.82
88.28
88.77
89.33
89.88
90.43
90.95
91.48
92.00
92.49
92.97
93.47
93.96
94.45
94.93
95.43
95.92
96.39
96.87
97.34
97.83
98.29
98.78
99.24
99.73
100.24
100.76
101.26
101.76
102.26
102.76
103.29
103.79
104.26
104.75
105.21
105.70
106.16
106.63
107.11
107.58
108.07
108.55
109.02
109.51
109.97
110.46
110.92
111.41
111.87
112.36
112.84
113.31
113.80
114.27
114.73
115.22
115.69
116.17
116.66
117.12
117.61
118.07
118.55
119.03
119.51
119.98
120.47
120.93
121.42
121.88
122.35
122.83
123.31
123.79
124.27
124.74
125.21
125.69
126.15
126.64
127.13
127.62
128.08
128.57
129.03
129.51
129.97
130.45
130.93
131.40
131.89
132.35
132.83
133.31
133.79
134.28
134.78
135.28
135.78
136.28
136.79
137.30
137.80
138.27
138.76
139.25
139.74
140.23
140.70
141.18
141.64
142.13
142.59
143.08
143.56
144.03
144.51
144.99
145.45
145.91
146.40
146.89
147.35
147.84
148.31
148.78
149.26
149.75
150.21
150.70
151.19
151.65
152.13
152.60
153.07
153.55
154.02
154.51
154.97
155.46
155.93
156.41
156.87
157.36
157.83
158.31
158.78
159.27
159.73
160.19
160.68
161.15
161.63
162.10
162.59
163.06
163.54
164.01
164.49
164.98
165.44
165.93
166.39
166.88
167.36
167.83
168.31
168.79
169.26
169.74
170.21
170.69
171.17
171.64
172.12
172.59
173.07
173.55
174.03
174.50
174.97
175.45
175.93
176.40
176.88
177.35
177.83
178.31
178.78
179.26
179.72
180.21
180.70
181.16
181.65
182.11
182.60
183.07
183.55
184.02
184.51
184.97
185.46
185.92
186.41
186.87
187.36
187.84
188.31
188.78
189.27
189.73
190.22
190.68
191.17
191.65
192.12
192.59
193.07
193.54
194.03
194.49
194.98
195.44
195.93
196.39
196.88
197.35
197.83
198.31
198.79
199.26
199.74
200.20
200.68
201.17
201.64
202.12
202.59
203.06
203.55
204.02
204.50
204.97
205.45
205.94
206.41
206.88
207.35
207.82
208.31
208.79
209.30
209.79
210.29
210.79
211.36
211.93
212.49
213.04
213.60
214.16
214.70
215.25
215.81
216.36
216.92
217.50
218.08
218.59
219.10
219.61
220.11
220.61
221.14
221.63
222.12
222.59
223.07
223.55
224.03
224.53
225.00
225.49
225.98
226.44
226.93
227.39
227.86
228.35
228.82
229.30
229.78
230.25
230.71
231.20
231.69
232.15
232.64
233.12
233.62
234.14
234.64
235.15
235.66
236.17
236.66
237.15
237.63
238.12
238.61
239.07
239.54
240.01
240.49
240.95
241.44
241.92
242.39
242.87
243.35
243.83
244.30
244.77
245.25
245.73
246.20
246.69
247.15
247.64
248.11
248.59
249.06
249.54
250.01
250.49
250.96
251.45
251.91
252.40
252.87
253.35
253.82
254.30
254.77
255.26
255.72
256.21
256.68
257.16
257.63
258.10
258.58
259.07
259.54
260.02
260.48
260.97
261.45
261.92
262.39
262.87
263.35
263.83
264.29
264.78
265.25
265.73
266.19
266.68
