# Beats
0.43
0.88
1.35
1.82
2.30
2.76
3.25
3.72
4.19
4.66
5.13
5.61
6.08
6.56
7.04
7.51
7.99
8.46
8.94
9.42
9.89
10.37
10.84
11.31
11.80
12.27
12.75
13.22
13.70
14.18
14.65
15.12
15.60
16.08
16.56
17.03
17.51
17.98
18.46
18.94
19.41
19.89
20.36
20.84
21.32
21.79
22.27
22.74
23.22
23.70
24.17
24.65
25.12
25.60
26.08
26.54
27.03
27.50
27.98
28.46
28.93
29.41
29.88
30.36
30.84
31.31
31.79
32.26
32.74
33.22
33.69
34.17
34.64
35.12
35.60
36.07
36.55
37.02
37.50
37.98
38.45
38.93
39.40
39.88
40.36
40.83
41.31
41.78
42.26
42.74
43.21
43.69
44.16
44.65
45.13
45.59
46.07
46.56
47.04
47.51
47.98
48.46
48.95
49.42
49.90
50.36
50.84
51.32
51.79
52.27
52.74
53.22
53.70
54.17
54.65
55.12
55.60
56.08
56.55
57.03
57.52
57.98
58.46
58.93
59.41
59.88
60.36
60.84
61.31
61.79
62.26
62.74
63.22
63.69
64.17
64.64
65.12
65.60
66.07
66.55
67.04
67.51
67.99
68.46
68.94
69.42
69.89
70.37
70.84
71.32
71.78
72.25
72.70
73.17
73.63
74.09
74.55
75.01
75.46
75.95
76.44
76.92
77.40
77.88
78.37
78.84
79.33
79.82
80.29
80.76
81.24
81.71
82.14
82.57
83.00
83.42
83.85
84.27
84.68
85.11
85.54
85.98
86.36
86.73
87.10
87.47
87.84
88.22
88.60
88.97
89.34
89.70
90.06
90.42
90.78
91.14
91.51
91.87
92.23
92.58
92.93
93.27
93.70
94.13
94.57
95.02
95.45
95.88
96.32
96.78
97.23
97.71
98.17
98.64
99.10
99.56
100.01
100.45
100.90
101.45
101.99
102.59
103.18
103.77
104.35
104.94
105.51
106.09
106.66
107.13
107.59
108.07
108.54
109.02
109.49
109.97
110.45
110.93
111.46
111.97
112.49
113.01
113.52
114.04
114.56
115.05
115.57
116.05
116.54
117.02
117.49
117.97
118.44
118.92
119.40
119.87
120.35
120.81
121.29
121.77
122.24
122.72
123.21
123.69
124.17
124.64
125.12
125.60
126.07
126.55
127.01
127.49
127.97
128.44
128.93
129.40
129.88
130.36
130.82
131.30
131.77
132.25
132.73
133.20
133.68
134.15
134.63
135.11
135.58
136.06
136.53
137.01
137.49
137.96
138.44
138.91
139.39
139.87
140.34
140.82
141.28
141.76
142.23
142.72
143.20
143.67
144.15
144.63
145.10
145.58
146.04
146.52
146.99
147.47
147.95
148.42
148.90
149.39
149.86
150.34
150.81
151.30
151.78
152.25
152.73
153.19
153.67
154.15
154.62
155.10
155.57
156.05
156.53
157.01
157.49
157.97
158.43
158.91
159.38
159.87
160.35
160.82
161.30
161.77
162.25
162.73
163.19
163.68
164.17
164.64
165.12
165.59
166.07
166.53
167.01
167.49
167.96
168.45
168.94
169.41
169.88
170.34
170.81
171.29
171.77
172.26
172.73
173.20
173.67
174.15
174.63
175.10
175.58
176.05
176.53
177.01
177.48
177.96
178.43
178.91
179.39
179.86
180.34
180.81
181.29
181.77
182.24
182.72
183.19
183.67
184.15
184.62
185.10
185.57
186.05
186.53
187.00
187.48
187.95
188.43
188.91
189.38
189.86
190.33
190.81
191.29
191.76
192.24
192.71
193.19
193.67
194.14
194.62
195.09
195.57
196.06
196.53
197.01
197.49
197.96
198.44
198.93
199.40
199.88
200.34
200.82
201.29
201.77
202.25
202.72
203.20
203.67
204.15
204.61
205.09
205.57
206.05
206.54
207.04
207.54
208.05
208.56
209.08
209.62
210.15
210.67
211.21
211.74
212.28
212.88
213.48
214.08
214.67
215.26
215.85
216.46
217.06
217.66
218.27
218.87
219.48
220.07
220.66
221.26
221.80
222.34
222.89
223.38
223.86
224.35
224.83
225.31
225.79
226.28
226.77
227.24
227.72
228.21
228.69
