# Beats
0.33
0.66
1.00
1.35
1.72
2.07
2.41
2.79
3.13
3.51
3.85
4.20
4.57
4.95
5.28
5.64
6.08
6.52
6.94
7.36
7.78
8.20
8.60
9.10
9.60
10.11
10.66
11.19
11.73
12.26
12.81
13.40
14.00
14.61
15.21
15.80
16.39
16.99
17.58
18.18
18.78
19.37
19.93
20.50
21.08
21.69
22.28
22.80
23.32
23.85
24.36
24.87
25.38
25.89
26.41
26.90
27.40
27.89
28.36
28.84
29.33
29.80
30.29
30.77
31.35
31.95
32.54
33.13
33.74
34.27
34.80
35.33
35.86
36.40
36.94
37.43
37.94
38.43
38.89
39.38
39.86
40.33
40.82
41.31
41.80
42.26
42.72
43.21
43.71
44.21
44.77
45.30
45.85
46.42
46.99
47.53
48.08
48.65
49.18
49.74
50.29
50.85
51.41
51.95
52.41
52.87
53.34
53.80
54.27
54.73
55.19
55.61
56.05
56.49
56.94
57.39
57.82
58.26
58.69
59.12
59.56
60.01
60.44
60.88
61.32
61.77
62.18
62.62
63.07
63.51
63.95
64.39
64.84
65.27
65.70
66.13
66.57
67.01
67.45
67.90
68.34
68.75
69.20
69.64
70.08
70.52
70.96
71.40
71.84
72.27
72.70
73.14
73.58
74.03
74.47
74.91
75.35
75.77
76.21
76.65
77.09
77.54
77.97
78.43
