# Beats
0.68
1.38
2.08
2.79
3.51
4.23
4.95
5.65
6.36
7.07
7.79
8.50
9.22
9.94
10.66
11.37
12.07
12.78
13.50
14.21
14.93
15.65
16.37
17.08
17.79
18.51
19.21
19.92
20.64
21.36
22.08
22.79
23.51
24.22
24.93
25.63
26.35
27.07
27.79
28.50
29.21
29.93
30.65
31.36
32.08
32.80
33.51
34.21
34.93
35.65
36.37
37.08
37.79
38.50
39.22
39.93
40.65
41.35
42.06
42.77
43.49
44.21
44.93
45.65
46.36
47.07
47.79
48.51
49.23
49.93
50.64
51.35
52.07
52.78
53.50
54.22
54.94
55.65
56.35
57.07
57.79
58.51
59.23
59.94
60.65
61.36
62.07
62.79
63.51
64.23
64.95
65.63
66.32
67.00
67.69
68.37
69.06
69.75
70.38
71.01
71.53
72.05
72.56
73.07
73.58
74.08
74.57
75.06
75.55
76.02
76.50
76.97
77.47
77.97
78.47
78.96
79.45
79.93
80.39
80.84
81.29
81.75
82.20
82.65
83.10
83.56
84.01
84.46
84.92
85.38
85.84
86.34
86.84
87.33
87.82
88.31
88.79
89.28
89.77
90.26
90.72
91.18
91.65
92.11
92.58
93.04
93.51
93.97
94.44
94.90
95.36
95.83
96.29
96.77
97.25
97.72
98.20
98.67
99.15
99.63
100.10
100.58
101.05
101.53
102.01
102.48
102.96
103.43
103.91
104.39
104.86
105.34
105.81
106.29
106.77
107.24
107.73
108.22
108.68
109.16
109.63
110.11
110.59
111.06
111.54
112.01
112.49
112.97
113.44
113.92
114.39
114.87
115.35
115.82
116.30
116.77
117.25
117.73
118.20
118.68
119.15
119.63
120.11
120.58
121.06
121.53
122.01
122.49
122.96
123.44
123.91
124.39
124.87
125.34
125.82
126.29
126.77
127.25
127.73
128.21
128.68
129.15
129.63
130.10
130.59
131.07
131.54
132.02
132.49
132.97
133.45
133.92
134.40
134.87
135.35
135.83
136.30
136.78
137.25
137.73
138.21
138.68
139.16
139.63
140.11
140.59
141.06
141.54
142.01
142.49
142.97
143.44
143.92
144.39
144.87
145.35
145.82
146.30
146.77
147.25
147.73
148.20
148.68
149.15
149.63
150.11
150.58
151.06
151.53
152.01
152.49
152.96
153.44
153.93
154.40
154.88
155.35
155.83
156.31
156.78
157.26
157.73
158.21
158.69
159.16
159.64
160.11
160.59
161.07
161.54
162.02
162.49
162.97
163.45
163.92
164.40
164.87
165.35
165.84
166.31
166.79
167.26
167.74
168.22
168.69
169.16
169.63
170.11
170.59
171.06
171.54
172.01
172.49
172.97
173.45
173.93
174.41
174.88
175.36
175.83
176.31
176.79
177.26
177.73
178.20
178.68
179.15
179.63
180.11
180.58
181.06
181.53
182.01
182.49
182.96
183.44
183.91
184.39
184.87
185.34
185.82
186.29
186.77
187.25
187.72
188.20
188.67
189.15
189.63
190.10
190.57
191.04
191.52
191.99
192.47
192.95
193.42
193.90
194.37
194.85
195.33
195.80
196.30
196.79
197.28
197.85
198.41
199.13
199.82
200.50
201.20
201.91
202.61
203.29
203.99
204.68
205.38
206.08
206.77
207.47
208.17
208.86
209.58
210.31
211.03
211.75
212.46
213.17
213.88
214.56
215.24
215.86
216.49
217.13
217.78
218.43
219.08
219.73
220.37
