# Beats
0.43
0.87
1.31
1.75
2.19
2.64
3.08
3.52
3.96
4.40
4.83
5.26
5.69
6.13
6.57
7.01
7.45
7.89
8.34
8.79
9.23
9.67
10.11
10.55
10.99
11.44
11.88
12.32
12.76
13.20
13.64
14.08
14.52
14.97
15.41
15.85
16.28
16.72
17.16
17.60
18.04
18.48
18.92
19.37
19.81
20.25
20.69
21.13
21.57
22.02
22.47
22.91
23.35
23.79
24.23
24.67
25.11
25.55
25.99
26.44
26.88
27.32
27.76
28.20
28.64
29.08
29.52
29.97
30.41
30.85
31.29
31.73
32.17
32.61
33.05
33.49
33.94
34.38
34.82
35.26
35.70
36.14
36.58
37.02
37.47
37.91
38.35
38.79
39.23
39.67
40.11
40.55
40.99
41.44
41.88
42.32
42.76
43.20
43.64
44.08
44.52
44.97
45.41
45.85
46.29
46.73
47.17
47.61
48.05
48.49
48.94
49.37
49.81
50.25
50.69
51.13
51.57
52.00
52.45
52.90
53.34
53.79
54.23
54.67
55.11
55.55
55.99
56.44
56.88
57.32
57.76
58.20
58.64
59.08
59.52
59.97
60.41
60.85
61.29
61.73
62.16
62.60
63.04
63.48
63.91
64.35
64.80
65.24
65.68
66.12
66.56
67.00
67.44
67.88
68.32
68.77
69.21
69.65
70.09
70.53
70.97
71.41
71.85
72.30
72.74
73.18
73.62
74.06
74.50
74.94
75.38
75.82
76.27
76.71
77.15
77.59
78.03
78.47
78.91
79.35
79.80
80.24
80.68
81.12
81.56
82.00
82.44
82.88
83.32
83.77
84.21
84.65
85.09
85.53
85.97
86.41
86.85
87.30
87.74
88.18
88.62
89.06
89.50
89.94
90.38
90.82
91.27
91.71
92.15
92.59
93.03
93.47
93.91
94.35
94.80
95.24
95.68
96.12
96.56
97.00
97.44
97.88
98.32
98.77
99.21
99.65
100.09
100.53
100.97
101.41
101.87
102.31
102.75
103.19
103.62
104.07
104.51
104.95
105.40
105.84
106.28
106.72
107.16
107.60
108.04
108.47
108.92
109.37
109.81
110.25
110.69
111.13
111.57
112.01
112.47
112.92
113.36
113.80
114.25
114.69
115.14
115.58
116.02
116.46
116.90
117.33
117.77
118.21
118.65
119.10
119.54
119.98
120.42
120.86
121.30
121.74
122.18
122.62
123.07
123.51
123.95
124.39
124.83
125.27
125.71
126.15
126.60
127.04
127.48
127.92
128.36
128.80
129.24
129.68
130.12
130.57
131.01
131.45
131.89
132.33
132.77
133.21
133.65
134.10
134.54
134.98
135.42
135.86
136.30
136.74
137.18
137.62
138.07
138.51
138.95
139.39
139.83
140.27
140.71
141.15
141.60
142.05
142.49
142.93
143.37
143.81
144.25
144.70
145.12
145.57
146.00
146.44
146.87
147.31
147.74
148.17
148.61
149.05
149.48
149.91
150.35
150.79
151.22
151.65
152.08
152.52
152.95
153.39
153.82
154.26
154.69
155.13
155.56
156.00
156.43
156.86
157.29
157.72
158.16
158.60
159.03
159.46
159.89
160.33
160.76
161.20
161.63
162.08
162.50
162.95
163.38
163.81
164.25
164.68
165.11
165.55
165.99
166.42
166.85
167.29
167.73
168.16
168.59
169.03
169.46
169.90
170.33
170.77
171.20
171.64
172.07
172.51
172.94
173.37
173.81
174.25
174.68
175.11
175.55
176.00
176.43
176.85
177.28
177.71
178.16
178.60
179.04
179.48
179.91
180.35
180.78
181.22
181.65
182.09
182.53
182.97
183.40
183.84
184.29
184.74
185.18
185.60
186.03
186.46
186.90
187.34
187.78
188.21
188.65
189.08
189.52
189.96
190.40
190.83
191.27
191.70
192.15
192.57
193.02
193.46
193.89
194.33
194.77
195.20
195.64
196.07
196.51
196.95
197.38
197.82
198.26
198.69
199.12
199.56
200.01
200.45
200.89
201.32
201.76
202.19
202.63
203.06
203.50
203.93
204.37
204.81
205.25
205.68
206.12
206.55
206.99
207.42
207.87
208.31
208.75
209.18
209.62
210.05
210.49
210.93
211.36
211.79
212.23
212.67
213.10
213.54
213.98
214.42
214.85
215.30
215.72
216.17
216.60
217.04
217.48
217.91
218.35
218.79
219.22
219.66
220.10
220.53
220.97
221.41
221.84
222.28
222.71
223.16
223.60
224.03
224.47
224.90
225.34
225.77
226.21
226.65
227.09
227.52
227.96
228.39
228.83
229.27
229.72
230.14
230.59
231.02
231.46
231.90
232.35
