# Beats
0.46
0.93
1.37
1.81
2.25
2.68
3.13
3.58
4.02
4.46
4.89
5.32
5.76
6.20
6.64
7.08
7.52
7.96
8.41
8.85
9.29
9.73
10.17
10.61
11.05
11.49
11.94
12.38
12.82
13.26
13.70
14.14
14.58
15.01
15.45
15.89
16.34
16.76
17.21
17.64
18.08
18.51
18.95
19.39
19.83
20.26
20.70
21.13
21.57
22.01
22.44
22.88
23.32
23.77
24.20
24.64
25.07
25.51
25.95
26.39
26.82
27.26
27.69
28.13
28.57
29.01
29.44
29.88
30.31
30.75
31.18
31.63
32.07
32.51
32.95
33.39
33.82
34.26
34.70
35.13
35.57
36.01
36.46
36.90
37.33
37.77
38.20
38.64
39.09
39.53
39.97
40.41
40.86
41.30
41.75
42.23
42.69
43.17
43.64
44.12
44.58
45.04
45.48
45.92
46.36
46.80
47.24
47.68
48.12
48.56
49.01
49.45
49.89
50.33
50.77
51.21
51.65
52.09
52.54
52.98
53.42
53.86
54.30
54.74
55.18
55.62
56.06
56.51
56.95
57.39
57.83
58.27
58.71
59.15
59.59
60.04
60.48
60.92
61.36
61.80
62.24
62.68
63.12
63.56
64.01
64.45
64.89
65.33
65.77
66.21
66.65
67.09
67.54
67.98
68.42
68.86
69.30
69.74
70.18
70.62
71.06
71.51
71.95
72.39
72.83
73.27
73.71
74.15
74.59
75.04
75.48
75.92
76.36
76.80
77.24
77.68
78.12
78.56
79.01
79.45
79.89
80.33
80.77
81.21
81.65
82.09
82.54
82.98
83.42
83.87
84.32
84.81
85.29
85.76
86.24
86.70
87.17
87.62
88.08
88.54
88.99
89.43
89.87
90.31
90.77
91.22
91.66
92.11
92.55
93.00
93.45
93.89
94.34
94.80
95.25
95.69
96.14
96.60
97.05
97.50
97.94
98.39
98.85
99.29
99.73
100.18
100.62
101.08
101.52
101.97
102.42
102.88
103.31
103.75
104.18
104.62
105.06
105.49
105.94
106.39
106.85
107.30
107.76
108.22
108.66
109.10
109.55
109.99
110.43
110.88
111.32
111.76
112.20
112.64
113.08
113.52
113.96
114.40
114.85
115.29
115.73
116.17
116.61
117.05
117.49
117.93
118.38
118.82
119.26
119.70
120.14
120.58
121.02
121.46
121.90
122.35
122.80
123.24
123.68
124.12
124.56
125.00
125.45
125.89
126.33
126.77
127.21
127.65
128.09
128.53
128.98
129.42
129.86
130.30
130.74
131.18
131.62
132.06
132.50
132.95
133.39
133.83
134.27
134.71
135.15
135.59
136.03
136.48
136.92
137.36
137.80
138.24
138.68
139.12
139.56
140.00
140.45
140.89
141.33
141.77
142.21
142.65
143.08
143.52
143.96
144.40
144.85
145.29
145.73
146.17
146.61
147.05
147.49
147.93
148.38
148.82
149.26
149.70
150.14
150.58
151.02
151.46
151.90
152.35
152.79
153.23
153.67
154.11
154.55
154.99
155.43
155.88
156.32
156.76
157.20
157.64
158.08
158.52
158.96
159.40
159.85
160.29
160.73
161.17
161.61
162.05
162.49
162.93
163.38
163.82
164.26
164.71
165.15
165.58
166.02
166.46
166.91
167.35
167.79
168.23
168.67
169.12
169.58
170.04
170.49
171.01
171.54
172.06
172.65
173.24
173.84
174.51
175.18
175.86
176.54
177.23
177.91
178.53
179.14
179.76
180.37
180.99
181.66
182.33
183.07
183.80
184.53
185.27
186.03
186.78
187.54
188.28
188.88
189.49
190.09
190.71
191.33
191.96
192.59
193.21
193.84
194.47
195.09
195.72
196.36
197.00
197.64
198.19
198.75
199.30
199.85
200.41
200.93
201.46
201.97
202.48
202.99
203.50
203.92
204.32
204.73
205.15
205.57
205.98
206.39
206.80
207.21
207.62
208.04
208.46
208.86
209.28
209.70
210.12
210.54
210.95
211.36
211.77
212.17
212.61
213.07
213.52
213.97
214.45
214.91
215.38
215.84
216.31
216.77
217.23
217.70
218.16
218.62
219.07
219.52
220.02
220.53
221.03
221.53
222.04
222.55
223.05
223.55
224.05
224.56
225.07
225.59
226.17
226.75
227.32
227.96
228.60
229.23
229.85
230.48
231.12
231.75
232.37
232.99
233.60
234.22
234.84
235.46
236.08
236.69
237.31
237.92
238.54
239.17
239.78
240.40
241.01
241.63
242.25
242.87
243.48
244.10
244.72
245.33
245.96
246.57
247.19
247.80
248.42
249.05
249.66
250.28
250.89
251.51
252.12
252.75
253.36
253.98
254.60
255.21
255.84
256.45
257.07
257.68
258.30
258.91
259.54
260.17
260.81
261.45
261.99
262.54
263.08
263.63
264.16
264.71
265.25
265.80
266.34
266.89
267.44
267.97
268.50
269.04
269.57
270.11
270.65
271.20
271.74
272.29
272.83
273.38
273.94
