# Beats
0.51
1.02
1.54
2.07
2.59
3.22
3.83
4.46
5.09
5.71
6.33
6.95
7.50
8.03
8.57
9.09
9.61
10.14
10.65
11.17
11.70
12.23
12.76
13.29
13.80
14.32
14.81
15.31
15.82
16.34
16.86
17.38
17.89
18.40
18.91
19.42
19.92
20.42
21.04
21.66
22.28
22.87
23.46
24.00
24.53
25.07
25.60
26.13
26.66
27.17
27.68
28.20
28.69
29.18
29.65
30.14
30.63
31.11
31.60
32.10
32.60
33.11
33.62
34.12
34.62
35.13
35.64
36.06
36.48
36.88
37.26
37.63
38.00
38.37
38.74
39.11
39.47
39.85
40.22
40.59
40.95
41.31
41.67
42.02
42.38
42.74
43.08
43.43
43.78
44.13
44.50
44.87
45.23
45.59
45.95
46.30
46.65
47.00
47.36
47.71
48.05
48.40
48.75
49.09
49.44
49.78
50.13
50.48
50.82
51.15
51.49
51.83
52.19
52.55
52.90
53.24
53.59
53.94
54.28
54.62
54.97
55.32
55.67
56.02
56.37
56.71
57.06
57.40
57.75
58.10
58.44
58.79
59.14
59.49
59.83
60.17
60.52
60.87
61.22
61.56
61.90
62.25
62.59
62.94
63.29
63.63
63.98
64.33
64.68
65.03
65.38
65.72
66.07
66.42
66.77
67.12
67.47
67.81
68.16
68.51
68.86
69.21
69.54
69.89
70.24
70.59
70.93
71.27
71.62
71.97
72.32
72.67
73.02
73.36
73.71
74.06
74.41
74.76
75.10
75.45
75.80
76.15
76.50
76.85
77.19
77.54
77.89
78.25
78.60
78.95
79.30
79.64
79.99
80.34
80.68
81.03
81.37
81.72
82.07
82.42
82.77
83.13
83.48
83.84
84.20
84.71
85.21
85.68
86.13
86.60
87.06
87.53
87.99
88.46
88.93
89.40
89.86
90.33
90.79
91.24
91.71
92.17
92.64
93.10
93.56
94.02
94.48
94.95
95.42
95.90
96.39
96.86
97.33
97.80
98.30
98.79
99.28
99.75
100.24
100.73
101.22
101.70
102.19
102.69
103.19
103.69
104.18
104.66
105.14
105.72
106.31
106.90
107.49
108.07
108.65
109.23
109.80
110.35
110.91
111.47
112.02
112.58
113.14
113.68
114.23
114.81
115.39
115.97
116.56
117.16
117.75
118.35
119.01
119.68
120.33
120.99
121.65
122.32
122.98
123.65
124.30
124.83
125.35
125.88
126.39
126.90
127.42
127.93
128.44
128.95
129.38
129.81
130.24
130.66
131.10
131.53
131.96
132.45
132.92
133.40
133.89
134.37
134.87
135.37
135.85
136.34
136.82
137.30
137.78
138.21
138.61
139.03
139.45
139.94
140.42
140.91
141.40
141.89
142.37
142.86
143.34
143.81
144.30
144.80
145.30
145.83
146.37
146.90
147.40
147.89
148.38
148.86
149.35
149.84
150.31
150.79
151.27
151.74
152.22
152.72
153.26
153.81
154.35
154.85
155.34
155.84
156.33
156.82
157.30
157.79
158.26
158.72
159.18
159.65
160.10
160.57
161.03
161.49
161.96
162.42
162.89
163.35
163.81
164.27
164.72
165.19
165.65
166.12
166.58
167.04
167.51
167.96
168.43
168.89
169.35
169.81
170.26
170.72
171.19
171.65
172.11
172.57
173.04
173.50
173.96
174.43
174.89
175.35
175.81
176.27
176.74
177.20
177.67
178.13
178.60
179.07
179.55
180.01
180.49
180.95
181.42
181.89
182.37
182.83
183.31
183.79
184.25
184.73
185.19
185.66
186.12
186.58
187.06
187.52
188.00
188.46
188.94
189.42
189.89
190.37
190.87
191.37
191.85
192.34
192.83
193.32
193.81
194.30
194.79
195.27
195.74
196.22
196.70
197.18
197.65
198.12
198.59
199.06
199.56
200.05
200.54
201.03
201.51
202.00
202.49
202.98
203.45
203.93
204.39
204.87
205.33
205.80
206.27
206.75
207.21
207.69
208.16
208.62
209.08
209.55
210.01
210.48
210.94
211.41
211.87
212.33
212.81
213.28
213.74
214.20
214.67
215.13
215.60
216.06
216.53
216.99
217.45
217.92
218.38
218.85
219.31
219.78
220.24
220.71
221.17
221.63
222.10
222.56
223.03
223.49
223.96
224.42
224.89
225.35
225.81
226.28
226.73
227.18
227.65
228.12
228.59
229.05
229.52
229.99
230.46
230.92
231.39
231.85
232.32
232.79
233.24
233.71
234.16
234.63
235.09
235.57
236.03
236.51
236.97
237.44
237.89
238.35
238.82
239.28
239.76
240.22
240.69
241.14
241.60
242.08
242.54
243.01
243.47
243.94
244.41
244.89
245.37
245.84
246.31
246.77
247.22
247.69
248.14
248.59
249.05
249.50
249.96
250.43
250.88
251.34
251.80
252.26
252.71
253.18
253.64
254.11
254.56
255.02
255.48
255.94
256.39
256.85
257.30
257.75
258.22
258.67
259.13
259.60
260.05
260.50
260.96
261.42
261.87
262.33
262.78
263.23
263.69
264.14
264.59
265.04
265.51
265.96
266.41
266.87
267.33
267.80
268.25
268.71
269.17
269.62
270.08
270.55
271.00
