# Beats
0.50
1.01
1.53
2.05
2.59
3.22
3.84
4.46
5.09
5.71
6.32
6.92
7.52
8.12
8.71
9.36
10.01
10.61
11.22
11.80
12.39
12.98
13.62
14.26
14.88
15.52
16.16
16.79
17.41
18.04
18.65
19.27
19.88
20.48
21.05
21.64
22.22
22.80
23.38
23.96
24.57
25.16
25.77
26.35
26.95
27.56
28.17
28.79
29.40
30.00
30.60
31.21
31.81
32.42
32.91
33.40
33.89
34.38
34.88
35.36
35.85
36.36
36.87
37.38
37.89
38.43
38.91
39.38
39.85
40.31
40.77
41.24
41.73
42.21
42.68
43.14
43.61
44.07
44.56
45.04
45.51
45.98
46.44
46.90
47.37
47.89
48.44
49.04
49.63
50.22
50.84
51.43
52.04
52.64
53.24
53.88
54.51
55.17
55.83
56.49
57.16
57.81
58.47
59.14
59.70
60.28
60.84
61.31
61.79
62.28
62.73
63.18
63.65
64.13
64.62
65.11
65.60
66.08
66.56
67.04
67.50
67.98
68.46
68.95
69.43
69.89
70.37
70.84
71.33
71.81
72.28
72.76
73.24
73.71
74.19
74.66
75.14
75.62
76.09
76.56
77.04
77.52
78.00
78.46
78.95
79.41
79.90
80.36
80.85
81.32
81.79
82.28
82.76
83.22
83.71
84.18
84.66
85.14
85.61
86.10
86.56
87.04
87.53
88.00
88.47
88.94
89.42
89.90
90.37
90.85
91.32
91.80
92.28
92.76
93.25
93.73
94.20
94.67
95.13
95.60
96.07
96.60
97.11
97.62
98.12
98.62
99.13
99.61
100.10
100.61
101.10
101.61
102.12
102.61
103.12
103.63
104.14
104.66
105.19
105.70
106.21
106.72
107.24
107.76
108.27
108.81
109.37
109.91
110.46
110.99
111.64
112.29
112.95
113.60
114.27
114.80
115.33
115.87
116.40
116.94
117.48
118.00
118.54
119.06
119.59
