# Beats
0.51
1.01
1.53
2.04
2.53
3.04
3.56
4.08
4.57
5.06
5.60
6.08
6.58
7.06
7.56
8.06
8.54
9.04
9.56
10.05
10.47
10.89
11.32
11.75
12.14
12.56
12.98
13.39
13.78
14.19
14.58
15.00
15.41
15.81
16.21
16.61
17.02
17.44
17.88
18.32
18.75
19.18
19.61
20.04
20.48
20.93
21.39
21.84
22.44
23.03
23.63
24.22
24.80
25.39
25.97
26.59
27.14
27.70
28.24
28.75
29.28
29.79
30.31
30.84
31.35
31.87
32.39
32.90
33.41
33.94
34.38
34.82
35.25
35.68
36.11
36.52
36.95
37.38
37.80
38.24
38.65
39.08
39.50
39.94
40.43
40.90
41.35
41.81
42.26
42.72
43.19
43.65
44.12
44.61
45.09
45.58
46.07
46.54
47.02
47.50
48.00
48.48
48.96
49.44
49.90
50.36
50.85
51.33
51.82
52.31
52.80
53.30
53.78
54.27
54.74
55.19
55.66
56.11
56.56
57.00
57.45
57.90
58.26
58.62
58.98
59.35
59.72
60.10
60.48
60.86
61.23
61.59
61.96
62.32
62.69
63.07
63.41
63.76
64.11
64.48
64.83
65.18
65.53
65.89
66.25
66.61
66.97
67.31
67.66
68.03
68.38
68.74
69.10
69.46
69.82
70.17
70.54
70.93
71.35
71.77
72.17
72.57
72.93
73.28
73.63
73.99
74.35
74.72
75.09
75.45
75.84
76.21
76.56
76.92
77.28
77.64
77.98
78.34
78.69
79.04
79.39
79.75
80.11
80.46
80.81
81.18
81.53
81.90
82.25
82.60
82.96
83.31
83.66
84.01
84.36
84.72
85.08
85.45
85.81
86.17
86.52
86.88
87.24
87.63
87.99
88.35
88.71
89.08
89.47
89.86
90.23
90.59
90.95
91.30
91.65
92.00
92.36
92.72
93.08
93.43
93.79
94.13
94.48
94.83
95.19
95.55
95.90
96.27
96.62
96.97
97.31
97.69
98.06
98.43
98.81
99.18
99.54
99.89
100.24
100.60
100.96
101.32
101.70
102.09
102.46
102.83
103.19
103.55
103.90
104.25
104.61
104.95
105.31
105.67
106.05
106.39
106.74
107.08
107.44
107.79
108.15
108.51
108.87
109.22
109.57
109.92
110.27
110.62
110.98
111.34
111.70
112.06
112.42
112.77
113.12
113.48
113.84
114.20
114.54
114.89
115.25
115.60
115.96
116.32
116.68
117.03
117.40
117.75
118.10
118.44
118.79
119.14
119.50
119.86
120.22
120.58
120.94
121.30
121.65
122.01
122.37
122.72
123.07
123.43
123.79
124.13
124.48
124.83
125.20
125.56
125.92
126.36
126.82
127.29
127.85
128.38
128.92
129.47
130.01
130.54
131.08
131.60
132.14
132.70
133.26
133.80
134.35
134.88
135.45
136.02
136.58
137.10
137.65
138.17
138.62
139.08
139.53
139.98
140.43
140.88
141.33
141.78
142.22
142.68
143.13
143.60
144.07
144.53
145.00
145.45
145.89
146.34
146.80
147.25
147.73
148.19
148.64
149.10
149.56
150.02
150.49
150.94
151.39
151.84
152.28
152.73
153.18
153.62
154.06
154.51
154.96
155.40
155.85
156.29
156.72
157.15
157.61
158.06
158.52
158.99
159.45
159.90
160.36
160.80
161.24
161.68
162.14
162.60
163.06
163.54
164.03
164.50
164.97
165.44
165.91
166.38
166.81
167.24
167.66
168.05
168.44
168.81
169.18
169.56
169.96
170.34
170.74
171.15
171.57
171.99
172.45
172.92
173.40
173.85
174.32
174.80
175.26
175.74
176.19
176.66
177.12
177.60
178.06
178.45
178.84
179.21
179.58
179.95
180.34
180.70
181.05
181.43
181.81
182.18
182.56
182.94
183.30
183.67
184.03
184.39
184.76
185.13
185.49
185.85
186.22
186.60
186.97
187.36
187.73
188.10
188.48
