# Beats
0.75
1.52
2.30
3.03
3.76
4.46
5.12
5.80
6.52
7.24
7.96
8.67
9.35
10.01
10.65
11.28
11.94
12.59
13.25
13.86
14.48
15.02
15.57
16.13
16.60
17.08
17.54
18.02
18.49
18.98
19.42
19.85
20.28
20.71
21.18
21.64
22.11
22.57
23.05
23.52
24.00
24.46
24.94
25.41
25.89
26.37
26.91
27.46
28.00
28.54
29.06
29.58
30.14
30.70
31.34
31.97
32.61
33.32
34.02
34.76
35.49
36.22
36.95
37.67
38.41
39.14
39.86
40.59
41.31
42.03
42.75
43.48
44.21
44.93
45.66
46.38
47.11
47.84
48.58
49.30
50.02
50.75
51.48
52.21
52.94
53.67
54.40
55.14
55.87
56.61
57.34
58.07
58.80
59.52
60.26
60.99
61.72
62.45
63.18
63.92
64.67
65.40
66.12
66.85
67.58
68.31
69.04
69.78
70.50
71.23
71.96
72.69
73.42
74.15
74.90
75.64
76.42
77.19
77.90
78.62
79.34
80.06
80.71
81.36
82.13
82.88
83.64
84.38
85.12
85.87
86.60
87.33
88.07
88.80
89.54
90.27
90.99
91.71
92.42
93.12
93.82
94.52
95.21
95.91
96.61
97.29
97.99
98.67
99.36
100.05
100.75
101.45
102.14
102.83
103.50
104.18
104.86
105.55
106.24
106.94
107.64
108.32
109.02
109.73
110.42
111.12
111.84
112.56
113.29
114.02
114.74
115.46
116.19
116.91
117.63
118.35
119.07
119.79
120.51
121.23
121.93
122.62
123.33
124.04
124.76
125.48
126.20
126.91
127.62
128.33
129.02
129.73
130.44
131.15
131.84
132.55
133.25
133.94
134.64
135.35
136.06
136.75
137.46
138.18
138.68
139.19
139.69
140.19
140.68
141.15
141.62
142.09
142.57
143.05
143.51
143.98
144.44
144.90
145.37
145.84
146.32
146.80
147.26
147.73
148.19
148.68
149.16
149.64
150.12
150.59
151.07
151.53
152.02
152.51
153.00
153.46
153.94
154.41
154.89
155.36
155.84
156.32
156.79
157.27
157.74
158.22
158.70
159.17
159.65
160.11
160.59
161.07
161.54
162.02
162.49
162.97
163.46
163.93
164.41
164.88
165.36
165.84
166.31
166.79
167.26
167.74
168.22
168.69
169.17
169.64
170.12
170.59
171.06
171.54
172.03
172.50
172.99
173.49
174.24
175.00
175.75
176.49
177.24
177.97
178.69
179.41
180.13
180.84
181.56
182.28
182.98
183.70
184.42
185.14
185.86
186.57
187.29
188.01
188.73
189.44
190.16
190.88
191.60
192.32
193.03
193.75
194.47
195.20
195.92
196.65
197.37
198.09
198.82
199.55
200.27
201.00
201.72
202.45
203.17
203.88
204.60
205.31
206.03
206.74
207.45
208.17
208.90
209.63
210.36
211.09
211.82
212.56
213.29
214.02
214.75
215.48
216.21
216.94
217.68
218.41
219.03
219.66
220.19
220.73
221.25
221.75
222.24
222.71
223.20
223.69
224.18
224.64
225.12
225.59
226.07
226.55
227.02
227.50
227.97
228.44
228.91
229.40
229.88
230.35
230.83
231.31
231.78
232.26
232.73
233.21
233.69
234.16
234.64
235.11
235.59
236.07
236.54
237.02
237.49
237.98
238.46
238.93
239.41
239.87
240.35
240.84
241.31
241.79
242.27
242.74
243.22
243.69
244.17
244.65
245.12
245.60
246.07
246.55
247.03
247.51
247.99
248.45
248.93
249.41
249.89
250.37
250.85
251.32
251.80
252.27
252.75
253.21
253.69
254.17
254.64
255.12
255.59
256.07
256.55
257.02
257.51
257.99
258.46
258.94
259.41
259.88
260.38
260.88
261.38
261.87
262.37
262.87
263.37
263.87
264.36
