# Beats
0.66
1.35
2.03
2.72
3.41
4.11
4.81
5.50
6.13
6.76
7.40
8.02
8.65
9.28
9.90
10.53
11.16
11.78
12.31
12.83
13.35
13.91
14.47
15.02
15.57
16.13
16.68
17.24
17.80
18.33
18.87
19.40
19.93
20.47
21.00
21.54
22.07
22.59
23.13
23.66
24.20
24.73
25.26
25.80
26.33
26.87
27.39
27.93
28.51
29.11
29.69
30.28
30.86
31.54
32.23
32.91
33.60
34.28
34.97
35.65
36.29
36.92
37.54
38.15
38.77
39.37
39.97
40.58
41.18
41.89
42.60
43.34
44.07
44.80
45.53
46.28
47.01
47.74
48.47
49.12
49.77
50.41
51.04
51.66
52.29
52.92
53.53
54.15
54.78
55.39
56.01
56.61
57.21
57.82
58.43
59.04
59.64
60.24
60.86
61.46
62.07
62.67
63.27
63.88
64.48
65.10
65.71
66.33
66.94
67.55
68.16
68.78
69.39
70.00
70.61
71.22
71.83
72.45
73.06
73.68
74.28
74.88
75.50
76.12
76.72
77.32
77.93
78.53
79.15
79.76
80.38
80.99
81.59
82.20
82.80
83.42
84.03
84.64
85.24
85.84
86.45
87.05
87.66
88.27
88.89
89.50
90.11
90.71
91.32
91.93
92.53
93.15
93.76
94.38
94.99
95.61
96.22
96.83
97.44
98.06
98.67
99.29
99.90
100.51
101.12
101.73
102.33
102.93
103.54
104.14
104.76
105.37
105.99
106.60
107.21
107.81
108.41
109.01
109.60
110.21
110.83
111.44
112.06
112.66
113.28
113.89
114.50
115.10
115.71
116.32
116.95
117.56
118.18
118.79
119.41
120.02
120.64
121.25
121.87
122.49
123.11
123.74
124.35
124.93
125.52
126.08
126.51
126.94
127.36
127.78
128.21
128.64
129.07
129.49
129.90
130.32
130.77
131.23
131.68
132.13
132.59
133.03
133.47
133.91
134.35
134.79
135.23
135.67
136.12
136.56
136.96
137.38
137.79
138.19
138.61
139.02
139.44
139.83
140.24
140.63
141.04
141.46
141.86
142.28
142.71
143.14
143.57
144.00
144.40
144.82
145.25
145.68
146.12
146.53
146.95
147.35
147.77
148.19
148.61
149.03
149.44
149.85
150.27
150.67
151.09
151.52
151.94
152.35
152.76
153.18
153.60
154.02
154.44
154.85
155.27
155.69
156.10
156.50
156.92
157.34
157.76
158.17
158.59
159.01
159.43
159.85
160.26
160.68
161.10
161.51
161.91
162.33
162.75
163.17
163.58
164.00
164.42
164.84
165.26
165.67
166.09
166.51
166.93
167.35
167.76
168.18
168.60
169.02
169.44
169.85
170.27
170.69
171.11
171.53
171.93
172.34
172.76
173.17
173.59
174.01
174.43
174.85
175.26
175.68
176.10
176.52
176.94
177.34
177.75
178.17
178.58
179.00
179.42
179.84
180.27
180.69
181.09
181.51
181.93
182.35
182.76
183.18
183.60
184.02
184.44
184.85
185.27
185.69
186.12
186.55
186.97
187.37
187.78
188.20
188.62
189.03
189.45
189.87
190.28
190.68
191.08
191.48
191.91
192.33
192.75
193.17
193.58
194.00
194.42
194.85
195.27
195.69
196.10
196.56
197.02
197.47
197.93
198.38
198.83
199.19
199.55
199.91
200.27
200.62
200.96
201.29
201.63
201.97
202.33
202.69
203.06
203.43
203.78
204.13
204.47
204.82
205.17
205.52
205.87
206.22
206.56
