# Beats
0.66
1.35
2.03
2.71
3.39
4.08
4.74
5.40
6.06
6.72
7.37
8.02
8.67
9.32
9.97
10.62
11.27
11.94
12.59
13.24
13.89
14.54
15.19
15.84
16.49
17.14
17.79
18.43
19.08
19.74
20.40
21.06
21.72
22.37
23.02
23.67
24.32
24.97
25.63
26.28
26.94
27.59
28.24
28.89
29.54
30.19
30.85
31.50
32.15
32.81
33.46
34.11
34.75
35.40
36.06
36.71
37.36
38.01
38.65
39.30
39.95
40.61
41.27
41.92
42.57
43.24
43.89
44.54
45.19
45.84
46.50
47.16
47.80
48.45
49.10
49.75
50.40
51.06
51.72
52.36
53.01
53.66
54.31
54.96
55.61
56.27
56.92
57.59
58.24
58.89
59.54
60.19
60.82
61.49
62.15
62.80
63.45
64.11
64.76
65.41
66.06
66.71
67.36
68.02
68.67
69.32
69.97
70.62
71.26
71.92
72.57
73.22
73.87
74.52
75.16
75.82
76.49
77.14
77.79
78.45
79.10
79.76
80.41
81.06
81.71
82.36
83.01
83.67
84.32
84.97
85.62
86.27
86.92
87.57
88.21
88.86
89.52
90.19
90.84
91.49
92.13
92.79
93.45
94.10
94.76
95.41
96.06
96.71
97.36
98.01
98.67
99.35
99.94
100.52
101.11
101.70
102.28
102.81
103.32
103.83
104.33
104.84
105.34
105.85
106.36
106.88
107.40
107.93
108.44
108.94
109.44
109.93
110.33
110.74
111.14
111.55
111.96
112.36
112.77
113.17
113.57
