# Beats
0.49
0.99
1.47
1.96
2.46
2.97
3.46
3.96
4.45
4.92
5.41
5.91
6.36
6.83
7.29
7.73
8.16
8.61
9.07
9.50
9.94
10.36
10.77
11.22
11.68
12.14
12.56
13.00
13.47
13.93
14.38
14.84
15.34
15.84
16.42
16.99
17.55
18.13
18.69
19.25
19.82
20.39
20.94
21.50
22.07
22.59
23.10
23.63
24.08
24.54
25.01
25.55
26.10
26.64
27.20
27.76
28.32
28.86
29.40
29.93
30.49
31.03
31.58
32.11
32.65
33.13
33.62
34.11
34.55
34.98
35.43
35.84
36.27
36.69
37.09
37.50
37.92
38.34
38.79
39.24
39.68
40.14
40.59
41.04
41.52
41.96
42.40
42.82
43.24
43.65
44.07
44.50
44.93
45.37
45.79
46.30
46.81
47.32
47.95
48.58
49.18
49.80
50.42
51.01
51.63
52.34
53.05
53.75
54.45
55.14
55.83
56.49
57.16
57.82
58.49
59.16
59.84
60.51
61.13
61.75
62.42
63.09
63.76
64.41
65.09
65.76
66.41
67.09
67.78
68.50
69.22
69.94
70.66
71.38
72.10
72.82
73.51
74.22
74.93
75.64
76.18
76.73
77.28
77.82
78.37
78.90
79.45
79.99
80.54
81.07
81.62
82.13
82.65
83.16
83.62
84.06
84.49
84.94
85.38
85.84
86.37
86.89
87.40
87.89
88.40
88.91
89.47
90.02
90.67
91.32
91.97
92.61
93.25
93.88
94.53
95.11
95.69
96.27
96.85
97.43
98.01
98.60
99.18
99.75
100.32
100.88
101.44
101.99
102.55
103.10
103.64
104.19
104.73
105.29
105.91
106.53
107.17
107.81
108.46
109.09
109.71
110.34
110.98
111.58
112.19
112.79
113.39
113.99
114.59
115.19
115.79
116.38
116.97
117.66
118.34
119.03
119.69
120.36
120.98
121.60
122.23
122.87
123.46
124.06
124.66
125.27
125.88
126.43
126.99
127.55
128.00
128.45
128.89
129.36
129.82
130.26
130.69
131.15
131.60
132.05
132.45
132.83
133.21
133.61
134.00
134.40
134.77
135.14
135.50
135.88
136.28
136.67
137.07
137.45
137.82
138.19
138.58
138.96
139.34
139.71
140.10
140.48
140.88
141.27
141.66
142.04
142.41
142.84
143.26
143.69
144.15
144.63
145.10
145.57
146.03
146.49
146.96
147.42
147.89
148.35
148.87
149.39
149.90
150.42
150.93
151.45
151.96
152.49
153.00
153.53
154.05
154.60
155.13
155.67
156.19
156.71
157.25
157.86
158.46
159.07
159.67
160.28
160.87
161.47
162.08
162.66
163.24
163.82
164.40
164.97
165.56
166.14
166.71
167.28
167.83
168.39
168.95
169.55
170.16
170.76
171.40
172.06
172.72
173.38
174.03
174.71
175.36
176.02
176.67
177.18
177.70
178.21
178.72
179.23
179.75
180.26
180.78
181.29
181.84
182.38
182.80
183.22
183.62
184.04
184.46
184.88
185.28
185.69
186.15
186.64
187.13
187.62
188.10
188.59
189.07
189.54
190.03
190.52
191.01
191.48
191.94
192.38
192.82
193.26
193.70
194.14
194.58
195.02
195.47
195.91
196.35
196.80
197.25
197.79
198.32
198.88
199.41
199.95
200.47
201.02
201.55
202.08
202.62
203.15
203.67
204.21
204.73
205.22
205.71
206.19
206.66
207.12
207.59
208.04
208.46
208.86
209.30
209.75
210.16
210.57
210.98
211.42
211.85
212.28
212.69
213.12
213.54
213.98
214.41
214.84
215.27
215.69
216.10
216.50
216.91
217.33
217.73
218.15
218.66
219.17
219.68
220.18
220.68
221.18
221.68
222.19
222.69
223.21
223.74
224.26
224.79
225.33
225.87
226.32
226.79
227.25
227.72
228.18
228.65
229.11
229.56
230.02
230.47
230.95
231.41
231.93
232.45
232.99
233.53
234.09
234.64
235.17
235.73
236.29
236.84
237.40
237.97
238.54
239.10
239.66
240.23
240.84
241.44
242.04
242.60
243.16
243.71
244.23
244.74
245.25
245.75
246.25
246.76
247.27
247.78
248.27
248.74
249.23
249.71
250.20
250.66
251.12
251.61
252.09
252.56
253.06
253.56
254.05
254.53
255.00
255.50
256.01
256.52
257.09
257.65
258.22
258.79
259.34
259.90
260.45
260.99
