# Beats
0.45
0.92
1.37
1.83
2.30
2.76
3.25
3.75
4.24
4.74
5.24
5.72
6.21
6.70
7.19
7.67
8.16
8.64
9.11
9.60
10.09
10.55
11.02
11.48
11.96
12.43
12.91
13.39
13.86
14.34
14.81
15.30
15.78
16.24
16.72
17.19
17.67
18.20
18.75
19.30
19.78
20.27
20.76
21.25
21.73
22.21
22.69
23.16
23.64
24.13
24.61
25.11
25.61
26.11
26.62
27.12
27.62
28.11
28.60
29.08
29.56
30.05
30.53
31.02
31.50
31.99
32.46
32.93
33.40
33.88
34.35
34.83
35.31
35.79
36.28
36.77
37.23
37.70
38.16
38.63
39.10
39.59
40.07
40.53
40.99
41.47
41.96
42.43
42.91
43.39
43.86
44.34
44.81
45.29
45.78
46.25
46.74
47.23
47.71
48.18
48.66
49.12
49.59
50.05
50.52
51.00
51.48
51.95
52.44
52.92
53.39
53.87
54.36
54.85
55.33
55.82
56.31
56.84
57.38
57.91
58.42
58.93
59.44
59.95
60.46
60.98
61.47
61.96
62.45
62.94
63.44
63.90
64.37
64.82
65.26
65.74
66.21
66.70
67.19
67.67
68.16
68.64
69.11
69.59
70.08
70.57
71.04
71.51
71.97
72.45
72.93
73.42
73.90
74.39
74.87
75.37
75.86
76.35
76.83
77.37
77.91
78.46
78.99
79.53
80.06
80.49
80.92
81.35
81.78
82.21
82.64
83.07
83.48
83.89
84.31
84.75
85.18
85.61
86.05
86.48
86.90
87.31
87.68
88.04
88.39
88.74
89.08
89.43
89.78
90.13
90.48
90.84
91.18
91.53
91.90
92.26
92.62
92.98
93.34
93.69
94.05
94.41
94.77
95.25
95.74
96.21
96.70
97.18
97.65
98.13
98.60
99.08
99.56
100.03
100.51
100.98
101.47
101.96
102.45
102.95
103.43
103.92
104.44
104.97
105.49
105.96
106.45
106.93
107.42
107.90
108.40
108.91
109.40
109.90
110.40
110.89
111.37
111.86
112.35
112.83
113.32
113.82
114.31
114.81
115.30
115.77
116.26
116.74
117.23
117.70
118.18
118.67
119.14
119.61
120.08
120.55
121.02
121.50
121.97
122.45
122.93
123.40
123.88
124.35
124.83
125.31
125.78
126.26
126.73
127.21
127.69
128.16
128.64
129.11
129.59
130.07
130.54
131.02
131.49
131.97
132.45
132.93
133.41
133.89
134.36
134.84
135.33
135.80
136.28
136.74
137.22
137.69
138.17
138.65
139.11
139.59
140.06
140.55
141.04
141.50
141.98
142.45
142.93
143.41
143.88
144.36
144.83
145.31
145.79
146.25
146.73
147.20
147.69
148.17
148.64
149.12
149.59
150.07
150.55
151.02
151.50
151.97
152.45
152.92
153.40
153.88
154.35
154.83
155.31
155.78
156.27
156.75
157.23
157.70
158.16
158.64
159.11
159.59
160.08
160.55
161.03
161.49
161.97
162.45
162.92
163.40
163.87
164.35
164.84
165.31
165.79
166.27
166.74
167.22
167.69
168.17
168.65
169.11
169.59
170.06
170.54
171.03
171.50
171.98
172.45
172.93
173.40
173.87
174.35
174.82
175.30
175.79
176.27
176.75
177.23
177.70
178.18
178.70
179.22
179.75
180.27
180.78
181.29
181.72
182.15
182.58
183.02
183.46
183.89
184.37
184.84
185.31
185.77
186.24
186.71
187.19
187.66
188.14
188.62
189.03
189.46
189.89
190.32
190.75
191.18
191.61
192.04
192.47
192.90
193.36
193.83
194.29
194.79
195.29
195.78
196.28
196.78
197.27
197.72
198.18
198.65
199.11
199.59
200.07
200.55
200.97
201.39
201.80
202.22
202.64
203.07
203.49
203.91
204.34
204.77
205.26
205.76
206.26
206.85
207.45
208.03
208.61
209.20
209.90
210.59
211.28
211.97
212.67
213.37
214.06
214.76
215.45
216.05
216.65
217.25
217.85
218.45
