# Beats
0.46
0.95
1.42
1.88
2.35
2.83
3.29
3.74
4.20
4.66
5.13
5.60
6.06
6.51
6.97
7.41
7.86
8.31
8.75
9.23
9.69
10.15
10.61
11.08
11.54
12.00
12.47
12.93
13.43
13.91
14.38
14.98
15.55
16.14
16.74
17.35
17.93
18.52
19.11
19.71
20.33
20.93
21.52
22.13
22.71
23.29
23.87
24.44
25.03
25.60
26.17
26.73
27.30
27.86
28.43
28.99
29.56
30.10
30.63
31.14
31.63
32.12
32.62
33.04
33.46
33.89
34.30
34.71
35.13
35.55
35.98
36.40
36.83
37.22
37.59
37.99
38.37
38.75
39.14
39.51
39.89
40.29
40.67
41.05
41.42
41.89
42.33
42.78
43.24
43.69
44.12
44.58
45.02
45.46
45.91
46.44
46.99
47.52
48.05
48.60
49.16
49.69
50.22
50.78
51.35
51.92
52.49
53.07
53.66
54.24
54.82
55.41
56.01
56.67
57.31
58.02
58.73
59.45
60.17
60.88
61.58
62.30
63.02
63.74
64.41
65.11
65.79
66.48
67.15
67.84
68.55
69.28
70.00
70.72
71.42
72.14
72.86
73.60
74.30
75.01
75.73
76.44
77.14
77.79
78.44
79.04
79.62
80.20
80.78
81.36
81.94
82.52
83.13
83.73
84.31
84.92
85.52
86.12
86.61
87.09
87.57
88.05
88.54
89.04
89.52
90.02
90.52
91.05
91.56
92.07
92.62
93.18
93.72
94.23
94.74
95.25
95.76
96.27
96.80
97.35
97.91
98.45
99.00
99.54
100.08
100.62
101.17
101.70
102.24
102.79
103.35
103.90
104.45
105.00
105.64
106.28
106.92
107.54
108.18
108.83
109.48
110.11
110.76
111.39
112.04
112.69
113.38
114.06
114.73
115.41
116.10
116.77
117.45
118.12
118.79
119.48
120.19
120.83
121.46
122.18
122.90
123.62
124.33
124.95
125.56
126.19
126.80
127.43
128.03
128.64
129.25
129.87
130.47
131.07
131.67
132.26
132.86
133.46
134.05
134.66
135.30
135.95
136.58
137.23
137.86
138.48
139.11
139.78
140.46
141.13
141.76
142.36
142.98
143.59
144.18
144.78
145.40
146.01
146.61
147.24
147.86
148.47
149.07
149.70
150.30
150.93
151.57
152.18
152.79
153.41
154.04
154.68
155.32
155.97
156.61
157.25
157.90
158.52
159.13
159.73
160.33
160.95
161.56
162.17
162.75
163.34
163.96
164.56
165.19
165.80
166.43
167.06
167.67
168.28
168.88
169.48
170.09
170.68
171.29
171.90
172.52
173.15
173.77
174.38
175.00
175.62
176.26
176.89
177.52
178.13
178.75
179.37
179.99
180.60
181.22
181.84
182.45
183.07
183.68
184.29
184.89
185.50
186.13
186.73
187.34
187.94
188.53
189.13
189.74
190.33
190.91
191.52
192.11
192.70
193.28
193.89
194.49
195.02
195.56
196.07
196.50
196.95
197.39
197.81
198.23
198.67
199.11
199.53
199.97
200.39
200.81
201.24
201.67
202.09
202.51
202.93
203.34
203.74
204.15
204.53
204.92
205.29
205.68
206.05
206.40
206.77
207.15
207.52
207.89
208.24
208.58
208.93
209.29
209.65
210.00
210.35
210.70
211.06
211.42
211.77
212.13
212.49
212.86
213.22
213.59
213.95
214.33
214.73
215.13
215.53
215.92
216.29
216.67
217.06
217.45
217.86
218.23
218.63
219.01
219.38
219.75
220.13
220.51
220.88
221.24
221.63
222.03
222.45
222.91
223.35
223.79
224.24
224.72
225.22
225.72
226.22
226.72
227.21
227.69
228.16
228.65
229.16
229.67
230.18
230.69
231.20
231.71
232.34
232.97
233.57
234.18
234.80
235.42
236.03
236.66
237.28
237.92
238.56
239.22
239.85
240.47
241.07
241.70
242.32
242.96
243.59
244.16
244.74
245.32
245.90
246.50
247.11
247.73
248.34
248.95
249.54
250.13
250.71
251.29
251.87
252.47
253.07
253.67
254.26
254.86
255.47
256.05
256.63
257.20
257.78
258.35
258.88
259.42
259.97
260.52
261.06
261.65
262.27
262.88
263.48
264.06
264.66
265.26
