# Beats
0.38
0.75
1.14
1.51
1.90
2.30
2.67
3.05
3.41
3.78
4.16
4.59
5.02
5.43
5.85
6.28
6.71
7.13
7.57
8.01
8.45
8.87
9.24
9.60
9.98
10.34
10.70
11.05
11.40
11.75
12.12
12.49
12.86
13.26
13.65
14.05
14.44
14.84
15.22
15.63
16.02
16.46
16.88
17.31
17.74
18.18
18.62
19.08
19.49
19.93
20.36
20.79
21.22
21.64
22.07
22.49
22.92
23.32
23.75
24.15
24.56
24.95
25.36
25.77
26.19
26.60
27.04
27.48
27.91
28.33
28.77
29.19
29.61
30.02
30.44
30.84
31.25
31.65
32.04
32.44
32.83
33.23
33.62
34.03
34.44
34.83
35.24
35.64
36.06
36.48
36.87
37.27
37.67
38.10
38.52
39.00
39.47
39.96
40.43
40.88
41.33
41.78
42.24
42.68
43.13
43.57
44.03
44.47
44.92
45.36
45.79
46.22
46.65
47.09
47.53
47.95
48.39
48.82
49.25
49.68
50.13
50.58
51.04
51.48
51.92
52.31
52.70
53.06
53.44
53.82
54.20
54.59
54.98
55.37
55.75
56.15
56.52
56.89
57.26
57.63
58.05
58.47
58.90
59.33
59.74
60.16
60.58
61.00
61.43
61.86
62.28
62.74
63.18
63.62
64.09
64.56
65.04
65.50
65.97
66.43
66.87
67.33
67.76
68.20
68.61
69.04
69.47
69.98
70.48
70.98
71.49
72.02
72.54
73.05
73.56
74.05
74.56
75.06
75.58
76.07
76.54
77.02
77.50
77.97
78.45
78.94
79.42
79.91
80.39
80.86
81.34
81.80
82.27
82.74
83.22
83.71
84.22
84.71
85.19
85.68
86.15
86.61
87.07
87.56
88.04
88.50
88.97
89.44
89.91
90.38
90.86
91.32
91.81
92.21
92.62
93.04
93.44
93.86
94.27
94.69
95.13
95.56
95.97
96.37
96.80
97.23
97.64
98.06
98.43
98.79
99.17
99.53
99.89
100.24
100.60
100.95
101.33
101.70
102.07
102.45
102.84
103.22
103.61
103.97
104.35
104.72
105.09
105.53
105.98
106.41
106.84
107.28
107.74
108.20
108.65
109.09
109.55
110.13
110.71
111.27
111.83
112.38
112.95
113.55
114.13
114.69
115.28
115.87
116.42
116.98
117.54
118.09
118.63
119.19
119.75
120.30
120.84
121.37
121.95
122.55
123.14
123.72
124.33
124.93
125.55
126.17
126.82
127.48
128.09
128.71
129.30
129.89
130.51
131.11
131.70
132.31
132.90
133.49
134.10
134.69
135.29
135.91
136.51
137.04
137.58
138.14
138.59
139.04
139.51
139.97
140.42
140.88
141.32
141.76
142.20
142.64
143.10
143.56
144.02
144.49
144.95
145.41
145.84
146.30
146.74
147.17
147.61
148.05
148.48
148.91
149.34
149.77
150.30
150.84
151.36
151.99
152.62
153.27
153.90
154.53
155.13
155.75
156.37
156.99
157.62
158.27
158.91
159.64
160.40
161.17
161.92
162.63
163.36
164.11
164.84
165.51
166.20
166.80
167.40
168.00
168.60
169.20
169.81
170.39
170.98
171.57
172.16
172.73
173.29
173.84
174.38
174.92
175.50
176.05
176.62
177.20
177.77
178.35
178.92
179.49
180.05
180.63
181.30
181.95
182.60
183.25
183.90
184.55
185.20
185.85
186.48
187.11
187.69
188.27
188.81
189.36
189.92
190.42
190.91
191.40
191.91
192.41
192.91
193.40
193.91
194.42
194.93
195.43
195.93
196.51
197.07
197.64
198.21
198.79
199.38
199.97
200.55
201.14
201.73
202.34
202.92
203.50
204.14
204.79
205.39
205.98
206.56
207.16
207.75
208.33
208.91
209.50
210.09
210.71
211.32
211.93
212.52
213.12
213.73
214.29
214.83
215.39
215.90
216.40
216.92
217.37
217.83
218.28
218.73
219.17
219.61
220.06
220.50
220.95
221.44
221.91
222.38
222.85
223.33
223.82
224.28
224.75
225.21
225.67
226.23
226.80
227.35
227.93
228.51
229.03
229.55
230.07
230.61
231.13
231.67
232.18
232.66
233.17
233.69
234.21
234.74
235.29
235.82
236.34
236.87
237.38
237.89
238.42
238.96
239.41
239.86
240.30
240.73
241.08
241.44
241.78
242.14
242.52
242.88
243.24
243.60
243.95
244.30
244.67
245.04
245.41
245.78
246.17
246.55
246.91
247.27
247.63
247.99
248.34
248.69
249.03
249.38
249.72
250.06
250.43
250.80
251.15
251.50
251.86
252.22
252.56
252.91
253.28
253.63
253.99
254.35
254.70
255.05
255.40
255.79
256.20
256.60
257.01
257.43
257.83
258.23
258.64
259.05
259.46
259.88
260.28
260.69
261.09
261.48
261.86
262.27
262.66
263.06
263.48
263.87
264.27
264.74
265.22
265.68
266.15
266.59
267.05
267.51
267.95
268.40
268.86
269.34
269.79
270.26
270.72
271.16
271.60
271.95
272.28
272.60
272.95
273.31
273.67
274.03
274.37
274.70
275.04
275.39
275.73
276.07
276.41
276.75
277.11
277.48
277.86
