# Beats
0.46
0.95
1.44
1.93
2.38
2.83
3.29
3.74
4.19
4.75
5.31
5.86
6.42
6.97
7.51
8.06
8.61
9.16
9.71
10.25
10.81
11.37
11.92
12.48
13.04
13.68
14.33
14.98
15.64
16.30
16.95
17.60
18.25
18.89
19.53
20.18
20.83
21.47
22.11
22.66
23.23
23.81
24.40
25.00
25.54
26.09
26.63
27.18
27.71
28.26
28.79
29.33
29.85
30.37
30.89
31.38
31.88
32.38
32.89
33.40
33.91
34.46
35.00
35.55
36.07
36.58
37.09
37.57
38.06
38.55
39.09
39.62
40.24
40.86
41.46
42.09
42.71
43.49
44.27
45.05
45.82
46.60
47.38
48.15
48.92
49.69
50.46
51.20
51.97
52.74
53.58
54.42
55.29
56.15
56.99
57.83
58.68
59.54
60.41
61.23
62.04
62.86
63.68
64.38
65.06
65.77
66.48
67.19
67.90
68.58
69.27
69.95
70.64
71.32
71.96
72.60
73.21
73.83
74.44
75.06
75.67
76.28
76.89
77.52
78.16
78.80
79.45
80.09
80.71
81.33
81.93
82.52
83.13
83.58
84.04
84.50
84.96
85.43
85.89
86.36
86.82
87.28
87.75
88.21
88.68
89.14
89.61
90.07
90.53
91.01
91.48
91.95
92.43
92.91
93.40
93.91
94.44
94.95
95.46
95.96
96.46
96.94
97.43
97.92
98.41
98.88
99.36
99.85
100.32
100.80
101.27
101.76
102.25
102.76
103.26
103.76
104.26
104.75
105.23
105.70
106.16
106.63
107.09
107.54
108.00
108.46
108.94
109.42
109.92
110.41
110.90
111.37
111.85
112.31
112.78
113.22
113.67
114.14
114.61
115.08
115.55
116.18
116.80
117.41
118.04
118.65
119.26
119.86
120.50
121.14
121.78
122.39
123.02
123.65
124.27
124.90
125.52
126.13
126.75
127.35
127.97
128.58
129.20
129.79
130.39
131.01
131.62
132.25
132.89
133.53
134.14
134.76
135.40
136.02
136.65
137.26
137.89
138.51
139.12
139.76
140.39
141.01
141.65
142.29
142.94
143.58
144.31
145.04
145.80
146.55
147.28
148.02
148.74
149.44
150.19
150.92
151.66
152.40
153.14
153.87
154.60
155.33
