# Beats
0.44
0.89
1.35
1.85
2.36
2.87
3.41
3.97
4.53
5.09
5.64
6.26
6.87
7.53
8.21
8.89
9.57
10.24
10.90
11.56
12.24
12.91
13.57
14.23
14.88
15.53
16.20
16.92
17.64
18.37
19.10
19.82
20.54
21.26
21.97
22.69
23.41
24.14
24.86
25.59
26.32
27.06
27.79
28.54
29.28
30.04
30.78
31.52
32.28
33.01
33.72
34.44
35.17
35.90
36.62
37.34
38.06
38.81
39.57
40.32
41.09
41.69
42.30
42.90
43.37
43.85
44.33
44.79
45.24
45.71
46.09
46.46
46.83
47.21
47.58
47.96
48.34
48.72
49.09
49.46
49.82
50.18
50.54
50.90
51.25
51.59
51.95
52.35
52.76
53.16
53.52
53.88
54.24
54.60
54.96
55.30
55.64
55.97
56.32
56.66
56.98
57.31
57.63
57.96
58.28
58.60
58.92
59.25
59.57
59.90
60.23
60.56
60.88
61.20
61.51
61.83
62.16
62.48
62.82
63.15
63.47
63.80
64.12
64.45
64.76
65.07
65.40
65.72
66.05
66.39
66.71
67.02
67.33
67.64
67.95
68.28
68.59
68.93
69.27
69.61
69.96
70.31
70.66
71.00
71.33
71.66
71.99
72.34
72.69
73.03
73.35
73.69
74.03
74.41
74.78
75.16
75.56
75.96
76.36
76.75
77.15
77.53
77.91
78.29
78.68
79.02
79.34
79.68
80.02
80.40
80.78
81.17
81.55
81.92
82.30
82.69
83.09
83.49
83.88
84.28
84.66
85.03
85.41
85.81
86.25
86.68
87.12
87.56
87.99
88.41
88.83
89.25
89.68
90.09
90.51
90.93
91.35
91.77
92.18
92.60
93.01
93.41
93.83
94.25
94.67
95.09
95.50
95.91
96.32
96.73
97.15
97.58
98.01
98.43
98.85
99.25
99.66
100.08
100.50
100.91
101.33
101.75
102.17
102.69
103.22
103.75
104.27
104.80
105.34
105.88
106.43
107.07
107.72
108.39
109.08
109.76
110.42
111.10
111.73
112.36
112.99
113.62
114.23
114.85
115.47
116.15
116.82
117.53
118.25
118.93
119.61
120.28
120.94
121.61
122.21
122.79
123.34
123.89
124.44
124.96
125.48
126.01
126.55
127.08
127.63
128.17
128.73
129.28
129.78
130.29
130.79
131.29
131.76
132.23
132.70
133.15
133.61
134.06
134.51
134.98
135.43
135.89
136.35
136.80
137.26
137.73
138.19
138.66
139.12
139.59
140.05
140.53
140.99
141.47
141.96
142.44
142.93
143.41
143.89
144.38
144.86
145.32
145.79
146.24
146.70
147.18
147.66
148.13
148.60
149.07
149.55
150.04
150.52
151.01
151.50
151.97
152.46
152.94
153.41
153.89
154.37
154.87
155.33
155.79
156.25
156.70
157.15
157.62
158.08
158.55
159.01
159.47
159.94
160.40
160.94
161.48
162.06
162.64
163.24
163.84
164.43
165.09
165.76
166.42
167.08
167.74
168.28
168.82
169.35
169.84
170.32
170.81
171.29
171.78
172.27
172.74
173.21
173.67
174.14
174.61
175.08
175.54
176.00
176.45
176.92
177.39
177.86
178.34
178.81
179.26
179.73
180.21
180.66
181.12
181.57
182.03
182.50
183.00
183.48
183.98
184.47
184.95
185.42
185.89
186.36
186.84
187.34
187.83
188.31
188.78
189.23
189.70
190.16
190.62
191.11
191.59
192.13
192.67
193.20
193.75
194.28
194.80
195.33
195.85
196.38
196.91
197.44
198.00
198.55
199.11
199.66
200.20
200.68
201.15
201.64
202.11
202.56
203.02
203.48
203.91
204.35
204.78
205.21
205.64
206.05
206.47
206.88
207.30
207.70
208.12
208.53
208.94
209.36
209.77
210.19
210.60
211.01
211.42
211.84
212.24
212.64
213.03
213.44
213.82
214.23
214.63
215.03
215.42
215.83
216.24
216.64
217.06
217.48
217.90
218.30
218.72
219.13
219.53
219.94
220.35
220.74
221.15
221.56
221.97
222.37
222.78
223.19
223.58
223.98
224.39
224.79
225.20
225.61
226.01
226.42
226.82
227.24
227.65
228.07
228.48
228.90
229.31
229.72
230.11
230.50
230.90
231.29
231.69
232.10
232.50
232.91
233.31
233.72
234.13
234.54
234.89
235.24
235.59
235.94
236.29
236.63
236.98
237.34
237.70
238.05
