# Beats
0.51
1.04
1.50
1.94
2.38
2.82
3.26
3.70
4.14
4.60
5.04
5.49
5.93
6.39
6.84
7.28
7.73
8.19
8.63
9.07
9.52
9.96
10.41
10.87
11.33
11.78
12.24
12.68
13.12
13.57
14.01
14.47
14.91
15.35
15.79
16.24
16.68
17.14
17.60
18.05
18.51
18.95
19.39
19.82
20.25
20.69
21.13
21.57
22.01
22.47
22.91
23.35
23.79
24.23
24.68
25.12
25.58
26.02
26.46
26.90
27.35
27.81
28.25
28.69
29.12
29.56
30.00
30.45
30.92
31.37
31.85
32.32
32.81
33.29
33.77
34.24
34.70
35.16
35.61
36.06
36.50
36.94
37.40
37.85
38.30
38.75
39.21
39.65
40.10
40.55
41.02
41.47
41.95
42.42
42.90
43.35
43.80
44.27
44.73
45.20
45.65
46.11
46.58
47.04
47.51
47.97
48.44
48.90
49.37
49.84
50.31
50.76
51.22
51.69
52.19
52.69
53.17
53.66
54.13
54.59
55.07
55.54
56.01
56.46
56.91
57.38
57.84
58.29
58.75
59.21
59.68
60.14
60.59
61.05
61.51
61.97
62.45
62.91
63.38
63.83
64.28
64.74
65.19
65.65
66.12
66.58
67.05
67.52
68.00
68.46
68.92
69.37
69.83
70.29
70.73
71.18
71.63
72.10
72.55
73.00
73.47
73.92
74.36
74.81
75.27
75.72
76.18
76.65
77.11
77.55
78.00
78.45
78.91
79.38
79.83
80.29
80.75
81.20
81.65
82.11
82.57
83.03
83.50
83.96
84.42
84.88
85.34
85.81
86.27
86.73
87.18
87.64
88.10
88.54
89.00
89.48
89.94
90.41
90.87
91.34
91.81
92.28
92.74
93.22
93.68
94.15
94.62
95.09
95.55
96.00
96.46
96.91
97.36
97.80
98.26
98.70
99.15
99.61
100.08
100.54
101.02
101.46
101.90
102.35
102.82
103.27
103.72
104.18
104.62
105.06
105.50
105.95
106.41
106.87
107.33
107.80
108.26
108.74
109.22
109.68
110.16
110.63
111.12
111.66
112.22
112.77
113.32
113.89
114.46
115.03
115.59
116.17
116.75
117.33
117.89
118.46
119.07
119.68
120.28
120.89
121.52
122.14
122.75
123.37
123.98
124.60
125.32
126.04
126.76
127.48
128.20
128.93
129.67
130.41
131.13
131.85
132.53
133.20
133.87
134.55
135.23
135.91
136.58
137.22
137.87
138.52
139.17
139.81
140.46
141.11
141.72
142.34
142.83
143.30
143.78
144.24
144.72
145.19
145.68
146.17
146.66
147.14
147.63
148.11
148.58
149.14
149.69
150.23
150.79
151.35
151.89
152.44
153.00
153.54
154.08
154.55
155.00
155.46
155.91
156.36
156.83
157.29
157.74
158.20
158.65
159.08
159.50
159.92
160.33
160.75
161.17
161.59
162.01
162.41
162.83
163.24
163.65
164.07
164.51
164.94
165.37
165.80
166.23
166.65
167.08
167.51
167.93
168.36
168.77
169.20
169.64
170.09
170.52
171.03
171.55
172.06
172.59
173.13
173.67
174.21
174.74
175.28
175.81
176.34
176.87
177.39
177.91
178.46
178.99
179.53
180.06
180.59
181.13
181.65
182.17
182.69
183.29
183.86
184.48
185.11
185.74
186.39
187.05
187.70
188.36
189.01
189.66
190.31
