# Beats
0.43
0.86
1.29
1.72
2.10
2.53
2.94
3.32
3.69
4.06
4.42
4.78
5.13
5.48
5.84
6.21
6.61
6.99
7.36
7.74
8.12
8.49
8.87
9.24
9.61
9.98
10.36
10.72
11.09
11.47
11.84
12.21
12.59
12.95
13.31
13.68
14.05
14.41
14.78
15.15
15.51
15.87
16.23
16.60
16.96
17.32
17.69
18.05
18.43
18.80
19.17
19.53
19.89
20.25
20.62
20.98
21.35
21.73
22.11
22.47
22.83
23.20
23.57
23.92
24.28
24.62
24.98
25.36
25.73
26.10
26.46
26.82
27.18
27.55
27.92
28.28
28.64
29.00
29.35
29.71
30.07
30.43
30.78
31.13
31.47
31.83
32.19
32.55
32.91
33.29
33.67
34.04
34.41
34.77
35.13
35.50
35.87
36.26
36.63
37.01
37.44
37.88
38.32
38.77
39.20
39.62
40.05
40.48
40.91
41.34
41.77
42.20
42.62
43.05
43.50
43.94
44.40
44.85
45.30
45.75
46.15
46.56
46.95
47.36
47.75
48.15
48.54
48.92
49.31
49.69
50.09
50.48
50.85
51.21
51.57
51.93
52.29
52.64
52.99
53.34
53.68
54.03
54.38
54.73
55.09
55.45
55.81
56.17
56.53
56.89
57.26
57.62
58.05
58.48
58.91
59.35
59.78
60.22
60.65
61.08
61.52
61.96
62.40
62.80
63.19
63.59
63.97
64.35
64.75
65.13
65.52
65.90
66.28
66.66
67.06
67.45
67.84
68.21
68.57
68.96
69.36
69.75
70.17
70.59
71.01
71.44
71.87
72.30
72.72
73.10
73.47
73.84
74.21
74.58
74.95
75.33
75.69
76.03
76.37
76.72
77.07
77.50
77.91
78.33
78.76
79.20
79.64
80.09
80.53
80.97
81.40
81.83
82.27
82.70
83.13
83.53
83.94
84.35
84.75
85.16
85.57
85.98
86.38
86.77
87.17
87.56
87.95
88.34
88.75
89.14
89.52
89.92
90.31
90.71
91.09
91.48
91.86
92.35
92.82
93.30
93.87
94.44
95.02
95.61
96.19
96.76
97.31
97.87
98.42
98.95
99.49
100.07
100.67
101.26
101.85
102.45
103.07
103.70
104.33
104.97
105.59
106.23
106.86
107.55
108.24
108.90
109.56
110.24
110.91
111.58
112.26
112.93
113.66
114.39
115.12
115.84
116.61
117.39
118.17
118.92
119.69
120.44
121.18
121.93
122.66
123.40
124.13
124.87
125.59
126.29
126.96
127.61
128.17
128.75
129.39
130.03
130.66
131.30
131.94
132.55
133.17
133.77
134.37
134.97
135.57
136.17
136.78
137.39
137.98
138.59
139.19
139.80
140.40
141.01
141.62
142.22
142.83
143.43
144.03
144.64
145.24
145.86
146.46
147.06
147.67
148.27
148.86
149.48
150.08
150.67
151.29
151.89
152.50
153.11
153.73
154.33
154.95
155.55
156.15
156.76
157.35
157.95
158.56
159.16
159.76
160.37
160.97
161.58
162.18
162.77
163.38
163.98
164.59
165.20
165.80
166.42
167.02
167.62
168.24
168.86
169.45
170.05
170.66
171.26
171.84
172.40
173.05
173.70
174.41
175.10
175.80
176.49
177.19
