# Beats
0.51
1.03
1.54
2.02
2.51
2.98
3.47
3.96
4.45
4.91
5.36
5.83
6.34
6.85
7.35
7.89
8.45
9.01
9.56
10.10
10.65
11.19
11.73
12.28
12.84
13.40
13.97
14.52
15.08
15.64
16.21
16.73
17.25
17.77
18.29
18.80
19.31
19.82
20.33
20.84
21.34
21.83
22.33
22.83
23.32
23.84
24.35
24.86
25.40
25.95
26.49
27.00
27.52
28.03
28.54
29.06
29.58
30.10
30.63
31.15
31.67
32.18
32.76
33.34
33.91
34.49
35.07
35.65
36.14
36.63
37.12
37.51
37.89
38.29
38.70
39.10
39.51
39.93
40.33
40.75
41.17
41.58
41.96
42.35
42.74
43.12
43.51
43.90
44.28
44.68
45.07
45.46
45.86
46.25
46.65
47.03
47.42
47.81
48.20
48.59
48.97
49.35
49.73
50.11
50.49
50.93
51.37
51.82
52.24
52.67
53.12
53.52
53.93
54.33
54.74
55.15
55.54
55.94
56.33
56.71
57.10
57.48
57.86
58.24
58.58
58.94
59.30
59.66
60.04
60.38
60.72
61.08
61.42
61.77
62.14
62.51
62.87
63.22
63.56
63.94
64.31
64.68
65.07
65.46
65.83
66.21
66.58
66.95
67.33
67.70
68.06
68.43
68.79
69.16
69.52
69.88
70.24
70.60
70.96
71.33
71.70
72.07
72.45
72.93
73.40
73.85
74.29
74.92
75.53
76.14
76.74
77.35
77.95
78.55
79.17
79.77
80.38
80.98
81.58
82.19
82.79
83.39
84.00
84.59
85.18
85.79
86.39
87.01
87.61
88.21
88.82
89.42
90.02
90.62
91.22
91.82
92.44
93.04
93.63
94.24
94.84
95.46
96.06
96.66
97.27
97.88
98.49
99.09
99.69
100.30
100.89
101.51
102.12
102.73
103.33
103.94
104.55
105.15
105.74
106.32
106.93
107.54
108.15
108.75
109.37
109.97
110.57
111.19
111.79
112.40
113.00
113.62
114.22
114.82
115.41
116.02
116.61
117.23
117.83
118.44
119.05
119.65
120.26
120.86
121.46
122.07
122.67
123.27
123.88
124.48
125.10
125.69
126.28
126.90
127.50
128.10
128.70
129.31
129.92
130.52
131.12
131.74
132.34
132.96
133.57
134.18
134.77
135.37
135.98
136.58
137.17
137.79
138.39
139.01
139.61
140.21
140.82
141.41
142.01
142.63
143.23
143.84
144.45
145.06
145.66
146.26
146.87
147.47
148.07
148.68
149.28
149.90
150.50
151.10
151.72
152.32
152.92
153.51
154.11
154.71
155.32
155.92
156.53
157.14
157.74
158.36
158.96
159.57
160.17
160.77
161.37
161.97
162.59
163.19
163.81
164.41
165.01
165.63
166.23
166.84
167.45
168.05
168.66
169.26
169.88
170.48
171.08
171.69
172.32
172.93
173.55
174.16
174.78
175.39
176.01
