# Beats
0.66
1.34
2.00
2.65
3.31
3.97
4.67
5.34
6.01
6.66
7.34
7.99
8.64
9.30
9.96
10.63
11.31
11.99
12.68
13.36
14.01
14.64
15.28
15.91
16.53
17.17
17.82
18.46
19.10
19.66
20.22
20.79
21.27
21.76
22.23
22.60
22.96
23.32
23.68
24.04
24.39
24.74
25.11
25.48
25.87
26.25
26.63
27.00
27.38
27.77
28.14
28.53
28.91
29.28
29.65
30.07
30.45
30.87
31.34
31.79
32.25
32.73
33.22
33.70
34.27
34.85
35.43
35.99
36.57
37.13
37.69
38.27
38.85
39.42
39.98
40.55
41.12
41.69
42.26
42.84
43.54
44.23
44.91
45.60
46.30
47.00
47.67
48.36
49.04
49.74
50.45
51.13
51.80
52.40
53.01
53.63
54.24
54.85
55.54
56.23
56.91
57.61
58.26
58.93
59.61
60.28
60.95
61.63
62.30
63.00
63.67
64.24
64.83
65.45
66.03
66.62
67.21
67.80
68.39
68.99
69.59
70.08
70.59
71.10
71.61
72.12
72.63
73.19
73.76
74.33
74.87
75.42
75.95
76.47
77.02
77.51
78.00
78.48
78.97
79.48
79.98
80.46
80.94
81.43
81.91
82.41
82.90
83.43
83.96
84.50
84.99
85.47
85.96
86.42
86.89
87.35
87.84
88.35
88.86
89.35
89.85
90.35
90.93
91.50
92.07
92.62
93.17
93.72
94.25
94.78
95.29
95.81
96.30
96.82
97.31
97.81
98.34
98.82
99.33
99.82
100.32
100.82
101.24
101.66
102.07
102.49
102.90
103.31
103.72
104.14
104.57
105.00
105.43
105.91
106.37
106.84
107.30
107.76
108.22
108.69
109.18
109.67
110.14
110.62
111.08
111.55
112.01
112.48
112.98
113.45
113.94
114.47
115.01
115.55
116.08
116.61
117.13
117.57
118.02
118.47
118.91
119.35
119.78
120.22
120.67
121.09
121.52
121.97
122.44
122.90
123.39
123.87
124.34
124.82
125.32
125.79
126.27
126.76
127.25
127.72
128.21
128.71
129.18
129.66
130.15
130.64
131.15
131.63
132.13
132.64
133.17
133.68
134.25
134.82
135.44
136.07
136.70
137.35
138.00
138.65
139.27
139.91
140.55
141.20
141.85
142.50
143.17
143.85
144.52
145.19
145.84
146.48
147.12
147.77
148.40
149.05
149.69
150.28
150.85
151.43
151.90
152.38
152.86
153.34
153.83
154.32
154.81
155.30
155.81
156.34
156.87
157.41
157.90
158.38
158.87
159.36
159.85
160.33
160.83
161.34
161.87
162.34
162.82
163.29
163.77
164.23
164.70
165.30
165.91
166.51
167.11
167.72
168.33
168.94
169.53
170.11
170.69
171.31
171.92
172.55
173.16
173.78
174.36
174.92
175.50
176.08
176.66
177.23
177.80
178.40
179.01
179.62
180.23
180.84
181.48
182.13
182.79
183.44
184.09
184.71
185.34
185.96
186.55
187.14
187.76
188.34
188.96
189.59
190.21
190.82
191.45
192.08
192.69
193.31
193.91
194.53
195.16
195.80
196.44
197.09
197.69
198.32
198.95
199.59
200.20
200.84
201.46
202.08
202.70
203.33
203.94
204.57
205.19
205.82
206.48
207.01
207.52
208.04
208.42
208.79
209.15
209.51
209.86
210.20
210.52
210.86
211.21
211.53
211.88
212.22
212.56
212.90
213.24
213.57
213.88
214.23
214.58
214.92
215.26
215.60
215.92
216.28
216.64
216.99
217.34
217.69
218.06
218.42
218.81
219.20
219.57
219.96
220.36
220.73
221.10
221.47
221.84
222.24
222.61
222.93
223.27
223.61
223.93
224.26
224.65
225.05
225.43
225.88
226.34
226.79
227.25
227.69
228.15
228.59
229.09
229.58
230.07
230.57
231.08
231.60
232.11
232.62
233.13
233.64
234.14
