# Beats
0.43
0.86
1.29
1.72
2.14
2.55
2.95
3.37
3.76
4.16
4.57
5.02
5.46
5.90
6.32
6.73
7.16
7.59
7.99
8.38
8.78
9.18
9.61
10.03
10.46
10.92
11.38
11.85
12.29
12.75
13.19
13.62
14.05
14.45
14.90
15.30
15.72
16.17
16.56
16.99
17.45
17.88
18.30
18.72
19.12
19.57
19.98
20.41
20.86
21.29
21.71
22.11
22.55
22.99
23.46
23.92
24.37
24.85
25.26
25.73
26.19
26.66
27.10
27.49
27.92
28.35
28.77
29.20
29.65
30.09
30.53
30.94
31.43
31.88
32.36
32.88
33.39
33.85
34.31
34.76
35.20
35.67
36.13
36.61
37.11
37.55
37.99
38.43
38.96
39.49
40.01
40.48
41.01
41.51
42.00
42.49
42.98
43.51
44.05
44.55
44.98
45.40
45.81
46.21
46.60
46.97
47.39
47.81
48.20
48.58
48.97
49.39
49.78
50.20
50.67
51.11
51.59
52.13
52.65
53.17
53.68
54.20
54.73
55.28
55.80
56.31
56.84
57.38
57.85
58.37
58.89
59.40
59.92
60.40
60.87
61.39
61.90
62.39
62.88
63.39
63.92
64.46
64.99
65.52
66.08
66.66
67.27
67.87
68.43
69.02
69.59
70.15
70.72
71.27
71.76
72.25
72.74
73.33
73.92
74.55
75.19
75.81
76.42
77.02
77.62
78.25
78.88
79.48
80.09
80.79
81.46
82.13
82.84
83.49
84.16
84.82
85.50
86.15
86.68
87.26
87.85
88.46
89.00
89.56
90.13
90.72
91.30
91.86
92.33
92.81
93.30
93.70
94.10
94.55
94.97
95.36
95.81
96.20
96.62
97.04
97.47
97.94
98.41
98.89
99.33
99.85
100.37
100.84
101.30
101.77
102.28
102.79
103.26
103.75
104.14
104.56
104.99
105.40
105.72
106.09
106.44
106.82
107.18
107.53
107.88
108.23
108.55
108.89
109.19
109.53
109.87
110.23
110.55
110.90
111.27
111.73
112.18
112.62
113.09
113.52
113.92
114.31
114.73
115.17
115.61
116.01
116.38
116.77
117.19
117.59
118.00
118.40
118.79
119.19
119.59
119.95
120.33
120.70
121.07
121.46
122.00
122.53
123.03
123.53
124.02
124.52
125.00
125.53
126.03
126.50
126.99
127.45
127.87
128.29
128.71
129.14
129.58
129.96
130.36
130.76
131.18
131.56
131.98
132.40
132.79
133.21
133.63
134.11
134.56
135.04
135.51
135.98
136.42
136.82
137.30
137.80
138.25
138.69
139.13
139.60
140.09
140.60
141.11
141.61
142.08
142.57
143.06
143.52
144.00
144.43
144.89
145.33
145.79
146.24
146.68
147.13
147.59
148.03
148.47
148.93
149.40
149.86
150.31
150.77
151.21
151.70
152.21
152.69
153.21
153.74
154.27
154.81
155.32
155.85
156.50
157.13
157.77
158.36
159.00
159.56
160.08
160.61
161.15
161.68
162.23
162.74
163.28
163.82
164.33
164.87
165.40
165.91
166.42
166.97
167.53
168.16
168.81
169.44
170.04
170.63
171.22
171.78
172.34
172.83
173.34
173.82
174.36
174.85
175.33
175.82
176.33
176.84
177.33
177.84
178.35
178.86
179.40
179.91
180.42
180.95
181.46
182.01
182.51
183.02
183.52
184.02
184.54
185.06
185.60
186.13
186.64
187.29
187.94
188.57
189.20
189.87
190.50
191.15
191.77
192.42
193.05
193.72
194.35
194.85
195.35
195.87
196.32
196.79
197.25
197.67
198.12
198.60
199.09
199.55
200.04
200.62
201.20
201.78
202.39
202.99
203.55
204.13
204.70
205.30
205.87
206.40
206.96
207.54
208.06
208.61
209.14
209.70
210.23
210.77
211.30
211.81
212.30
212.81
213.30
213.83
214.25
214.67
215.09
215.50
215.95
216.36
216.78
217.20
217.64
218.06
218.45
218.79
219.17
219.52
219.99
220.45
220.89
221.32
221.87
222.40
222.93
223.50
224.03
224.60
225.12
225.65
226.21
226.74
227.28
227.94
228.64
229.25
229.87
230.50
231.18
231.83
232.48
233.13
233.85
234.52
235.24
235.95
236.58
237.17
237.76
238.25
238.72
239.20
239.68
240.18
240.67
241.12
241.56
242.02
242.51
242.97
243.44
243.90
244.34
244.78
245.25
245.71
246.19
246.77
247.27
247.80
248.34
248.88
249.38
249.89
250.40
250.89
251.38
251.89
252.38
252.92
253.42
253.92
254.49
255.04
255.59
256.03
256.53
257.02
257.53
258.04
258.54
