# Beats
0.52
1.06
1.58
2.10
2.58
3.07
3.56
4.06
4.54
5.02
5.49
5.94
6.39
6.82
7.24
7.67
8.10
8.53
8.97
9.43
9.87
10.31
10.69
11.06
11.45
11.82
12.23
12.63
13.05
13.47
13.89
14.30
14.72
15.14
15.56
15.96
16.35
16.73
17.12
17.51
17.91
18.32
18.73
19.13
19.54
19.95
20.35
20.76
21.12
21.49
21.86
22.23
22.60
22.96
23.32
23.68
24.02
24.37
24.72
25.07
25.39
25.73
26.06
26.40
26.74
27.07
27.40
27.74
28.06
28.39
28.71
29.04
29.36
29.69
30.07
30.44
30.82
31.21
31.58
31.96
32.35
32.73
33.12
33.52
33.91
34.40
34.89
35.38
36.03
36.68
37.37
38.07
38.77
39.47
40.18
40.90
41.61
42.32
43.03
43.77
44.50
45.17
45.86
46.51
47.16
47.81
48.46
49.10
49.75
50.39
51.00
51.62
52.22
52.83
53.43
54.01
54.59
55.17
55.74
56.32
56.90
57.48
58.06
58.63
59.20
59.77
60.34
60.91
61.46
62.03
62.55
63.08
63.61
64.13
64.64
65.16
65.67
66.18
66.69
67.31
67.94
68.57
69.20
69.82
70.45
71.08
71.65
72.21
72.78
73.32
73.85
74.36
74.87
75.38
75.99
76.60
77.21
77.84
78.50
79.15
79.80
80.36
80.93
81.51
82.09
82.65
83.22
83.78
84.33
84.87
85.40
85.94
86.46
86.99
87.53
88.17
88.80
89.44
90.07
90.70
91.32
91.96
92.59
93.23
93.87
94.51
95.11
95.68
96.25
96.82
97.38
97.95
98.51
99.08
99.72
100.36
101.00
101.62
102.24
102.88
103.53
104.18
104.83
105.48
106.12
106.75
107.39
108.03
108.66
109.27
109.89
110.53
111.17
111.80
112.45
113.12
113.78
114.44
115.10
115.75
116.34
116.94
117.40
117.85
118.31
118.76
119.21
119.66
120.12
120.57
121.03
121.50
121.96
122.43
122.89
123.45
124.02
124.59
125.14
125.71
126.27
126.84
127.41
127.98
128.55
129.11
129.68
130.25
130.80
131.34
131.89
132.45
133.00
133.55
134.10
134.65
135.20
135.76
136.31
136.86
137.40
137.96
138.59
139.22
139.83
140.45
141.05
141.65
142.27
142.87
143.48
144.07
144.67
145.28
145.93
146.56
147.18
147.81
148.42
149.03
149.64
150.24
150.85
151.45
152.06
152.66
153.26
153.87
154.46
155.05
155.64
156.24
156.83
157.43
158.02
158.62
159.25
159.89
160.50
161.10
161.69
162.28
162.88
163.47
164.06
164.65
165.24
165.84
166.43
167.03
167.62
168.22
168.81
169.40
170.00
170.60
171.19
171.77
172.35
172.93
173.51
174.09
174.68
175.26
175.86
176.45
177.06
177.69
178.31
178.92
179.53
180.13
180.73
181.34
181.94
182.53
183.11
183.70
184.30
184.89
185.48
186.07
186.65
187.25
187.83
188.43
189.02
189.60
190.18
190.75
191.33
191.92
192.51
193.09
193.67
194.25
194.83
195.42
196.01
196.58
197.16
197.72
198.30
198.87
199.45
200.04
200.62
201.21
201.80
202.39
202.97
203.55
204.13
204.71
205.31
205.91
206.51
207.20
207.90
208.58
209.28
209.85
210.41
210.98
211.53
212.08
212.63
213.17
213.72
214.25
214.78
215.32
215.84
216.36
216.87
217.33
217.79
218.24
218.74
219.24
219.74
220.33
220.93
221.53
222.13
222.74
223.34
223.94
224.55
225.14
225.73
226.37
227.02
227.66
228.30
228.91
229.53
230.14
230.77
231.38
231.96
232.52
233.12
233.71
234.28
234.87
235.45
236.03
236.59
237.15
237.69
238.14
238.60
239.05
239.50
239.97
240.43
240.85
241.27
241.68
242.10
242.52
242.94
243.36
243.77
244.19
244.61
245.02
