# Beats
0.48
0.96
1.45
1.86
2.28
2.71
3.13
3.58
4.01
4.44
4.78
5.15
5.53
5.87
6.25
6.61
6.97
7.31
7.66
8.03
8.41
8.78
9.15
9.52
9.90
10.41
10.91
11.41
11.91
12.41
12.90
13.40
13.91
14.42
14.87
15.33
15.78
16.22
16.67
17.12
17.58
18.02
18.46
18.90
19.34
19.78
20.25
20.69
21.13
21.57
22.01
22.47
22.92
23.36
23.79
24.22
24.64
25.05
25.48
25.91
26.35
26.80
27.21
27.63
28.06
28.49
28.93
29.37
29.83
30.27
30.70
31.11
31.52
31.96
32.39
32.82
33.27
33.72
34.17
34.64
35.11
35.58
36.04
36.50
36.98
37.41
37.85
38.27
38.68
39.10
39.54
39.97
40.41
40.84
41.24
41.68
42.12
42.56
43.01
43.48
43.93
44.38
44.84
45.30
45.75
46.23
46.70
47.16
47.62
48.10
48.58
49.04
49.50
49.97
50.46
50.96
51.44
51.94
52.57
53.20
53.81
54.43
55.04
55.66
56.27
56.84
57.40
57.96
58.54
59.11
59.70
60.29
60.88
61.46
62.04
62.62
63.22
63.80
64.39
64.99
65.69
66.40
67.08
67.77
68.48
69.16
69.83
70.57
71.31
72.05
72.82
73.57
74.30
75.04
75.77
76.51
77.25
77.89
78.53
79.08
79.62
80.18
80.69
81.20
81.71
82.22
82.73
83.24
83.75
84.27
84.80
85.34
85.89
86.45
86.99
87.54
88.08
88.64
89.19
89.72
90.26
90.79
91.32
91.86
92.39
92.93
93.47
94.01
94.55
95.09
95.62
96.15
96.69
97.20
97.72
98.22
98.73
99.24
99.76
100.29
100.82
101.36
101.89
102.43
102.96
103.48
104.00
104.50
104.98
105.47
105.89
106.30
106.70
107.11
107.53
107.94
108.36
108.79
109.20
109.62
110.09
110.54
110.99
111.51
112.04
112.57
113.09
113.62
114.16
114.71
115.24
115.76
116.31
116.84
117.38
117.84
118.31
118.79
119.21
119.65
120.09
120.44
120.79
121.14
121.49
121.86
122.23
122.59
122.95
123.34
123.74
124.12
124.52
124.91
125.32
125.71
126.11
126.50
126.87
127.25
127.65
128.06
128.48
128.89
129.29
129.67
130.07
130.47
130.87
131.25
131.65
132.03
132.40
132.76
133.12
133.50
133.86
134.23
134.58
134.95
135.30
135.67
136.03
136.42
136.79
137.18
137.57
137.95
138.30
138.67
139.04
139.41
139.85
140.27
140.70
141.14
141.57
142.01
142.45
142.87
143.31
143.75
144.17
144.61
145.06
145.50
145.95
146.40
146.84
147.31
147.80
148.28
148.78
149.28
149.78
