# Beats
0.52
1.03
1.54
2.07
2.59
3.09
3.58
4.06
4.55
5.02
5.49
5.98
6.46
6.93
7.41
7.89
8.37
8.85
9.32
9.80
10.29
10.77
11.25
11.73
12.20
12.68
13.17
13.65
14.13
14.61
15.08
15.56
16.04
16.52
17.00
17.48
17.97
18.45
18.92
19.41
19.89
20.36
20.84
21.32
21.80
22.28
22.76
23.24
23.73
24.21
24.68
25.16
25.63
26.11
26.59
27.07
27.55
28.03
28.51
28.99
29.47
29.95
30.44
30.92
31.39
31.87
32.35
32.83
33.32
33.79
34.27
34.76
35.24
35.71
36.20
36.68
37.15
37.63
38.10
38.58
39.06
39.54
40.03
40.51
40.98
41.46
41.94
42.42
42.91
43.39
43.86
44.35
44.84
45.31
45.79
46.27
46.74
47.22
47.69
48.18
48.67
49.15
49.62
50.11
50.58
51.06
51.54
52.01
52.49
52.96
53.44
53.92
54.40
54.89
55.38
55.87
56.35
56.84
57.33
57.83
58.35
58.86
59.37
59.83
60.26
60.69
61.11
61.54
61.97
62.40
62.81
63.23
63.65
64.02
64.39
64.76
65.13
65.47
65.82
66.15
66.49
66.83
67.15
67.50
67.85
68.20
68.58
68.97
69.37
69.76
70.19
70.61
71.03
71.40
71.77
72.14
72.52
72.90
73.28
73.67
74.05
74.42
74.79
75.16
75.53
75.87
76.22
76.57
76.92
77.28
77.64
78.00
78.36
78.72
79.08
79.45
79.81
80.25
80.68
81.11
81.54
81.97
82.40
82.83
83.32
83.82
84.32
84.83
85.33
85.83
86.34
86.85
87.35
87.86
88.38
88.89
89.45
90.02
90.59
91.10
91.61
92.13
92.58
93.03
93.48
93.92
94.35
94.80
95.25
95.70
96.15
96.61
97.06
97.51
97.96
98.41
98.85
99.28
99.75
100.22
100.68
101.13
101.60
102.06
102.53
102.91
103.29
103.68
104.04
104.40
104.77
105.13
105.50
105.86
106.22
106.58
106.94
107.29
107.64
107.97
108.32
108.67
109.02
109.37
109.71
110.07
110.43
110.79
111.15
111.51
111.87
112.22
112.57
112.92
113.28
113.64
114.00
114.37
114.71
115.03
115.36
115.68
116.02
116.36
116.69
117.03
117.37
117.68
118.00
118.33
118.64
118.96
119.28
119.61
119.93
120.26
120.60
120.95
121.30
121.65
122.02
122.39
122.75
123.11
123.48
123.84
124.20
124.56
124.91
125.27
125.62
125.97
126.35
126.73
127.12
127.50
127.91
128.30
128.71
129.10
129.50
129.90
130.31
130.71
131.10
131.51
131.91
132.28
132.66
133.03
133.39
133.76
134.12
134.48
134.84
135.21
135.58
135.94
136.30
136.66
137.02
137.38
137.74
138.10
138.57
139.03
139.48
139.95
140.41
140.89
141.39
141.89
142.38
142.90
143.41
143.92
144.43
144.94
145.46
145.88
146.29
146.69
147.10
147.49
147.89
148.28
148.68
149.08
149.49
149.90
150.30
150.71
151.12
151.51
151.99
152.46
152.95
153.45
153.95
154.44
154.94
155.45
156.04
156.62
157.21
157.79
158.38
158.98
159.54
160.12
160.69
161.26
161.83
162.40
162.98
163.55
164.12
164.69
165.38
166.08
166.81
167.53
168.25
168.97
169.69
170.41
171.12
171.83
172.51
173.20
173.87
174.53
175.21
175.78
176.36
176.97
177.57
178.18
178.85
179.53
