# Beats
0.36
0.73
1.10
1.45
1.80
2.15
2.50
2.84
3.19
3.53
3.87
4.19
4.50
4.83
5.14
5.46
5.78
6.11
6.43
6.75
7.06
7.37
7.69
8.00
8.31
8.64
8.95
9.28
9.60
9.93
10.24
10.54
10.86
11.17
11.49
11.81
12.13
12.45
12.75
13.08
13.42
13.76
14.08
14.41
14.73
15.06
15.38
15.72
16.04
16.36
16.67
16.99
17.31
17.64
17.95
18.27
18.59
18.91
19.23
19.54
19.86
20.19
20.50
20.83
21.15
21.48
21.79
22.12
22.43
22.76
23.08
23.41
23.73
24.06
24.37
24.69
25.01
25.33
25.65
25.97
26.28
26.60
26.91
27.24
27.56
27.89
28.21
28.54
28.85
29.16
29.48
29.80
30.13
30.45
30.77
31.09
31.42
31.74
32.07
32.39
32.73
33.07
33.40
33.73
34.05
34.39
34.71
35.04
35.36
35.69
36.03
36.35
36.68
37.00
37.31
37.63
37.95
38.28
38.61
38.94
39.25
39.58
39.90
40.23
40.55
40.88
41.20
41.53
41.84
42.17
42.49
42.83
43.15
43.47
43.78
44.09
44.41
44.73
45.06
45.38
45.70
46.01
46.32
46.64
46.95
47.28
47.61
47.95
48.27
48.61
48.95
49.40
49.85
50.29
50.76
51.22
51.70
52.15
52.59
53.03
53.48
53.91
54.33
54.75
55.08
55.44
55.77
56.09
56.42
56.75
57.07
57.40
57.71
58.04
58.35
58.68
58.99
59.29
59.63
59.97
60.30
60.65
61.00
61.37
61.75
62.14
62.51
62.87
63.23
63.59
63.94
64.28
64.62
64.96
65.29
65.63
65.96
66.28
66.62
66.95
67.28
67.62
67.94
68.28
68.61
68.95
69.29
69.64
69.98
70.33
70.66
70.98
71.30
71.63
71.96
72.30
72.62
72.96
73.28
73.61
73.93
74.26
74.59
74.93
75.27
75.59
75.92
76.24
76.57
76.90
77.23
77.57
77.89
78.23
78.56
78.90
79.25
79.59
79.93
80.29
80.64
80.99
81.34
81.68
82.00
82.35
82.69
83.02
83.36
83.71
84.03
84.36
84.68
85.02
85.34
85.68
86.02
86.36
86.69
87.03
87.35
87.69
88.03
88.36
88.70
89.04
89.36
89.70
90.04
90.38
90.72
91.08
91.42
91.75
92.09
92.44
92.79
93.14
93.50
93.87
94.24
94.60
94.97
95.45
95.92
96.40
96.86
97.31
97.78
98.23
98.68
99.15
99.60
100.05
100.50
100.93
101.36
101.80
102.25
102.71
103.18
103.65
104.05
104.44
104.84
105.23
105.62
105.99
106.35
106.71
107.08
107.43
107.76
108.11
108.46
108.81
109.15
109.49
109.84
110.20
110.55
110.90
111.24
111.58
111.92
112.27
112.61
112.97
113.31
113.67
114.04
114.40
114.75
115.10
115.45
115.81
116.15
116.49
116.85
117.20
117.55
117.90
118.24
118.57
118.91
119.26
119.61
119.95
120.29
120.63
120.96
121.31
121.65
121.99
122.32
122.67
123.00
123.33
123.67
124.02
124.35
124.69
125.04
125.39
125.71
126.05
126.39
126.73
127.07
127.41
127.74
128.09
128.42
128.75
129.09
129.44
129.78
130.12
130.46
130.81
131.13
131.47
131.80
132.14
132.48
132.83
133.18
133.53
133.90
134.27
134.64
135.01
135.47
135.92
136.38
136.85
137.31
137.78
138.24
138.70
139.16
139.61
140.19
140.77
141.35
141.93
142.68
143.41
144.14
144.87
145.60
146.32
147.05
147.76
148.48
149.21
149.95
150.71
151.48
152.16
152.83
153.51
154.19
154.81
155.42
156.05
156.69
157.32
157.97
158.60
159.21
159.82
160.43
161.04
161.67
162.27
162.88
163.49
164.12
164.75
165.30
165.86
166.42
166.92
167.42
167.92
168.40
168.89
169.37
169.85
170.34
170.83
171.31
171.78
172.27
172.68
173.09
173.51
173.94
174.37
174.80
175.23
175.60
175.97
176.34
176.72
177.11
177.50
177.91
178.32
178.68
179.05
179.42
179.79
180.16
180.54
180.90
181.25
181.61
181.95
182.29
182.64
182.97
183.32
183.67
184.03
184.41
184.81
185.20
185.60
185.99
186.40
186.82
187.21
187.59
187.97
188.36
188.73
189.10
189.47
189.85
190.22
190.57
190.93
191.29
191.63
191.98
192.33
192.68
193.03
193.39
193.76
194.12
194.49
194.85
195.21
195.56
195.91
196.27
196.63
197.00
197.36
197.83
198.31
198.77
199.26
199.74
200.21
200.70
201.20
201.70
202.26
202.80
203.35
203.91
204.44
204.97
205.45
205.91
206.38
206.89
207.40
207.91
208.42
208.93
209.46
209.97
210.47
210.98
211.53
212.09
212.65
213.19
213.75
214.31
214.89
215.47
