# Beats
0.56
1.13
1.70
2.25
2.81
3.38
3.94
4.46
4.96
5.47
6.03
6.59
7.17
7.71
8.25
8.80
9.35
9.89
10.41
10.95
11.47
12.00
12.54
13.07
13.51
13.94
14.40
14.86
15.30
15.72
16.16
16.60
17.04
17.48
17.94
18.39
18.82
19.27
19.73
20.18
20.62
21.07
21.52
21.98
22.43
22.87
23.30
23.75
24.20
24.66
25.10
25.55
26.01
26.46
26.91
27.35
27.79
28.24
28.67
29.09
29.51
29.95
30.39
30.84
31.28
31.72
32.16
32.60
33.04
33.51
33.97
34.45
34.92
35.40
35.87
36.34
36.80
37.26
37.70
38.15
38.59
39.03
39.47
39.92
40.37
40.82
41.27
41.71
42.17
42.61
43.06
43.51
43.97
44.42
44.86
45.30
45.75
46.20
46.65
47.11
47.55
48.01
48.46
48.90
49.35
49.80
50.25
50.71
51.20
51.66
52.13
52.59
53.05
53.51
53.96
54.43
54.89
55.36
55.81
56.29
56.75
57.20
57.66
58.12
58.58
59.05
59.52
59.98
60.44
60.91
61.35
61.79
62.23
62.69
63.16
63.62
64.06
64.53
65.02
65.48
65.92
66.40
66.85
67.30
67.76
68.22
68.70
69.16
69.63
70.08
70.52
70.97
71.42
71.89
72.35
72.82
73.28
73.75
74.23
74.71
75.19
75.67
76.14
76.58
77.04
77.48
77.94
78.39
78.85
79.31
79.76
80.22
80.69
81.15
81.61
82.06
82.51
82.95
83.41
83.86
84.32
84.79
85.24
85.69
86.13
86.59
87.04
87.52
87.98
88.44
88.91
89.35
89.80
90.24
90.70
91.16
91.63
92.09
92.55
93.01
93.48
93.94
94.40
94.85
95.31
95.77
96.25
96.69
97.14
97.61
98.07
98.55
99.02
99.50
99.94
100.39
100.84
101.31
101.77
102.21
102.61
102.99
103.39
103.78
104.19
104.59
104.98
105.37
105.77
106.16
106.57
106.97
107.37
107.76
108.16
108.55
108.95
109.35
109.76
110.16
110.56
110.94
111.34
111.73
112.12
112.50
112.90
113.27
113.64
114.01
114.38
114.76
115.15
115.52
115.89
116.27
116.63
117.01
117.40
117.78
118.17
118.54
118.92
119.30
119.69
120.07
120.44
120.83
121.21
121.58
121.97
122.38
122.76
123.16
123.54
123.92
124.31
124.69
125.10
125.48
125.86
126.25
126.64
127.04
127.43
127.83
128.21
128.60
129.00
129.39
129.80
130.21
130.62
131.01
131.38
131.75
132.12
132.49
132.86
133.21
133.56
134.03
134.50
134.99
135.58
136.17
136.78
137.38
137.98
138.58
139.20
139.83
140.46
141.08
141.72
142.34
142.94
143.53
144.14
144.74
145.35
145.96
146.56
147.16
147.75
148.34
148.94
149.56
150.18
150.79
151.41
152.02
152.64
153.25
153.88
154.49
155.11
155.72
156.33
156.94
157.55
158.15
158.77
159.34
159.92
160.48
161.10
161.73
162.35
162.99
163.54
164.07
164.61
165.07
165.56
166.05
166.51
166.97
167.44
167.89
168.26
168.62
168.98
169.34
169.75
170.16
170.57
170.99
171.40
171.83
172.25
172.66
173.09
173.50
173.92
174.31
174.71
175.10
175.54
176.01
176.45
176.90
177.35
177.82
178.45
179.07
179.70
180.30
180.92
181.50
182.07
182.64
183.21
183.76
184.33
184.92
185.52
186.11
186.70
187.26
187.83
188.40
188.92
189.45
189.97
190.52
191.05
191.59
192.09
192.57
193.07
193.57
194.07
194.58
195.19
195.79
196.42
197.03
197.63
198.23
198.83
199.46
200.09
200.64
201.20
201.76
202.30
202.86
203.42
204.03
204.65
205.28
205.91
206.53
207.15
207.77
208.40
209.03
209.64
210.23
210.81
211.42
212.02
212.61
213.21
213.79
214.39
214.99
215.59
216.18
216.76
217.34
217.92
218.55
219.20
219.85
220.50
221.15
221.80
222.45
223.11
223.78
224.41
225.05
225.69
226.30
226.93
227.56
228.15
228.76
229.34
229.92
230.48
231.04
231.62
232.22
232.83
233.44
234.06
234.66
235.29
235.91
236.55
237.19
237.84
238.52
239.17
239.79
240.42
241.02
241.64
242.24
242.83
243.44
244.04
244.65
245.24
245.84
246.43
246.90
247.35
247.81
248.29
248.76
249.22
249.68
250.15
250.64
251.12
251.61
252.10
252.59
253.09
253.59
