# Beats
0.52
1.04
1.57
2.09
2.62
3.16
3.68
4.20
4.63
5.07
5.53
5.97
6.41
6.84
7.27
7.71
8.15
8.59
9.03
9.50
9.95
10.40
10.87
11.34
11.80
12.24
12.68
13.12
13.54
13.96
14.37
14.91
15.44
15.96
16.50
17.02
17.53
18.02
18.51
19.01
19.50
20.00
20.53
21.08
21.62
22.16
22.72
23.27
23.85
24.43
25.02
25.62
26.22
26.75
27.27
27.82
28.33
28.84
29.37
29.90
30.42
30.95
31.44
31.93
32.42
32.89
33.37
33.83
34.30
34.75
35.22
35.69
36.15
36.61
37.06
37.52
37.99
38.44
38.89
39.33
39.76
40.19
40.63
41.08
41.52
41.95
42.39
42.84
43.28
43.72
44.16
44.61
45.05
45.49
45.94
46.39
46.83
47.28
47.72
48.16
48.61
49.05
49.48
49.92
50.36
50.82
51.27
51.70
52.15
52.59
53.06
53.52
53.99
54.44
54.89
55.33
55.79
56.24
56.68
57.14
57.61
58.11
58.58
59.06
59.56
60.06
60.56
61.08
61.63
62.16
62.68
63.20
63.73
64.38
65.02
65.64
66.27
66.90
67.54
68.17
68.81
69.44
70.05
70.68
71.30
71.80
72.31
72.82
73.33
73.84
74.35
74.86
75.37
75.88
76.39
76.90
77.42
77.90
78.39
78.90
79.40
79.90
80.50
81.13
81.76
82.38
83.02
83.64
84.27
84.86
85.43
86.00
86.44
86.88
87.31
87.75
88.19
88.63
89.08
89.54
90.01
90.46
90.91
91.37
91.82
92.28
92.74
93.20
93.66
94.09
94.53
94.97
95.42
95.88
96.33
96.77
97.23
97.69
98.14
98.60
99.06
99.49
99.92
100.36
100.81
101.31
101.82
102.32
102.90
103.49
104.21
104.93
105.65
106.36
107.07
107.78
108.48
109.20
109.92
110.64
111.34
112.06
112.78
113.49
114.20
114.89
115.60
116.23
116.87
117.46
118.05
118.64
119.23
119.84
120.42
121.00
121.59
122.15
122.72
123.27
123.74
124.23
124.73
125.23
125.71
126.19
126.69
127.15
127.63
128.10
128.59
129.08
129.57
130.04
130.54
131.03
131.52
132.01
132.49
132.97
133.45
133.93
134.42
134.92
135.40
135.88
136.37
136.88
137.37
137.86
138.33
138.81
139.30
139.78
140.27
140.78
141.28
141.78
142.29
142.79
143.29
143.80
144.31
144.82
145.32
145.82
146.30
146.77
147.28
147.77
148.26
148.75
149.23
149.72
150.19
150.65
151.14
151.65
152.17
152.67
153.16
153.63
154.11
154.60
155.09
155.57
156.07
156.55
157.01
157.50
158.01
158.51
159.00
159.47
159.95
160.43
160.88
161.36
161.84
162.32
162.80
163.26
163.75
164.21
164.66
165.16
165.69
166.21
166.72
167.22
167.72
168.24
168.76
169.27
169.78
170.28
170.78
171.29
171.80
172.32
172.83
173.35
173.87
174.38
174.89
175.42
175.94
176.45
176.96
177.47
177.99
178.52
179.04
179.56
180.08
180.60
181.14
181.67
182.18
182.69
183.21
183.72
184.20
184.76
185.30
185.83
186.35
186.87
187.39
187.90
188.41
188.94
189.46
189.99
190.50
191.01
191.52
192.01
192.52
193.03
193.55
194.07
194.57
195.07
195.58
196.10
196.58
197.07
197.57
198.07
198.55
199.04
199.54
200.04
200.53
201.11
201.69
202.26
202.83
203.38
203.96
204.54
205.15
205.76
206.38
207.05
207.76
208.47
209.19
209.91
210.63
211.32
212.02
212.69
213.37
214.00
214.62
215.27
215.92
216.55
217.11
217.65
218.20
218.74
219.29
219.82
220.36
220.89
221.43
221.96
222.48
223.04
223.61
224.19
224.78
225.38
226.09
226.79
227.50
228.21
228.90
229.62
230.34
231.04
231.74
232.51
233.29
234.08
234.86
