# Beats
0.51
1.02
1.52
2.02
2.53
3.00
3.45
3.90
4.33
4.76
5.19
5.62
6.08
6.55
7.02
7.50
7.99
8.45
8.95
9.45
9.94
10.50
11.06
11.63
12.24
12.84
13.47
14.09
14.71
15.30
15.89
16.49
17.08
17.67
18.25
18.85
19.46
20.06
20.67
21.27
21.90
22.51
23.13
23.74
24.37
24.98
25.59
26.19
26.80
27.42
28.04
28.65
29.28
29.91
30.53
31.17
31.68
32.18
32.69
33.20
33.72
34.18
34.64
35.09
35.53
35.96
36.39
36.83
37.24
37.66
38.08
38.51
38.94
39.38
39.82
40.17
40.54
40.90
41.27
41.63
41.98
42.33
42.72
43.07
43.46
43.84
44.21
44.59
44.98
45.37
45.75
46.14
46.53
46.93
47.32
47.76
48.19
48.65
49.11
49.57
50.04
50.52
50.92
51.34
51.78
52.19
52.57
52.94
53.31
53.71
54.09
54.47
54.87
55.25
55.65
56.03
56.41
56.82
57.21
57.61
58.06
58.53
58.99
59.44
59.90
60.34
60.77
61.21
61.67
62.14
62.58
63.04
63.52
64.04
64.54
65.06
65.57
66.08
66.62
67.11
67.60
68.10
68.49
68.87
69.25
69.64
70.02
70.39
70.77
71.15
71.52
71.89
72.27
72.66
73.04
73.43
73.83
74.22
74.58
74.95
75.34
75.72
76.09
76.47
76.86
77.25
77.64
78.00
78.37
78.74
79.23
79.71
80.20
80.69
81.19
81.78
82.38
82.99
83.59
84.22
84.83
85.45
86.08
86.69
87.31
87.96
88.58
89.21
89.81
90.45
91.07
91.68
92.30
92.90
93.52
94.13
94.76
95.41
96.06
96.71
97.34
97.98
98.62
99.27
99.89
100.54
101.08
101.62
102.19
102.69
103.19
103.70
104.14
104.57
105.00
105.42
105.84
106.28
106.72
107.16
107.58
108.02
108.45
108.86
109.30
109.73
110.13
110.54
110.93
111.34
111.73
112.14
112.55
112.95
113.36
113.78
114.22
114.64
115.03
115.45
115.84
116.27
116.69
117.12
117.56
118.00
118.47
118.93
119.39
119.85
120.33
120.79
121.27
121.74
122.23
122.69
123.16
123.63
124.11
124.60
125.13
125.65
126.18
126.71
127.22
127.73
128.24
128.75
129.31
129.87
130.40
130.94
131.47
132.01
132.48
132.96
133.45
133.90
134.37
134.84
135.31
135.77
136.23
136.68
137.15
137.61
138.09
138.53
138.97
139.39
139.78
140.16
140.55
140.95
141.28
141.62
141.97
142.33
142.71
143.08
143.45
143.85
144.24
144.63
145.01
145.40
145.80
146.16
146.52
146.87
147.23
147.61
147.99
148.38
148.79
149.20
149.61
150.02
150.44
150.84
151.24
151.67
152.10
152.53
152.98
153.46
153.95
154.41
154.90
155.40
155.89
156.34
156.78
157.22
157.66
158.10
158.55
159.01
159.49
159.97
160.46
160.96
161.45
161.94
162.42
162.93
163.42
163.91
164.40
164.86
165.29
165.72
166.16
166.60
167.04
167.49
167.96
168.46
168.95
169.42
169.92
170.39
170.86
171.36
171.86
172.36
172.76
173.13
173.51
173.92
174.34
174.73
175.11
175.50
175.88
176.26
176.63
177.02
177.40
177.78
178.16
178.54
178.92
179.30
179.70
180.09
180.51
180.93
181.37
181.81
182.25
182.71
183.11
183.53
183.94
184.45
184.96
185.48
185.99
186.50
187.04
187.55
188.08
188.62
189.10
189.59
190.10
190.60
191.11
191.63
192.20
192.78
193.28
193.78
194.28
194.77
195.28
195.78
196.28
196.78
197.30
197.79
198.28
198.76
199.25
199.75
200.25
200.83
201.42
201.99
202.61
203.22
203.80
204.39
205.01
205.59
206.17
206.76
207.35
207.93
208.52
209.07
209.56
210.04
210.51
211.00
211.46
211.93
212.39
212.86
213.33
213.83
214.27
214.71
215.16
215.57
216.00
216.46
216.90
217.34
217.79
218.22
218.65
219.08
219.52
219.96
220.38
220.79
221.22
221.62
222.05
222.48
222.89
223.33
223.79
224.26
224.70
225.14
225.58
226.00
226.39
226.81
227.23
227.65
228.07
228.48
228.90
229.32
229.72
230.13
230.55
230.97
231.38
231.85
232.33
232.80
233.27
233.74
234.22
234.68
235.15
235.64
236.11
236.61
237.10
237.59
238.07
238.56
239.05
239.65
240.27
240.86
241.44
242.02
242.60
243.17
243.74
244.30
244.85
245.43
246.02
246.60
247.22
247.84
248.41
248.96
249.52
250.08
250.62
251.24
251.86
252.47
253.07
253.68
254.29
254.91
255.51
256.10
256.72
257.35
257.95
258.55
259.13
259.73
260.32
260.90
261.48
262.06
262.65
263.24
263.84
264.43
264.93
265.44
265.93
266.36
266.79
267.22
267.66
268.10
268.54
268.98
269.42
269.85
270.30
270.74
271.19
271.64
272.11
272.60
273.08
273.51
273.95
274.37
274.81
275.24
275.67
276.11
276.57
277.04
277.48
277.93
278.37
278.81
279.28
279.74
280.20
280.64
281.10
281.57
282.03
282.51
282.98
283.45
283.98
284.51
285.05
285.61
286.16
286.73
287.28
287.82
