# Beats
0.88
1.78
2.67
3.53
4.39
5.13
5.86
6.61
7.34
7.98
8.61
9.20
9.76
10.33
10.79
11.24
11.69
12.13
12.57
13.01
13.50
13.99
14.48
14.95
15.43
15.91
16.39
16.87
17.35
17.82
18.29
18.76
19.33
19.90
20.46
21.08
21.71
22.34
22.96
23.59
24.20
24.80
25.41
26.02
26.62
27.24
27.84
28.47
29.07
29.69
30.22
30.74
31.21
31.66
32.11
32.57
33.03
33.51
33.98
34.46
34.92
35.39
35.85
36.32
36.77
37.22
37.66
38.12
38.57
38.95
39.33
39.71
40.08
40.45
40.82
41.19
41.56
42.00
42.45
42.90
43.35
43.82
44.27
44.72
45.17
45.62
46.07
46.53
47.01
47.47
48.05
48.63
49.21
49.78
50.35
50.96
51.57
52.16
52.77
53.36
54.06
54.76
55.46
56.16
56.87
57.59
58.21
58.83
59.45
60.07
60.69
61.36
62.03
62.69
63.36
64.03
64.70
65.38
65.96
66.55
67.13
67.71
68.29
68.86
69.44
69.96
70.47
70.98
71.46
71.94
72.42
72.90
73.39
73.86
74.34
74.80
75.29
75.77
76.25
76.73
77.21
77.64
78.07
78.50
79.01
79.53
80.04
80.55
81.06
81.57
82.09
82.62
83.14
83.67
84.20
84.72
85.24
85.75
86.26
86.77
87.27
87.78
88.29
88.80
89.32
89.83
90.35
90.92
91.49
92.04
92.61
93.18
93.75
94.32
94.89
95.48
96.06
96.60
97.11
97.62
98.08
98.52
98.98
99.43
99.88
100.33
100.79
101.24
101.69
102.14
102.59
103.03
103.48
103.93
104.42
104.90
105.38
105.87
106.36
106.84
107.30
107.79
108.27
108.82
109.37
109.90
110.41
110.92
111.44
111.97
112.49
113.07
113.65
114.22
114.80
115.38
115.96
116.54
117.11
117.68
118.25
118.82
119.39
119.95
120.52
121.09
121.66
122.23
122.80
123.38
123.95
124.52
125.07
125.64
126.21
126.79
127.36
127.93
128.50
129.08
129.65
130.22
130.79
131.36
131.92
132.50
133.09
133.67
134.25
134.82
135.37
135.93
136.49
136.97
137.46
137.95
138.44
138.92
139.40
139.87
140.35
140.84
141.26
141.68
142.09
142.51
142.91
143.30
143.69
144.07
144.46
144.85
145.23
145.61
146.01
146.40
146.80
147.19
147.60
148.00
