# Beats
0.65
1.32
1.99
2.64
3.29
3.95
4.61
5.26
5.91
6.48
7.04
7.56
8.08
8.60
9.14
9.66
10.17
10.68
11.19
11.70
12.21
12.72
13.24
13.82
14.40
14.97
15.55
16.13
16.73
17.33
18.04
18.75
19.52
20.28
21.05
21.80
22.56
23.31
24.08
24.85
25.61
26.37
27.12
27.88
28.62
29.36
30.12
30.86
31.61
32.37
33.12
33.87
34.62
35.38
36.12
36.86
37.62
38.37
39.13
39.87
40.62
41.38
42.13
42.88
43.63
44.38
45.14
45.88
46.63
47.37
48.12
48.88
49.63
50.38
51.13
51.88
52.63
53.37
54.13
54.88
55.62
56.37
57.12
57.88
58.62
59.37
60.13
60.88
61.63
62.37
63.12
63.88
64.63
65.38
66.13
66.89
67.63
68.37
69.13
69.88
70.62
71.37
72.12
72.88
73.63
74.37
75.13
75.88
76.63
77.37
78.12
78.88
79.62
80.36
81.12
81.89
82.64
83.37
84.10
84.72
85.33
85.95
86.45
86.96
87.46
87.96
88.47
88.98
89.43
89.88
90.34
90.79
91.24
91.70
92.14
92.58
93.02
93.47
93.97
94.46
94.96
95.50
96.05
96.60
97.15
97.70
98.24
