# Beats
0.38
0.78
1.16
1.54
1.93
2.31
2.69
3.07
3.44
3.81
4.18
4.55
4.92
5.29
5.67
6.04
6.41
6.78
7.13
7.58
8.07
8.57
9.01
9.45
9.88
10.31
10.70
11.10
11.49
11.89
12.31
12.72
13.12
13.49
13.91
14.35
14.74
15.09
15.45
15.84
16.21
16.61
17.02
17.41
17.76
18.13
18.53
18.89
19.25
19.64
20.07
20.43
20.81
21.19
21.55
21.90
22.24
22.60
22.99
23.35
23.71
24.08
24.40
24.74
25.08
25.43
25.80
26.15
26.49
26.84
27.19
27.54
27.89
28.24
28.58
28.94
29.33
29.68
30.05
30.43
30.77
31.10
31.51
31.93
32.32
32.81
33.29
33.76
34.20
34.68
35.11
35.55
36.01
36.49
36.97
37.48
37.94
38.43
38.89
39.36
39.82
40.26
40.74
41.24
41.70
42.17
42.66
43.12
43.58
44.07
44.56
45.07
45.58
46.05
46.50
46.97
47.42
47.88
48.37
48.85
49.39
49.92
50.45
50.99
51.57
52.08
52.62
53.13
53.61
54.10
54.59
55.08
55.59
56.08
56.59
57.10
57.59
58.07
58.58
59.07
59.59
60.08
60.63
61.16
61.70
62.21
62.78
63.31
63.88
64.39
64.92
65.39
65.85
66.36
66.84
67.29
67.73
68.22
68.73
69.24
69.75
70.24
70.73
71.24
71.73
72.24
72.75
73.26
73.79
74.30
74.79
75.30
75.81
76.32
76.83
77.32
77.83
78.33
78.81
79.28
79.76
80.22
80.74
81.22
81.71
82.13
82.57
82.99
83.41
83.82
84.24
84.66
85.09
85.57
86.01
86.42
86.83
87.17
87.54
87.91
88.26
88.62
89.03
89.42
89.81
90.20
90.56
90.95
91.32
91.67
92.04
92.42
92.80
93.19
93.60
94.02
94.44
94.81
95.25
95.74
96.18
96.60
97.05
97.51
98.08
98.62
99.13
99.61
100.12
100.64
101.19
101.74
102.26
102.75
103.26
103.77
104.30
104.81
105.33
105.84
106.39
106.90
107.46
107.97
108.53
109.04
109.57
110.14
110.69
111.20
111.72
112.25
112.77
113.38
114.01
114.52
115.03
115.53
116.05
116.56
117.06
117.61
118.12
118.64
119.16
119.68
120.19
120.69
121.18
121.70
122.20
122.65
123.14
123.59
123.99
124.44
124.85
125.28
125.74
126.15
126.57
127.02
127.44
127.87
128.30
128.75
129.18
129.60
130.05
130.47
130.96
131.44
131.92
132.39
132.90
133.35
133.79
134.26
134.72
135.21
135.69
136.21
136.71
137.17
137.65
138.14
138.65
139.18
139.78
140.35
140.95
141.44
141.93
142.47
142.99
143.48
144.01
144.52
145.06
145.54
146.03
146.51
147.03
147.66
148.26
148.91
149.56
150.22
150.88
151.53
152.21
152.88
153.58
154.27
154.92
155.53
156.12
156.73
157.32
157.80
158.31
158.79
159.29
159.80
160.26
160.75
161.24
161.70
162.19
162.66
163.17
163.65
164.12
164.56
165.00
165.47
165.94
166.42
166.88
167.32
167.79
168.23
168.67
169.13
169.62
170.13
170.60
171.04
171.48
171.97
172.41
172.83
173.26
173.70
174.06
174.43
174.82
175.22
175.60
176.02
176.44
176.82
177.31
177.75
178.19
178.63
179.11
179.54
179.98
180.42
180.86
181.32
181.78
182.23
182.66
183.09
183.51
183.93
184.39
184.84
185.31
185.78
186.29
186.79
187.32
187.85
188.41
188.94
189.49
190.00
190.50
191.03
191.59
192.17
192.73
193.33
193.98
194.61
195.23
195.84
196.42
196.99
197.60
198.09
198.58
199.06
199.55
200.03
200.48
200.99
201.50
201.99
202.47
202.98
