# Beats
0.43
0.88
1.34
1.79
2.24
2.66
3.09
3.53
3.97
4.41
4.86
5.32
5.77
6.20
6.64
7.07
7.51
7.96
8.41
8.86
9.31
9.76
10.19
10.62
11.08
11.51
12.03
12.54
13.05
13.56
14.05
14.55
15.07
15.58
16.10
16.65
17.19
17.74
18.22
18.69
19.16
19.62
20.10
20.57
21.08
21.62
22.15
22.70
23.22
23.74
24.24
24.73
25.24
25.73
26.22
26.75
27.26
27.79
28.33
28.84
29.35
29.86
30.37
30.87
31.38
31.88
32.39
32.86
33.30
33.76
34.21
34.69
35.16
35.62
36.07
36.52
36.98
37.43
37.88
38.32
38.78
39.24
39.69
40.15
40.60
41.05
41.51
41.98
42.45
42.89
43.34
43.80
44.26
44.73
45.22
45.70
46.16
46.63
47.09
47.55
48.02
48.47
48.95
49.41
49.85
50.32
50.85
51.40
51.94
52.57
53.19
53.80
54.42
55.03
55.66
56.29
56.96
57.62
58.27
58.93
59.58
60.22
60.86
61.49
62.11
62.65
63.16
63.67
64.18
64.71
65.25
65.77
66.32
66.86
67.31
67.76
68.20
68.63
69.06
69.50
69.92
70.33
70.75
71.18
71.59
72.01
72.43
72.84
73.26
73.68
74.09
74.51
74.93
75.36
75.79
76.22
76.65
77.07
77.55
78.04
78.52
78.96
79.39
79.84
80.36
80.88
81.39
81.94
82.50
83.08
83.66
84.23
84.80
85.38
85.94
86.61
87.28
87.97
88.65
89.35
90.05
90.70
91.34
91.97
92.64
93.31
93.92
94.55
95.12
95.69
96.25
96.80
97.35
97.91
98.50
99.08
99.66
100.24
100.83
101.42
102.01
102.62
103.24
103.84
104.40
104.95
105.56
106.18
106.80
107.44
108.09
108.72
109.33
109.93
110.55
111.17
111.71
112.25
112.79
113.32
113.87
114.40
114.82
115.24
115.66
116.10
116.53
116.95
117.38
117.77
118.19
118.58
118.99
119.40
119.79
120.20
120.59
121.00
121.39
121.81
122.23
122.65
123.05
123.48
123.91
124.34
124.78
125.27
125.76
126.26
126.73
127.22
127.71
128.23
128.75
129.28
129.78
130.26
130.75
131.29
131.83
132.41
132.98
133.56
134.11
134.65
135.19
135.72
136.25
136.79
137.31
137.86
138.39
138.92
139.46
139.92
140.41
140.88
141.34
141.80
142.27
142.73
143.20
143.66
144.23
144.81
145.38
145.94
146.49
147.04
147.56
148.11
148.67
149.23
149.82
150.37
150.93
151.49
152.07
152.61
153.17
153.74
154.30
154.85
155.41
155.98
156.55
157.11
157.68
158.24
158.80
159.35
159.90
160.47
161.02
161.56
162.10
162.64
163.20
163.77
164.34
164.91
165.49
166.06
166.58
167.09
167.61
168.16
168.70
169.25
169.78
170.33
170.88
171.43
172.00
172.55
173.10
173.64
174.16
174.70
175.23
175.78
176.33
176.91
177.50
178.07
178.63
179.20
179.77
180.34
180.91
181.49
182.06
182.62
183.21
183.80
184.38
184.97
185.55
186.15
186.76
187.34
187.92
188.50
189.07
189.64
190.19
190.64
191.08
191.52
191.98
192.45
192.90
193.36
193.85
194.35
194.91
195.44
195.99
196.56
197.14
197.72
198.30
198.87
199.45
200.02
200.59
201.11
201.64
202.18
202.71
203.24
203.70
204.15
204.59
205.03
205.47
205.90
206.36
206.80
207.21
207.64
208.10
208.54
208.97
209.40
209.86
210.34
210.81
211.29
211.77
212.25
212.78
213.28
213.79
214.36
214.92
215.60
216.27
216.99
217.73
218.46
219.20
219.93
220.66
221.39
222.13
222.89
223.63
224.37
225.05
225.72
226.37
227.02
227.65
228.29
228.91
229.53
230.16
230.74
231.33
231.92
232.51
233.13
233.69
234.23
234.78
235.32
235.87
236.32
236.77
237.23
237.68
238.14
238.61
239.07
239.58
240.09
240.61
241.14
241.67
242.20
242.73
243.26
243.77
244.27
244.78
245.34
245.90
246.46
247.00
247.56
248.17
248.76
249.36
249.96
250.57
251.19
251.82
252.46
253.06
253.65
254.27
254.90
255.51
256.14
256.79
257.37
257.94
258.51
259.07
259.62
260.18
260.75
261.33
261.92
262.50
263.04
263.55
264.08
264.56
265.03
265.50
266.01
266.51
267.01
267.48
267.94
268.39
268.84
269.26
269.70
270.13
270.56
271.00
271.43
271.86
272.32
272.79
273.24
273.72
274.18
274.65
275.11
275.57
276.04
276.49
276.94
277.41
277.90
278.36
278.83
279.30
279.75
280.23
280.67
281.11
281.57
282.03
282.49
282.98
283.46
283.90
284.35
284.80
285.25
285.69
286.13
286.57
287.01
287.44
287.88
288.35
288.80
289.25
289.69
290.16
290.64
291.13
291.56
291.99
292.42
292.85
293.29
293.73
294.16
294.59
295.02
295.45
295.90
296.34
296.80
297.25
297.71
298.19
298.66
