# Beats
0.36
0.72
1.09
1.46
1.83
2.22
2.59
2.96
3.33
3.70
4.08
4.44
4.82
5.19
5.55
5.91
6.27
6.63
7.00
7.36
7.72
8.08
8.43
8.78
9.13
9.47
9.83
10.19
10.54
10.90
11.25
11.60
11.95
12.29
12.64
13.00
13.35
13.70
14.05
14.38
14.72
15.07
15.42
15.78
16.13
16.47
16.81
17.16
17.50
17.83
18.18
18.53
18.87
19.21
19.55
19.90
20.24
20.57
20.92
21.27
21.61
21.95
22.29
22.64
22.98
23.32
23.67
24.02
24.37
24.72
25.05
25.40
25.75
26.10
26.45
26.80
27.13
27.47
27.81
28.15
28.50
28.85
29.20
29.56
29.91
30.26
30.60
30.95
31.30
31.65
32.00
32.36
32.71
33.07
33.41
33.76
34.11
34.46
34.81
35.17
35.51
35.87
36.22
36.58
36.93
37.28
37.64
38.00
38.35
38.70
39.04
39.40
39.75
40.11
40.47
40.83
41.18
41.54
41.89
42.25
42.60
42.96
43.33
43.69
44.05
44.40
44.74
45.09
45.43
45.77
46.11
46.46
46.82
47.18
47.54
47.90
48.25
48.60
48.96
49.32
49.68
50.03
50.38
50.72
51.07
51.43
51.78
52.14
52.49
52.84
53.20
53.56
53.92
54.28
54.64
55.00
55.36
55.70
56.06
56.42
56.78
57.14
57.49
57.84
58.19
58.54
58.90
59.26
59.61
59.95
60.31
60.66
61.02
61.37
61.75
62.12
62.50
62.87
63.24
63.60
63.96
64.32
64.69
65.05
65.41
65.77
66.14
66.51
66.87
67.23
67.60
67.98
68.36
68.72
69.08
69.45
69.81
70.17
70.53
70.89
71.25
71.60
71.96
72.31
72.67
73.03
73.39
73.76
74.12
74.54
74.94
75.36
75.77
76.18
76.61
77.07
77.46
77.86
78.25
78.67
79.08
79.47
79.85
80.24
80.62
81.00
81.39
81.78
82.16
82.56
82.96
83.35
83.74
84.13
84.51
84.89
85.28
85.65
86.03
86.41
86.81
87.19
87.57
87.95
88.32
88.68
89.05
89.43
89.81
90.19
90.56
91.00
91.44
91.88
92.33
92.80
93.25
93.76
94.27
94.77
95.27
95.77
96.27
96.77
97.26
97.76
98.28
98.80
99.33
99.87
100.39
100.90
101.36
101.81
102.27
102.74
103.21
103.68
104.08
104.49
104.88
105.29
105.69
106.08
106.48
106.87
107.28
107.67
108.07
108.45
108.83
109.23
109.61
109.97
110.31
110.65
111.01
111.39
111.76
112.12
112.48
112.85
113.21
113.57
113.92
114.28
114.63
114.97
115.31
115.66
116.01
116.33
116.69
117.05
117.40
117.74
118.09
118.42
118.76
119.12
119.47
119.81
120.16
120.51
120.84
121.18
121.53
121.87
122.22
122.57
122.91
123.27
123.63
123.99
124.37
124.73
125.13
125.55
125.96
126.35
126.73
127.13
127.52
127.92
128.33
128.72
129.13
129.52
129.93
130.32
130.72
131.10
131.48
131.87
132.24
132.59
132.92
133.26
133.60
133.98
134.36
134.75
135.13
135.50
135.88
136.25
136.63
137.00
137.37
137.74
138.11
138.50
138.88
139.26
139.64
140.02
140.39
140.76
141.13
141.50
141.86
142.22
142.58
142.93
143.28
143.63
143.99
144.39
144.80
145.21
145.62
146.05
146.48
146.91
147.33
147.76
148.19
148.62
149.04
149.46
149.87
150.29
150.71
151.13
151.56
152.01
152.45
152.92
153.38
153.86
154.32
154.83
155.34
155.85
156.42
156.99
157.56
158.14
158.72
159.29
159.85
160.42
160.97
161.52
162.05
162.60
163.14
163.61
164.07
164.55
164.98
165.42
165.87
166.31
166.72
167.14
167.56
167.96
168.37
168.77
169.18
169.58
169.97
170.36
170.76
171.18
171.60
172.01
172.44
172.88
173.31
173.75
174.22
174.66
175.09
175.53
175.96
176.39
176.83
177.30
177.77
178.25
178.71
179.18
179.63
180.06
180.49
180.92
181.30
181.67
182.04
182.42
182.79
183.16
183.54
183.91
184.30
184.67
185.04
185.41
185.78
186.17
186.54
186.92
187.39
187.84
188.30
188.78
189.27
189.74
190.22
190.69
191.17
191.63
192.06
192.49
192.91
193.33
193.76
194.18
194.59
195.06
195.54
196.01
196.49
196.96
197.43
197.89
198.36
198.83
199.32
199.81
200.28
200.76
201.25
201.73
202.25
202.76
203.27
203.79
204.31
204.83
205.42
206.00
206.56
207.15
207.71
208.28
208.85
209.42
209.99
210.56
211.12
211.68
212.24
212.63
213.01
213.38
213.75
214.10
214.45
214.81
215.16
215.49
215.83
216.17
216.50
216.83
217.15
217.50
217.84
218.17
218.52
218.87
219.22
219.57
219.92
220.29
220.67
221.05
221.44
221.82
222.19
222.57
222.95
223.32
223.69
224.06
224.43
224.80
225.18
225.56
225.95
226.35
226.75
227.15
227.59
228.03
228.47
228.98
229.49
230.01
230.57
231.13
231.70
232.27
232.83
233.38
233.95
234.52
235.11
235.71
236.31
236.90
237.49
238.07
238.67
239.26
239.85
240.44
241.03
241.62
242.21
242.71
243.19
243.68
244.17
244.66
245.14
245.64
246.14
246.63
247.14
247.65
248.16
248.59
249.01
249.43
249.79
250.15
250.51
250.87
251.27
251.67
252.06
252.46
252.87
253.26
253.65
254.05
254.44
254.84
255.23
255.70
256.16
256.63
257.09
257.56
258.02
258.48
258.95
259.42
259.90
260.37
260.84
261.32
261.83
262.35
262.87
263.38
263.89
264.41
264.90
265.40
265.91
266.41
266.90
267.40
267.89
268.38
268.86
269.35
269.83
270.32
270.80
271.30
271.80
272.29
272.79
273.29
273.80
274.31
274.82
275.30
275.78
276.26
276.69
277.12
277.55
277.99
278.43
278.86
279.30
279.77
280.24
280.71
281.18
281.66
282.12
282.59
283.05
283.52
283.98
284.43
284.90
285.36
285.83
286.28
286.73
287.20
287.66
288.12
288.66
289.20
289.75
290.30
290.84
291.41
291.98
292.55
293.12
293.69
294.25
294.82
