# Beats
0.60
1.24
1.88
2.50
3.04
3.58
4.11
4.62
5.13
5.64
6.18
6.70
7.22
7.76
8.29
8.80
9.29
9.78
10.29
10.80
11.28
11.78
12.38
12.98
13.53
14.08
14.64
15.21
15.78
16.35
16.93
17.48
18.07
18.65
19.23
19.75
20.27
20.78
21.32
21.85
22.37
22.88
23.41
23.92
24.43
24.96
25.50
26.02
26.54
27.06
27.61
28.14
28.68
29.21
29.73
30.26
30.79
31.32
31.87
32.40
32.94
33.46
33.99
34.53
35.07
35.61
36.14
36.69
37.24
37.79
38.34
38.89
39.45
39.98
40.52
41.05
41.59
42.11
42.64
43.19
43.75
44.30
44.84
45.37
45.89
46.42
46.94
47.46
47.98
48.52
49.04
49.57
50.13
50.68
51.22
51.76
52.31
52.85
53.41
53.95
54.51
55.05
55.59
56.12
56.65
57.17
57.68
58.19
58.71
59.22
59.74
60.27
60.79
61.21
61.61
62.03
62.45
62.86
63.29
63.69
64.09
64.49
64.89
65.29
65.71
66.11
66.53
67.01
67.48
67.95
68.45
68.94
69.42
69.86
70.29
70.72
71.17
71.61
72.05
72.49
72.91
73.34
73.77
74.19
74.61
75.00
75.40
75.79
76.18
76.58
76.96
77.38
77.79
78.20
78.62
79.05
79.48
79.91
80.34
80.78
81.20
81.64
82.07
82.50
82.92
83.34
83.75
84.20
84.64
85.08
85.52
85.95
86.39
86.82
87.24
87.67
88.10
88.54
88.98
89.50
90.02
90.53
91.14
91.75
92.43
93.09
93.77
94.44
95.10
95.76
96.42
97.08
97.74
98.41
99.08
99.65
100.21
100.76
101.32
101.87
102.40
102.95
103.49
104.04
104.58
105.13
105.64
106.13
106.63
107.17
107.73
108.27
108.83
109.39
109.95
110.46
110.97
111.46
111.97
112.48
113.10
113.71
114.31
114.93
115.53
116.15
116.77
117.39
118.00
118.63
119.28
119.93
120.58
121.24
121.90
122.57
123.23
123.90
124.55
125.23
125.90
126.64
127.38
128.15
128.91
129.66
130.40
131.16
131.91
132.57
133.24
133.91
134.56
135.21
135.86
136.51
137.16
137.81
138.44
139.09
139.75
140.40
141.06
141.63
142.20
142.77
143.34
143.92
144.47
145.03
145.59
146.19
146.78
147.35
147.93
148.49
149.07
149.65
150.21
150.79
151.35
151.86
152.38
152.89
153.41
153.94
154.48
155.02
155.55
156.13
156.72
157.30
157.85
158.38
158.93
159.45
159.96
160.47
160.90
161.34
161.80
162.26
162.73
163.17
163.58
164.00
164.40
164.82
165.21
165.60
166.02
166.44
166.86
167.28
167.67
168.07
168.46
168.87
169.27
169.74
170.20
170.67
171.19
171.70
172.21
172.73
173.26
173.78
174.32
174.87
175.42
175.98
176.54
177.10
177.66
178.19
178.72
179.26
179.82
180.37
180.91
181.46
182.03
182.58
183.14
183.69
184.25
184.83
185.40
186.04
186.67
187.29
187.90
188.51
189.13
189.72
190.25
190.80
191.32
191.85
192.40
192.91
193.45
194.00
194.58
195.15
195.70
196.24
196.79
197.32
197.88
198.41
198.98
199.53
200.07
200.62
201.18
201.73
202.27
202.81
203.36
203.89
204.45
205.01
205.54
206.08
206.61
207.17
207.74
208.33
208.91
209.49
210.09
210.67
211.23
211.81
212.39
213.00
213.60
214.24
214.89
215.48
216.07
216.67
217.32
217.95
218.59
219.24
219.89
220.53
221.15
221.76
222.39
222.96
223.52
224.07
224.63
225.21
225.79
226.38
226.95
227.53
228.14
228.74
229.34
