# Beats
0.51
1.03
1.56
2.07
2.58
3.11
3.65
4.18
4.78
5.38
5.94
6.52
7.13
7.72
8.29
8.88
9.47
10.04
10.63
11.22
11.80
12.35
12.91
13.50
14.07
14.66
15.31
15.95
16.60
17.24
17.88
18.51
19.13
19.78
20.43
21.07
21.71
22.34
22.95
23.59
24.22
24.85
25.47
26.10
26.70
27.31
27.92
28.56
29.19
29.79
30.39
31.00
31.40
31.82
32.23
32.64
33.04
33.45
33.85
34.26
34.67
35.07
35.47
35.86
36.28
36.69
37.08
37.49
37.92
38.34
38.75
39.17
39.60
40.03
40.46
40.90
41.35
41.80
42.26
42.70
43.12
43.56
43.99
44.42
44.85
45.28
45.70
46.08
46.46
46.86
47.25
47.67
48.08
48.46
48.84
49.24
49.64
50.05
50.45
50.85
51.26
51.66
52.06
52.45
52.85
53.25
53.66
54.08
54.49
54.89
55.31
55.73
56.15
56.54
56.94
57.33
57.74
58.14
58.55
58.96
59.35
59.72
60.09
60.48
60.88
61.27
61.65
62.02
62.40
62.78
63.16
63.53
63.90
64.27
64.66
65.06
65.47
65.88
66.28
66.69
67.07
67.45
67.84
68.22
68.61
69.01
69.42
69.80
70.17
70.57
70.95
71.33
71.73
72.12
72.52
72.91
73.31
73.71
74.12
74.51
74.91
75.29
75.69
76.07
76.44
76.81
77.19
77.57
77.95
78.33
78.72
79.11
79.51
79.89
80.27
80.68
81.10
81.53
81.94
82.36
82.78
83.21
83.62
84.03
84.45
84.87
85.30
85.72
86.12
86.52
86.91
87.32
87.71
88.12
88.55
88.98
89.44
89.91
90.37
90.79
91.21
91.63
92.03
92.45
92.87
93.27
93.65
94.03
94.41
94.81
95.20
95.60
95.99
96.40
96.78
97.18
97.57
97.96
98.36
98.78
99.21
99.61
100.01
100.40
100.80
101.20
101.60
102.01
102.40
102.79
103.19
103.58
103.98
104.35
104.75
105.12
105.49
105.86
106.24
106.63
107.17
107.71
108.24
108.77
109.30
109.83
110.36
110.92
111.46
111.99
112.52
113.03
113.57
114.10
114.64
115.17
115.71
116.23
116.75
117.28
117.81
118.33
118.84
119.35
119.88
120.41
120.93
121.46
121.99
122.50
123.02
123.51
124.02
124.53
125.04
125.53
126.04
126.53
127.01
127.51
127.99
128.46
128.94
129.42
129.89
130.36
130.82
