# Beats
0.39
0.80
1.21
1.61
2.02
2.43
2.83
3.24
3.65
4.05
4.46
4.85
5.25
5.63
6.01
6.41
6.79
7.17
7.50
7.84
8.16
8.49
8.84
9.16
9.49
9.81
10.14
10.45
10.77
11.10
11.42
11.74
12.06
12.39
12.72
13.04
13.35
13.66
14.00
14.33
14.65
14.99
15.30
15.64
15.98
16.31
16.66
17.01
17.35
17.68
18.01
18.33
18.66
18.98
19.31
19.64
19.97
20.28
20.61
20.92
21.23
21.55
21.86
22.18
22.49
22.80
23.12
23.44
23.77
24.09
24.43
24.74
25.07
25.39
25.72
26.04
26.38
26.70
27.03
27.34
27.67
27.99
28.33
28.64
28.97
29.29
29.62
29.94
30.26
30.58
30.91
31.22
31.54
31.87
32.19
32.52
32.84
33.17
33.49
33.83
34.16
34.48
34.82
35.13
35.46
35.78
36.11
36.43
36.77
37.09
37.42
37.73
38.06
38.38
38.72
39.03
39.37
39.69
40.02
40.34
40.69
41.04
41.41
41.77
42.13
42.49
42.85
43.21
43.56
43.91
44.26
44.61
44.95
45.30
45.65
46.00
46.35
46.71
47.06
47.40
47.74
48.07
48.43
48.77
49.17
49.55
49.92
50.28
50.63
50.98
51.33
51.69
52.05
52.41
52.77
53.12
53.48
53.81
54.17
54.52
54.87
55.23
55.58
55.93
56.29
56.62
56.96
57.31
57.66
58.02
58.39
58.76
59.13
59.51
59.88
60.28
60.66
61.06
61.44
61.81
62.17
62.53
62.89
63.25
63.60
63.97
64.34
64.70
65.06
65.42
65.78
66.14
66.51
66.87
67.24
67.62
67.99
68.36
68.71
69.07
69.42
69.79
70.16
70.51
70.86
71.22
71.56
71.92
72.28
72.64
73.00
73.36
73.71
74.08
74.48
74.87
75.27
75.67
76.07
76.47
76.88
77.28
77.66
78.04
78.44
78.84
79.25
79.66
80.06
80.48
80.89
81.29
81.69
82.04
82.37
82.70
83.03
83.37
83.71
84.04
84.38
84.73
85.08
85.43
85.75
86.05
86.41
86.78
87.16
87.53
87.90
88.27
88.63
89.00
89.39
89.76
90.13
90.50
90.86
91.23
91.60
91.97
92.36
92.73
93.10
93.48
93.86
94.23
94.60
94.98
95.34
95.70
96.07
96.44
96.82
97.20
97.58
97.96
98.34
98.71
99.08
99.46
99.83
100.21
100.59
100.97
101.36
101.74
102.12
102.49
102.88
103.25
103.62
103.99
104.36
104.75
105.12
105.50
105.87
106.24
106.61
106.99
107.36
107.73
108.10
108.47
108.84
109.22
109.59
109.96
110.33
110.70
111.08
111.46
111.83
112.20
112.57
112.94
113.31
113.70
114.08
114.46
114.85
115.22
115.60
116.10
116.60
117.09
117.60
118.10
118.60
119.11
119.62
120.12
120.60
121.09
121.58
122.07
122.55
123.05
123.51
123.97
124.44
124.92
125.40
125.88
126.32
126.75
127.18
127.59
128.02
128.48
128.92
129.35
129.79
130.22
130.65
131.08
131.51
131.94
132.41
132.89
133.35
133.83
134.30
134.78
135.29
135.81
136.31
136.82
137.31
137.81
138.29
138.77
139.27
139.69
140.10
140.50
140.90
141.29
141.69
142.08
142.47
142.85
143.24
143.63
144.01
144.39
144.78
145.17
145.57
145.96
146.36
146.74
147.12
147.49
147.86
148.25
148.64
149.04
149.43
149.83
150.22
150.62
151.01
151.41
151.81
152.21
152.60
153.00
153.38
153.77
154.16
154.55
154.94
155.32
155.71
156.10
156.48
156.86
157.26
157.64
158.01
158.39
158.78
159.16
159.56
159.94
160.32
160.71
161.09
161.47
161.84
162.23
162.61
162.99
163.36
163.76
164.15
164.54
164.92
165.30
165.69
166.08
166.48
166.86
167.25
167.64
168.03
168.43
168.82
169.22
169.62
170.03
170.43
170.84
171.22
171.61
171.98
172.34
172.72
173.10
173.49
173.86
174.23
174.59
174.96
175.33
175.72
176.09
176.47
176.84
177.21
177.59
177.97
178.35
178.74
179.11
179.49
179.87
180.26
180.63
181.00
181.37
181.74
182.11
182.49
182.86
183.24
183.61
183.98
184.37
184.75
185.13
185.52
185.89
186.26
186.63
187.00
187.37
187.74
188.12
188.49
188.87
189.24
189.61
190.00
190.37
190.74
191.12
191.51
191.88
192.25
192.63
193.02
193.39
193.77
194.15
194.54
194.91
195.28
195.65
196.03
196.41
196.79
197.16
197.53
197.92
198.30
198.68
199.05
199.41
199.77
200.14
200.52
200.89
201.26
201.63
202.00
202.37
202.75
203.12
203.49
203.88
204.29
204.71
205.22
205.72
206.23
206.75
207.27
207.78
208.29
208.82
209.33
209.83
210.34
210.84
211.24
211.65
212.07
212.47
212.87
213.26
213.66
214.05
214.46
214.85
215.25
215.62
215.99
216.36
216.75
217.12
217.49
217.86
218.23
218.60
218.96
219.34
219.71
220.08
220.46
220.83
221.22
221.59
221.96
222.34
222.73
223.10
223.47
223.85
224.22
224.60
224.98
225.36
225.73
226.10
226.48
226.85
227.23
227.60
227.96
228.33
228.70
229.08
229.46
229.84
230.23
230.61
230.99
231.38
231.75
232.12
232.51
232.91
233.29
233.63
233.98
234.32
234.66
235.01
235.36
235.69
236.04
236.38
236.70
237.03
237.35
