# Beats
0.56
1.13
1.71
2.29
2.86
3.39
3.92
4.44
4.96
5.48
6.00
6.51
7.02
7.53
8.06
8.57
9.09
9.60
10.11
10.62
11.13
11.64
12.17
12.70
13.22
13.75
14.27
14.80
15.34
15.86
16.38
16.89
17.41
17.93
18.45
18.97
19.50
20.04
20.57
21.12
21.66
22.20
22.72
23.24
23.77
24.29
24.81
25.32
25.86
26.38
26.90
27.41
27.92
28.43
28.96
29.49
30.02
30.56
31.09
31.64
32.17
32.69
33.22
33.73
34.25
34.77
35.29
35.82
36.34
36.85
37.37
37.89
38.41
38.94
39.47
40.03
40.57
41.10
41.62
42.14
42.67
43.18
43.69
44.20
44.71
45.22
45.74
46.25
46.78
47.30
47.81
48.32
48.84
49.37
49.90
50.43
50.96
51.48
52.01
52.54
53.06
53.58
54.10
54.64
55.17
55.69
56.22
56.75
57.27
57.82
58.35
58.89
59.42
59.94
60.46
60.98
61.49
62.01
62.53
63.05
63.56
64.09
64.61
65.14
65.68
66.21
66.75
67.29
67.83
68.35
68.87
69.40
69.93
70.46
70.98
71.52
72.05
72.59
73.12
73.65
74.18
74.71
75.23
75.77
76.30
76.82
77.35
77.88
78.40
78.92
79.45
79.97
80.50
81.03
81.55
82.07
82.60
83.15
83.68
84.21
84.74
85.28
85.81
86.33
86.87
87.40
87.93
88.46
88.98
89.50
90.02
90.56
91.08
91.60
92.14
92.66
93.19
93.72
94.24
94.76
95.29
95.83
96.35
96.86
97.37
97.88
98.41
98.93
99.45
99.96
100.46
100.97
101.47
101.97
102.47
102.98
103.49
104.00
104.52
105.04
105.56
106.07
106.58
107.10
107.61
108.12
108.63
109.16
109.67
110.20
110.74
111.27
111.82
112.36
112.91
113.45
114.00
114.49
114.96
115.44
115.93
116.41
116.90
117.39
117.78
118.18
118.57
118.97
119.35
119.75
120.14
120.53
120.93
121.32
121.72
122.13
122.53
122.94
123.32
123.69
124.06
124.45
124.82
125.19
125.57
125.95
126.32
126.69
127.05
127.42
127.80
128.17
128.53
128.91
129.29
129.66
130.03
130.40
130.76
131.13
131.52
131.89
132.26
132.63
133.02
133.39
133.76
134.14
134.52
134.90
135.28
135.65
136.03
136.42
136.78
137.15
137.52
137.89
138.25
138.61
138.98
139.35
139.73
140.10
140.47
140.84
141.22
141.60
141.97
142.35
142.74
143.15
143.55
143.94
144.40
144.87
145.33
145.87
146.40
146.94
147.40
147.86
148.33
148.79
149.27
149.75
150.22
150.69
151.15
151.58
152.01
152.44
152.88
153.27
153.67
154.06
154.46
154.84
155.23
155.61
155.99
156.36
156.75
157.12
157.49
157.86
158.23
158.60
158.98
159.35
159.72
160.09
160.47
160.86
161.23
161.60
161.97
162.34
162.71
163.07
163.43
163.81
164.18
164.55
164.93
165.33
165.71
166.09
166.46
166.84
167.21
167.58
167.96
168.33
168.69
169.08
169.46
169.83
170.20
170.57
170.95
171.31
171.68
172.05
172.42
172.79
173.16
173.52
173.91
174.28
174.65
175.03
175.39
175.76
176.13
176.51
176.88
177.25
177.63
178.02
178.40
178.77
179.14
179.51
179.88
180.26
180.64
181.02
181.41
181.78
182.16
182.54
182.93
183.31
183.68
184.05
184.42
184.81
185.18
185.55
185.92
186.31
186.68
187.05
187.42
187.80
188.17
188.56
188.93
189.30
189.68
190.06
190.43
190.80
191.18
191.55
191.91
192.27
192.63
193.00
193.39
193.78
194.17
194.54
194.91
195.29
195.67
196.06
196.48
196.88
197.29
197.72
198.15
198.59
199.02
199.44
199.85
200.26
200.68
201.10
201.53
201.94
202.36
202.78
203.20
203.62
204.03
204.45
