# Beats
0.39
0.81
1.23
1.66
2.09
2.52
2.95
3.38
3.81
4.24
4.67
5.09
5.51
5.93
6.46
6.97
7.48
7.99
8.51
9.03
9.56
10.08
10.59
11.10
11.61
12.09
12.56
13.04
13.51
14.00
14.50
15.00
15.49
15.98
16.45
16.93
17.41
17.89
18.38
18.85
19.32
19.80
20.27
20.74
21.21
21.68
22.12
22.57
23.02
23.48
23.95
24.42
24.89
25.37
25.84
26.31
26.77
27.24
27.72
28.18
28.65
29.12
29.61
30.07
30.52
31.00
31.46
31.93
32.40
32.88
33.37
33.87
34.34
34.80
35.27
35.76
36.22
36.70
37.18
37.65
38.14
38.63
39.10
39.57
40.04
40.53
41.01
41.48
41.95
42.42
42.89
43.34
43.79
44.26
44.73
45.21
45.66
46.13
46.61
47.11
47.60
48.10
48.58
49.08
49.55
50.04
50.53
51.01
51.51
51.99
52.48
52.98
53.48
53.96
54.45
54.94
55.43
55.91
56.40
56.88
57.35
57.84
58.31
58.78
59.26
59.72
60.19
60.65
61.11
61.60
62.09
62.57
63.05
63.53
64.02
64.51
64.99
65.48
65.94
66.42
66.90
67.37
67.85
68.31
68.79
69.27
69.74
70.22
70.70
71.19
71.68
72.17
72.63
73.12
73.61
74.09
74.59
75.09
75.59
76.09
76.58
77.07
77.55
78.04
78.53
79.03
79.51
79.99
80.48
80.96
81.42
81.89
82.36
82.81
83.27
83.71
84.17
84.63
85.10
85.57
86.03
86.52
87.01
87.49
87.99
88.49
88.98
89.47
89.97
90.46
90.96
91.44
91.93
92.42
92.90
93.39
93.88
94.37
94.87
95.34
95.81
96.28
96.77
97.23
97.71
98.20
98.68
99.18
99.68
100.17
100.67
101.17
101.66
102.14
102.63
103.11
103.58
104.07
104.56
105.05
105.51
105.98
106.44
106.90
107.37
107.83
108.29
108.74
109.20
109.67
110.14
110.61
111.08
111.50
111.93
112.38
112.83
113.23
113.64
114.03
114.42
114.80
115.17
115.54
115.94
116.33
116.72
117.10
117.48
117.89
118.28
118.69
119.07
119.44
119.79
120.16
120.56
120.94
121.31
121.68
122.07
122.44
122.81
123.19
123.62
124.04
124.44
124.84
125.25
125.67
126.08
126.49
126.92
127.34
127.76
128.17
128.58
129.00
129.40
129.80
130.19
130.60
131.01
131.40
131.82
132.21
132.63
133.05
133.46
133.86
134.26
134.68
135.09
135.51
135.93
136.35
136.77
137.18
137.60
138.01
138.43
138.84
139.25
139.66
140.06
140.48
140.89
141.32
141.73
142.14
142.55
142.97
143.38
143.80
144.21
144.61
145.03
145.44
145.87
146.29
146.72
147.16
147.61
148.05
148.51
148.96
149.41
149.86
150.33
150.79
151.25
151.72
152.18
152.64
153.11
153.59
154.06
154.54
154.94
155.32
155.71
156.11
156.50
156.90
157.29
157.66
158.02
158.38
158.73
159.08
159.44
159.80
160.17
160.51
160.84
161.19
161.52
161.98
162.46
162.93
163.40
163.86
164.35
164.82
165.30
165.79
166.27
166.84
167.40
167.95
168.50
169.04
169.62
170.19
170.77
171.31
171.83
172.34
172.87
173.41
173.94
174.47
175.01
175.54
176.08
176.60
177.12
177.64
178.17
178.68
179.19
179.70
180.21
180.71
181.21
181.67
182.13
182.58
183.09
183.60
184.11
184.62
185.14
185.81
186.47
187.13
187.78
188.43
189.10
189.78
190.43
191.10
191.76
192.42
193.10
193.75
194.40
195.11
195.81
196.48
197.14
197.76
198.39
199.02
199.66
200.28
200.90
201.50
202.09
202.59
203.12
203.64
204.17
204.71
205.15
205.59
206.03
206.48
206.92
207.35
207.81
208.24
208.68
209.12
209.59
210.06
210.54
211.07
211.60
212.14
212.66
213.18
213.68
214.18
214.71
215.24
215.74
216.22
216.70
217.15
217.61
218.08
218.56
219.03
219.52
220.04
220.59
221.12
221.68
222.24
222.78
223.31
223.84
224.36
224.90
225.42
225.93
226.45
226.98
227.45
227.90
228.38
228.86
229.33
229.81
230.30
230.78
231.27
231.76
232.18
232.61
233.04
233.45
233.87
234.30
234.73
235.10
235.49
235.86
236.24
236.61
236.98
237.35
237.75
238.12
238.49
238.84
239.19
239.54
239.89
240.23
240.57
240.92
241.28
241.63
241.98
242.35
242.69
243.08
243.46
243.81
244.18
244.53
244.91
245.39
245.85
246.32
246.92
247.52
248.13
248.76
249.37
249.99
250.61
251.24
251.86
252.47
253.07
253.69
254.28
254.89
255.48
256.07
256.65
257.24
257.83
258.43
259.02
259.63
260.23
260.82
261.42
262.01
262.61
263.11
263.60
264.13
264.56
264.97
265.38
265.80
266.19
266.59
266.99
267.38
267.77
268.14
268.53
268.91
269.31
269.70
270.08
270.47
270.86
271.24
271.65
272.07
272.49
272.90
273.32
273.74
274.16
274.55
274.95
275.34
275.74
276.12
276.50
276.90
277.27
277.65
278.05
278.43
278.83
279.22
279.73
280.24
280.75
281.27
281.80
282.33
282.82
283.30
283.77
284.28
284.80
285.34
285.87
286.39
286.98
287.54
288.11
288.69
289.23
289.81
290.38
290.95
291.55
292.13
292.72
293.29
293.86
294.41
294.96
295.52
296.10
296.68
297.27
297.87
298.46
299.05
