# Beats
0.49
0.99
1.47
1.96
2.46
2.95
3.44
3.95
4.45
4.93
5.43
5.93
6.36
6.79
7.21
7.63
8.03
8.45
8.87
9.23
9.59
9.95
10.31
10.70
11.09
11.47
11.85
12.25
12.64
13.04
13.43
13.83
14.22
14.62
15.03
15.45
15.86
16.27
16.66
17.07
17.47
17.87
18.27
18.66
19.03
19.41
19.80
20.18
20.57
20.96
21.34
21.71
22.08
22.47
22.86
23.25
23.65
24.03
24.40
24.79
25.17
25.57
25.96
26.35
26.74
27.11
27.48
27.86
28.25
28.63
29.02
29.41
29.80
30.19
30.57
30.96
31.36
31.75
32.14
32.53
32.91
33.31
33.69
34.06
34.46
34.86
35.28
35.68
36.07
36.47
36.87
37.30
37.70
38.09
38.48
38.87
39.26
39.66
40.05
40.44
40.82
41.20
41.59
41.97
42.35
42.74
43.12
43.51
43.90
44.28
44.66
45.06
45.45
45.85
46.23
46.61
47.00
47.39
47.79
48.18
48.58
48.96
49.34
49.73
50.12
50.52
50.92
51.32
51.70
52.09
52.48
52.87
53.27
53.66
54.06
54.44
54.83
55.23
55.62
56.03
56.42
56.82
57.21
57.62
58.00
58.40
58.80
59.20
59.59
59.99
60.38
60.77
61.14
61.52
61.92
62.30
62.67
63.05
63.44
63.81
64.18
64.56
64.95
65.33
65.71
66.08
66.47
66.85
67.24
67.64
68.02
68.41
68.79
69.17
69.54
69.93
70.32
70.70
71.09
71.48
71.87
72.25
72.63
73.02
73.41
73.80
74.20
74.59
75.00
75.41
75.80
76.17
76.54
76.92
77.30
77.67
78.05
78.43
78.81
79.19
79.56
79.95
80.32
80.69
81.05
81.42
81.80
82.19
82.58
82.96
83.35
83.74
84.14
84.53
84.93
85.32
85.72
86.11
86.49
86.87
87.24
87.62
87.99
88.39
88.77
89.15
89.62
90.07
90.53
91.01
91.49
91.96
92.51
93.05
93.60
94.10
94.59
95.09
95.46
95.83
96.20
96.58
96.98
97.37
97.77
98.16
98.56
98.95
99.35
99.74
100.14
100.53
100.93
101.34
101.75
102.17
102.61
103.04
103.46
103.87
104.29
104.71
105.13
105.55
105.99
106.42
106.84
107.25
107.68
108.12
108.58
109.03
109.48
109.92
110.45
110.97
111.50
112.04
112.56
113.08
113.60
114.13
114.51
114.89
115.26
115.65
116.03
116.41
116.81
117.20
117.57
117.95
118.32
118.69
119.05
119.42
119.78
120.14
120.51
120.88
121.24
121.61
122.00
122.38
122.76
123.15
123.59
124.03
124.47
124.91
125.35
125.79
126.24
126.68
127.12
127.55
128.05
128.56
129.07
129.61
130.16
130.71
131.25
131.81
132.35
132.90
133.43
133.96
134.49
135.02
135.55
136.07
136.59
137.21
137.82
138.50
139.17
139.84
140.52
141.21
141.92
142.63
143.34
144.04
144.75
145.46
146.19
146.92
147.64
148.38
149.13
149.87
150.62
151.36
152.10
152.86
153.61
154.37
155.04
155.70
156.32
156.93
157.56
158.19
158.81
159.45
160.08
160.72
161.36
162.01
162.63
163.26
163.90
164.52
165.13
165.73
166.34
166.94
167.54
168.15
168.75
169.35
169.94
170.52
171.11
171.70
172.29
172.78
173.26
173.74
174.23
174.71
175.18
175.66
176.12
176.60
177.06
177.53
178.00
178.48
178.96
179.43
179.90
180.36
180.83
181.29
181.77
182.25
182.74
183.19
183.65
184.09
184.59
185.09
185.59
186.07
186.56
187.05
187.56
188.06
188.56
189.08
189.60
190.12
190.65
191.17
191.69
192.20
192.71
193.21
193.71
194.21
194.71
195.21
195.71
196.22
196.73
197.24
197.75
198.26
198.77
199.17
199.58
199.98
200.38
200.74
201.10
201.46
201.82
202.16
202.51
202.86
203.21
203.56
203.89
204.24
204.60
204.96
205.32
205.68
206.04
206.41
206.77
207.13
