# Beats
0.78
1.57
2.36
3.16
3.96
4.77
5.60
6.41
7.22
8.03
8.85
9.60
10.37
11.12
11.88
12.53
13.18
13.84
14.50
15.12
15.73
16.34
16.93
17.52
18.10
18.68
19.26
19.83
20.40
20.97
21.54
22.11
22.69
23.25
23.90
24.54
25.19
25.82
26.45
27.03
27.61
28.19
28.77
29.34
29.92
30.49
31.07
31.66
32.24
32.69
33.12
33.55
34.01
34.37
34.74
35.11
35.48
35.85
36.22
36.59
36.97
37.34
37.71
38.09
38.46
38.85
39.24
39.64
40.03
40.43
40.79
41.17
41.55
41.90
42.25
42.60
42.95
43.29
43.65
44.00
44.36
44.73
45.10
45.48
45.86
46.30
46.73
47.16
47.65
48.13
48.62
49.23
49.82
50.42
51.08
51.73
52.38
53.03
53.67
54.31
54.96
55.61
56.25
56.80
57.34
57.89
58.47
59.05
59.57
60.09
60.62
61.07
61.52
61.96
62.40
62.76
63.14
63.51
63.88
64.25
64.61
64.98
65.35
65.72
66.10
66.47
