# Beats
0.71
1.43
2.16
2.88
3.61
4.34
5.02
5.70
6.37
7.04
7.71
8.36
9.01
9.65
10.29
10.92
11.55
12.20
12.86
13.55
14.22
14.90
15.58
16.27
16.95
17.64
18.37
19.11
19.90
20.69
21.47
22.23
22.87
23.56
24.18
24.81
25.43
26.04
26.66
27.27
27.89
28.46
29.02
29.59
30.16
30.73
31.29
31.85
32.40
32.96
33.52
34.04
34.56
35.10
35.62
36.07
36.50
36.94
37.37
37.80
38.23
38.67
39.13
39.57
40.02
40.43
40.83
41.23
41.61
42.00
42.39
42.77
43.13
43.50
43.87
44.25
44.64
45.05
45.45
45.85
46.27
46.67
47.08
47.50
48.05
48.61
49.16
49.70
50.24
50.78
51.33
51.90
52.45
53.01
53.52
54.04
54.57
55.09
55.61
56.13
56.65
57.17
57.69
58.21
58.73
59.25
59.79
60.34
60.88
61.36
61.83
62.31
62.75
63.19
63.63
64.05
64.46
64.86
65.39
65.91
66.43
66.94
67.45
67.96
68.67
69.38
70.05
70.72
71.39
72.05
72.71
73.34
73.99
74.64
75.29
76.01
76.72
77.42
78.11
78.82
79.52
80.21
80.91
81.62
82.34
83.06
83.78
84.49
85.22
85.95
86.69
87.42
88.14
88.86
89.62
90.37
91.13
91.88
92.60
93.32
94.01
94.69
95.42
96.15
96.87
97.59
98.32
99.07
99.79
100.51
101.18
101.84
102.53
103.21
103.90
104.57
105.24
105.95
106.65
107.35
108.03
108.72
109.39
110.07
110.75
111.42
112.11
112.79
113.48
114.15
114.83
115.54
116.24
116.94
117.62
118.29
118.97
119.65
120.34
121.12
121.86
122.58
123.29
124.01
124.73
125.45
126.17
126.76
127.36
127.97
128.57
129.17
129.78
130.39
130.97
131.55
132.13
132.73
133.31
133.86
134.43
134.99
135.55
136.12
136.68
137.15
137.62
138.10
138.48
138.87
139.25
139.63
140.00
140.38
