# Beats
0.45
0.92
1.38
1.85
2.31
2.77
3.19
3.62
4.05
4.47
4.89
5.31
5.72
6.12
6.50
6.88
7.28
7.66
8.06
8.44
8.82
9.21
9.59
9.97
10.36
10.75
11.13
11.52
11.90
12.29
12.68
13.07
13.46
13.84
14.23
14.62
15.00
15.38
15.77
16.15
16.53
16.93
17.32
17.71
18.10
18.48
18.87
19.25
19.63
20.02
20.40
20.79
21.19
21.57
21.97
22.35
22.74
23.14
23.53
23.94
24.36
24.78
25.18
25.59
25.99
26.39
26.78
27.17
27.55
27.93
28.32
28.70
29.08
29.47
29.86
30.24
30.63
31.01
31.38
31.76
32.15
32.52
32.93
33.32
33.70
34.09
34.47
34.86
35.25
35.63
36.01
36.41
36.79
37.18
37.56
37.95
38.34
38.73
39.13
39.51
39.90
40.29
40.66
41.04
41.42
41.81
42.20
42.60
42.99
43.39
43.79
44.20
44.62
45.04
45.43
45.82
46.23
46.63
47.02
47.43
47.84
48.25
48.67
49.12
49.57
50.04
50.48
50.93
51.36
51.83
52.24
52.66
53.08
53.49
53.88
54.28
54.67
55.11
55.55
55.99
56.44
56.84
57.25
57.66
58.03
58.41
58.78
59.16
59.56
59.94
60.33
60.72
61.10
61.50
61.88
62.28
62.67
63.07
63.46
63.84
64.23
64.61
65.00
65.40
65.78
66.17
66.56
66.94
67.33
67.71
68.10
68.49
68.88
69.27
69.66
70.03
70.41
70.80
71.18
71.56
71.94
72.32
72.70
73.08
73.47
73.85
74.23
74.62
75.01
75.40
75.78
76.16
76.54
76.93
77.32
77.71
78.09
78.47
78.87
79.25
79.64
80.03
80.41
80.79
81.19
81.58
81.98
82.36
82.74
83.13
83.50
83.88
84.28
84.66
85.05
85.44
85.82
86.20
86.59
86.97
87.35
87.75
88.13
88.50
88.89
89.26
89.64
90.01
90.40
90.78
91.16
91.56
91.95
92.35
92.73
93.12
93.52
93.91
94.30
94.69
95.07
95.47
95.85
96.25
96.65
97.06
97.44
97.83
98.21
98.59
98.98
99.36
99.74
100.14
100.52
100.90
101.29
101.67
102.05
102.42
102.82
103.20
103.58
103.98
104.36
104.75
105.13
105.51
105.89
106.28
106.67
107.06
107.45
107.83
108.22
108.59
108.97
109.37
109.76
110.16
110.54
110.92
111.30
111.69
112.07
112.45
112.84
113.22
113.59
113.98
114.35
114.73
115.11
115.51
115.89
116.29
116.68
117.06
117.45
117.84
118.24
118.62
119.00
119.39
119.77
120.16
120.56
120.95
121.35
121.73
122.11
122.49
122.87
123.24
123.62
124.02
124.41
124.81
125.19
125.57
125.96
126.34
126.73
127.13
127.52
127.91
128.29
128.67
129.06
129.43
129.81
130.19
130.58
130.96
131.34
131.74
132.13
132.53
132.91
133.29
133.69
134.07
134.46
134.84
135.22
135.62
136.01
136.39
136.78
137.16
137.56
137.94
138.32
138.70
139.09
139.48
139.87
140.26
140.64
141.03
141.41
141.80
142.20
142.58
142.97
143.35
143.73
144.13
144.51
144.90
145.30
145.71
146.11
146.54
146.96
147.38
147.77
148.17
148.55
148.93
149.33
149.72
150.12
150.51
150.89
151.28
151.66
152.06
152.44
152.83
153.22
153.60
153.98
154.37
154.76
155.14
155.54
155.93
156.32
156.71
157.09
157.49
157.86
158.24
158.63
159.01
159.39
159.79
160.19
160.60
161.01
161.41
161.81
162.20
162.60
162.98
163.35
163.74
164.12
164.50
164.87
165.26
165.65
166.03
166.42
166.80
167.20
167.59
167.98
168.38
168.77
169.16
169.54
169.92
170.32
170.70
171.08
171.48
171.86
172.25
172.62
173.00
173.40
173.79
174.17
174.57
174.95
175.35
175.73
176.11
176.49
176.88
177.26
177.64
178.02
178.40
178.77
179.15
179.54
179.92
180.29
180.66
181.05
181.43
181.81
182.21
182.60
182.98
183.37
183.75
184.13
184.53
184.90
185.28
185.67
186.05
186.43
186.82
187.20
187.58
187.97
188.35
188.73
189.11
189.50
189.89
190.29
190.67
191.07
191.45
191.84
192.23
192.61
192.99
193.39
193.78
194.18
194.57
194.99
195.40
195.79
196.21
196.61
197.01
197.39
197.78
198.17
198.57
198.95
199.33
199.71
200.16
200.60
201.03
201.46
201.89
202.30
202.72
203.14
203.56
203.98
