# Beats
0.55
1.10
1.65
2.19
2.75
3.31
3.88
4.46
5.04
5.61
6.20
6.78
7.36
7.84
8.32
8.81
9.31
9.81
10.32
10.83
11.34
11.85
12.33
12.79
13.27
13.63
13.99
14.35
14.71
15.12
15.53
15.95
16.37
16.79
17.21
17.57
17.98
18.40
18.82
19.24
19.66
20.09
20.51
20.99
21.46
21.93
22.55
23.17
23.79
24.40
25.02
25.63
26.26
26.85
27.46
28.06
28.65
29.25
29.84
30.43
31.01
31.59
32.17
32.73
33.29
33.84
34.42
35.00
35.57
36.21
36.85
37.50
38.14
38.77
39.39
40.02
40.66
41.31
41.89
42.48
43.10
43.70
44.30
44.83
45.35
45.87
46.31
46.74
47.17
47.60
48.03
48.43
48.83
49.24
49.64
50.07
50.50
50.93
51.37
51.80
52.23
52.67
53.12
53.56
54.00
54.44
54.87
55.28
55.67
56.06
56.46
56.88
57.30
57.71
58.13
58.55
58.97
59.37
59.78
60.17
60.58
60.98
61.38
61.80
62.21
62.61
63.03
63.46
63.88
64.27
64.67
65.05
65.43
65.83
66.21
66.61
66.99
67.38
67.77
68.15
68.57
68.97
69.38
69.85
70.29
70.73
71.17
71.61
72.04
72.47
72.90
73.34
73.77
74.21
74.55
74.90
75.26
75.62
75.98
76.32
76.67
77.02
77.37
77.71
78.04
78.37
78.69
79.03
79.35
79.69
80.02
80.34
80.67
80.99
81.32
81.65
81.98
82.30
82.63
82.94
83.26
83.58
83.91
84.27
84.61
84.97
85.33
85.70
86.08
86.48
86.89
87.30
87.72
88.17
88.61
89.05
89.49
89.91
90.33
90.73
91.15
91.57
91.99
92.42
92.84
93.26
93.81
94.38
94.93
95.53
96.12
96.71
97.30
97.91
98.49
99.09
99.74
100.40
101.05
101.72
102.37
102.91
103.46
104.01
104.49
104.95
105.42
105.86
106.29
106.73
107.16
107.60
108.02
108.44
108.86
109.26
109.67
110.07
110.47
110.88
111.28
111.68
112.07
112.47
112.86
113.24
113.64
114.03
114.43
114.80
115.18
115.57
115.94
116.32
116.70
117.09
117.46
117.83
118.20
118.57
118.94
119.30
119.66
120.01
120.36
120.73
121.10
121.49
121.86
122.23
122.60
122.98
123.47
123.95
124.42
124.90
125.36
125.82
126.28
126.73
127.18
127.64
128.10
128.56
129.01
129.46
129.92
130.36
130.81
131.26
131.72
132.17
132.55
132.93
133.31
133.68
134.08
134.49
134.88
135.29
135.70
136.10
136.51
136.92
137.32
137.73
138.12
138.53
138.94
139.34
139.74
140.14
140.55
140.96
141.37
141.79
142.21
142.62
143.02
143.44
143.85
144.25
144.66
145.07
145.47
145.88
146.27
146.68
147.09
147.49
147.90
148.29
148.71
149.12
149.54
149.94
150.35
150.77
151.17
151.58
151.99
152.40
152.81
153.22
153.62
154.02
154.42
154.83
155.24
155.65
156.12
156.58
157.05
157.51
157.99
158.46
158.94
159.42
159.89
160.38
160.86
161.33
161.79
162.25
162.71
163.19
163.69
164.19
164.70
165.24
165.80
166.34
166.88
167.43
167.98
168.53
169.09
169.63
170.19
170.75
171.31
171.86
172.42
172.99
173.55
174.10
174.66
175.22
175.80
176.38
176.98
177.59
178.19
178.81
179.42
179.95
180.48
181.00
181.53
182.06
182.58
183.18
183.79
184.45
185.11
185.76
186.41
187.07
187.65
188.23
188.82
189.43
190.03
190.59
191.14
191.68
192.31
192.93
193.57
194.20
194.84
195.47
196.10
196.74
197.39
198.00
198.60
199.22
199.83
200.45
201.06
201.68
202.28
202.88
203.49
204.09
204.71
205.30
205.89
206.48
207.09
207.69
208.29
208.90
209.50
210.11
