# Beats
0.44
0.89
1.35
1.81
2.28
2.73
3.20
3.67
4.13
4.60
5.07
5.55
6.01
6.49
6.95
7.42
7.93
8.43
9.08
9.73
10.37
11.01
11.66
12.31
12.96
13.61
14.26
14.91
15.56
16.21
16.86
17.51
18.16
18.81
19.46
20.11
20.77
21.43
22.09
22.76
23.42
24.07
24.71
25.34
25.98
26.61
27.25
27.89
28.51
29.15
29.79
30.44
31.09
31.75
32.42
33.08
33.74
34.39
35.04
35.68
36.32
36.95
37.59
38.23
38.87
39.51
40.16
40.81
41.46
42.10
42.74
43.37
44.01
44.65
45.30
45.95
46.60
47.25
47.90
48.54
49.19
49.84
50.49
51.14
51.79
52.44
53.09
53.74
54.39
55.04
55.69
56.34
56.99
57.64
58.31
58.97
59.61
60.26
60.91
61.56
62.19
62.83
63.47
64.11
64.74
65.36
66.01
66.65
67.29
67.93
68.57
69.22
69.87
70.52
71.18
71.84
72.49
73.14
73.79
74.44
75.09
75.74
76.39
77.04
77.69
78.34
78.98
79.62
80.27
80.92
81.58
82.23
82.88
83.43
83.96
84.50
85.04
85.59
86.13
86.69
87.24
87.78
88.33
88.87
89.42
89.97
90.51
91.16
91.81
92.46
93.11
93.77
94.44
95.10
95.75
96.40
97.05
97.70
98.36
99.01
99.66
100.31
100.96
101.44
101.91
102.39
102.86
103.34
103.82
104.29
104.77
105.24
105.73
106.23
106.73
107.25
107.78
108.30
108.86
109.41
109.96
110.45
110.93
111.46
111.97
112.48
112.98
113.48
113.98
114.47
115.01
115.54
