# Beats
0.39
0.80
1.21
1.61
2.02
2.43
2.83
3.24
3.65
4.09
4.49
4.90
5.29
5.69
6.14
6.58
7.05
7.52
7.99
8.45
8.93
9.40
9.85
10.29
10.73
11.17
11.61
12.05
12.49
12.93
13.34
13.78
14.21
14.63
15.05
15.45
15.86
16.28
16.68
17.07
17.46
17.86
18.26
18.67
19.06
19.46
19.85
20.25
20.67
21.06
21.48
21.87
22.28
22.66
23.06
23.45
23.85
24.25
24.66
25.03
25.44
25.82
26.22
26.60
26.98
27.38
27.77
28.17
28.56
28.96
29.36
29.74
30.14
30.52
30.92
31.29
31.67
32.06
32.44
32.82
33.22
33.62
34.04
34.45
34.85
35.25
35.64
36.04
36.41
36.78
37.15
37.50
37.89
38.29
38.71
39.15
39.57
39.98
40.54
41.11
41.70
42.28
42.86
43.53
44.16
44.80
45.44
46.07
46.71
47.36
47.95
48.53
49.04
49.53
50.02
50.52
51.01
51.50
51.99
52.49
52.99
53.49
53.91
54.33
54.76
55.17
55.58
55.98
56.40
56.82
57.21
57.62
58.03
58.43
58.85
59.27
59.65
60.05
60.43
60.81
61.20
61.57
61.95
62.35
62.73
63.12
63.53
63.92
64.31
64.68
65.06
65.43
65.81
66.18
66.55
66.92
67.31
67.71
68.08
68.45
68.80
69.16
69.54
69.92
70.29
70.66
71.02
71.38
71.73
72.07
72.42
72.77
73.12
73.47
73.84
74.19
74.51
74.86
75.21
75.56
75.91
76.25
76.60
76.95
77.33
77.72
78.10
78.46
78.82
79.18
79.55
79.90
80.26
80.62
80.97
81.32
81.65
81.99
82.34
82.70
83.03
83.38
83.74
84.08
84.43
84.78
85.12
85.46
85.80
86.12
86.45
86.80
87.13
87.48
87.82
88.14
88.47
88.79
89.12
89.47
89.81
90.14
90.49
90.84
91.18
91.56
91.90
92.26
92.65
93.02
93.39
93.74
94.09
94.44
94.78
95.12
95.46
95.81
96.13
96.47
96.79
97.12
97.45
97.79
98.16
98.51
98.87
99.23
99.66
100.10
100.53
100.97
101.42
101.84
102.24
102.66
103.10
103.54
103.98
104.44
104.91
105.52
106.14
106.74
107.36
107.96
108.55
109.18
109.78
110.41
111.01
111.61
112.22
112.85
113.48
114.09
114.71
115.33
115.94
116.56
117.17
117.78
118.40
119.01
119.62
120.23
120.81
121.39
121.97
122.55
123.14
123.72
124.30
124.91
125.53
126.13
126.76
127.38
128.03
128.68
129.34
129.99
130.62
131.22
131.82
132.42
133.03
133.62
134.22
134.84
135.43
136.02
136.60
137.21
137.81
138.39
138.99
139.60
139.99
140.41
140.83
141.25
141.66
142.08
142.50
142.92
143.34
143.75
144.15
144.57
144.96
145.37
145.79
146.22
146.65
147.08
147.50
147.92
148.35
148.77
149.16
149.56
149.95
150.35
150.74
151.14
151.55
151.96
152.37
152.76
153.16
153.57
153.97
154.37
154.76
155.18
155.59
156.00
156.43
156.86
157.28
157.69
158.08
158.50
158.92
159.35
159.78
160.22
160.68
161.15
161.61
162.09
162.55
163.03
163.56
164.07
164.58
165.08
165.58
166.07
166.57
167.07
167.57
168.09
168.62
169.13
169.64
170.16
170.68
171.20
171.70
172.20
172.70
173.20
173.69
174.17
174.70
175.22
175.75
176.30
176.82
177.32
177.81
178.31
178.81
179.30
179.80
180.33
180.84
181.34
181.86
182.37
182.88
183.40
183.93
184.45
184.97
185.48
185.98
186.50
187.00
187.51
188.01
188.52
189.03
189.54
190.04
190.57
191.08
191.60
192.12
192.64
193.14
193.68
194.21
194.72
195.22
195.74
196.24
196.74
197.23
197.73
198.23
198.74
199.25
199.76
200.27
200.78
201.29
201.80
202.30
202.83
203.34
203.85
204.36
204.87
205.40
205.94
206.63
207.34
208.03
208.72
209.42
210.06
210.69
211.32
211.96
212.64
213.31
213.98
214.65
215.31
216.00
216.70
217.41
218.12
218.82
219.53
220.24
220.95
