# Beats
0.56
1.13
1.70
2.25
2.82
3.37
3.91
4.48
5.05
5.60
6.16
6.73
7.31
7.88
8.45
9.03
9.61
10.19
10.77
11.35
11.95
12.54
13.12
13.68
14.23
14.81
15.37
15.95
16.52
17.10
17.67
18.24
18.81
19.39
19.97
20.55
21.13
21.71
22.28
22.84
23.39
23.96
24.54
25.12
25.69
26.27
26.84
27.40
27.96
28.53
29.11
29.69
30.27
30.84
31.39
31.97
32.55
33.13
33.72
34.28
34.85
35.42
36.00
36.57
37.14
37.71
38.28
38.85
39.42
40.00
40.58
41.16
41.73
42.30
42.88
43.47
44.05
44.63
45.21
45.78
46.35
46.92
47.48
48.04
48.61
49.19
49.76
50.33
50.90
51.48
52.06
52.64
53.21
53.79
54.36
54.94
55.52
56.10
56.67
57.24
57.79
58.36
58.93
59.51
60.08
60.64
61.21
61.79
62.37
62.93
63.49
64.08
64.64
65.21
65.78
66.34
66.92
67.48
68.05
68.61
69.18
69.75
70.33
70.90
71.47
72.04
72.61
73.19
73.77
74.35
74.93
75.51
76.09
76.67
77.25
77.82
78.39
78.97
79.55
80.13
80.71
81.29
81.90
82.51
83.13
83.74
84.36
84.99
85.61
86.23
86.84
