# Beats
0.37
0.74
1.11
1.49
1.92
2.30
2.68
3.08
3.46
3.83
4.23
4.62
5.02
5.41
5.80
6.19
6.57
6.97
7.35
7.74
8.13
8.52
8.90
9.28
9.65
10.03
10.43
10.82
11.20
11.61
11.99
12.36
12.75
13.12
13.50
13.89
14.28
14.70
15.09
15.49
15.88
16.30
16.72
17.12
17.53
17.93
18.32
18.72
19.11
19.52
19.91
20.31
20.71
21.11
21.50
21.90
22.28
22.64
22.99
23.32
23.66
24.01
24.36
24.71
25.05
25.43
25.77
26.15
26.53
26.90
27.26
27.63
28.00
28.35
28.70
29.08
29.45
29.91
30.34
30.77
31.25
31.72
32.18
32.67
33.13
33.62
34.09
34.55
34.99
35.43
35.90
36.36
36.82
37.27
37.73
38.15
38.57
38.96
39.37
39.78
40.22
40.65
41.09
41.49
41.91
42.35
42.77
43.21
43.65
44.11
44.56
44.90
45.27
45.63
45.99
46.32
46.65
47.00
47.32
47.65
47.98
48.31
48.63
49.05
49.46
49.88
50.26
50.67
51.08
51.50
51.91
52.34
52.78
53.17
53.57
53.95
54.32
54.71
55.05
55.39
55.76
56.15
56.55
56.96
57.33
57.71
58.11
58.49
58.87
59.23
59.61
60.00
60.40
60.79
61.21
61.60
62.01
62.43
62.86
63.27
63.68
64.10
64.52
64.92
65.33
65.69
66.08
66.48
66.91
67.34
67.74
68.15
68.59
69.06
69.52
70.17
70.83
71.52
72.14
72.77
73.36
73.98
74.45
74.98
75.49
76.00
76.53
77.09
77.66
78.23
78.79
79.34
79.90
80.46
81.01
81.56
82.11
82.65
83.22
83.78
84.33
84.88
85.43
85.96
86.49
87.04
87.54
88.05
88.58
89.09
89.63
90.14
90.63
91.14
91.65
92.16
92.69
93.20
93.69
94.20
94.75
95.27
95.81
96.32
96.85
97.36
97.87
98.41
98.91
99.43
99.93
100.45
100.96
101.47
101.99
102.49
103.00
103.51
104.03
104.54
105.05
105.53
106.03
106.53
107.02
107.51
108.00
108.48
108.95
109.44
109.90
110.29
110.72
111.17
111.64
112.08
112.57
113.05
113.52
113.98
114.43
114.87
115.31
115.74
116.17
116.61
117.03
117.45
117.88
118.31
118.75
119.15
119.56
119.95
120.37
120.79
121.22
121.65
122.07
122.51
122.94
123.40
123.88
124.37
124.83
125.27
125.72
126.18
126.62
127.08
127.55
128.01
128.45
128.91
129.35
129.78
130.24
130.67
131.12
131.59
132.04
132.49
132.96
133.41
133.86
134.33
134.78
135.23
135.71
136.16
136.63
137.11
137.61
138.11
138.60
139.08
139.58
140.07
140.55
141.01
141.43
141.87
142.34
142.79
143.24
143.70
144.15
144.59
145.03
145.47
145.91
146.37
146.81
147.17
147.54
147.91
148.27
148.63
148.98
149.34
149.71
150.07
150.44
150.83
151.19
151.56
151.90
152.25
152.60
152.94
153.26
153.60
153.95
154.30
154.64
155.02
155.38
155.74
156.11
156.44
156.80
157.15
157.50
157.87
158.24
158.59
158.96
159.36
159.74
160.12
160.52
160.91
161.30
161.68
162.11
162.55
163.00
163.45
163.89
164.33
164.77
165.23
165.67
166.12
166.57
167.02
167.46
167.92
168.29
168.67
169.06
169.45
169.84
170.23
170.61
170.97
171.35
171.73
172.11
172.50
172.91
173.31
173.72
174.13
174.52
174.90
175.36
175.79
176.22
176.65
177.08
177.50
177.93
178.43
178.93
179.42
179.91
180.42
180.93
181.42
181.91
182.39
182.86
183.33
183.81
184.27
184.76
185.24
185.71
186.20
186.68
187.15
187.55
187.97
188.36
188.80
189.23
189.66
