# Beats
0.59
1.18
1.79
2.39
2.98
3.59
4.19
4.79
5.41
6.04
6.65
7.28
7.88
8.49
9.03
9.58
10.11
10.61
11.11
11.60
12.03
12.46
12.89
13.31
13.73
14.16
14.59
15.02
15.45
15.88
16.30
16.73
17.17
17.61
18.12
18.62
19.13
19.63
20.14
20.65
21.16
21.68
22.19
22.62
23.06
23.49
23.92
24.36
24.79
25.22
25.65
26.05
26.51
26.92
27.34
27.76
28.18
28.62
29.06
29.50
29.99
30.49
30.99
31.50
32.01
32.52
33.03
33.54
34.05
34.56
35.06
35.56
36.06
36.57
37.07
37.58
38.08
38.57
39.06
39.54
40.03
40.52
41.01
41.48
41.87
42.25
42.63
43.00
43.40
43.80
44.21
44.68
45.13
45.58
46.07
46.54
47.02
47.50
47.94
48.38
48.82
49.26
49.70
50.14
50.58
51.03
51.46
51.88
52.31
52.73
53.16
53.59
54.02
54.45
54.87
55.29
55.72
56.15
56.59
57.05
57.52
58.03
58.54
59.05
59.61
60.16
60.72
61.28
61.83
62.39
