# Beats
0.52
1.06
1.57
2.08
2.58
3.07
3.55
4.04
4.53
5.02
5.50
5.99
6.49
6.99
7.59
8.20
8.80
9.40
10.01
10.52
11.04
11.56
12.09
12.61
13.13
13.70
14.27
14.84
15.42
16.00
16.60
17.21
17.81
18.37
18.91
19.46
20.02
20.57
21.12
21.66
22.22
22.79
23.36
23.92
24.49
25.04
25.61
26.18
26.74
27.26
27.78
28.24
28.71
29.16
29.63
30.09
30.56
31.02
31.47
31.93
32.38
32.86
33.34
33.82
34.30
34.77
35.25
35.71
36.18
36.64
37.11
37.58
38.06
38.52
38.96
39.40
39.85
40.30
40.75
41.19
41.63
42.09
42.55
43.01
43.53
44.03
44.52
45.02
45.51
46.00
46.49
46.96
47.45
47.94
48.44
48.92
49.42
49.92
50.43
50.96
51.47
52.02
52.58
53.14
53.61
54.09
54.57
55.08
55.59
56.10
56.75
57.40
58.05
58.70
59.35
59.99
60.63
61.36
62.10
62.84
63.58
64.31
65.04
65.77
66.50
67.16
67.81
68.45
69.10
69.75
70.39
71.03
71.66
72.28
72.91
73.54
74.16
74.79
75.42
76.05
76.67
77.30
77.93
78.55
79.16
79.76
80.38
80.99
81.61
82.20
82.79
83.38
83.97
84.56
85.15
85.74
86.33
86.92
87.50
88.03
88.55
89.07
89.56
90.04
90.51
90.98
91.44
91.90
92.36
92.81
93.26
93.73
94.18
94.64
95.10
95.56
96.01
96.48
97.00
97.52
98.03
98.53
99.03
99.53
100.03
100.53
101.03
101.53
102.03
102.52
103.11
103.70
104.28
104.86
105.44
106.01
106.58
107.07
107.54
108.02
108.48
108.95
109.41
109.88
110.34
110.81
111.27
111.73
112.19
112.65
113.16
113.67
114.20
114.74
115.29
115.91
116.52
117.13
117.76
118.38
119.00
119.63
120.26
120.89
121.53
122.15
122.76
123.38
123.99
124.60
