# Beats
0.42
0.84
1.25
1.67
2.09
2.51
2.93
3.36
3.78
4.21
4.64
5.07
5.51
5.93
6.35
6.77
7.19
7.60
8.02
8.45
8.87
9.30
9.74
10.17
10.62
11.09
11.55
12.00
12.46
12.91
13.35
13.79
14.22
14.66
15.09
15.52
15.94
16.36
16.78
17.19
17.61
18.03
18.45
18.87
19.28
19.69
20.10
20.50
20.91
21.32
21.72
22.12
22.50
22.88
23.28
23.67
24.02
24.38
24.73
25.09
25.46
25.83
26.20
26.59
26.97
27.34
27.72
28.11
28.48
28.84
29.21
29.58
29.95
30.34
30.72
31.10
31.54
31.97
32.42
32.86
33.30
33.74
34.18
34.62
35.05
35.48
35.91
36.34
36.76
37.18
37.59
38.01
38.43
38.84
39.25
39.67
40.09
40.51
40.93
41.34
41.76
42.19
42.61
43.01
43.43
43.86
44.28
44.70
45.10
45.52
45.94
46.36
46.76
47.18
47.60
48.03
48.45
48.85
49.27
49.68
50.09
50.50
50.92
51.34
51.76
52.18
52.59
53.01
53.43
53.84
54.25
54.67
55.09
55.51
55.93
56.34
56.76
57.18
57.60
58.02
58.43
58.85
59.27
59.69
60.10
60.52
60.93
61.34
61.75
62.17
62.59
63.01
63.43
63.85
64.27
64.69
65.12
65.53
65.94
66.36
66.78
67.19
67.59
68.01
68.43
68.85
69.27
69.67
70.09
70.51
70.93
71.34
71.76
72.17
72.59
73.00
73.42
73.84
74.27
74.69
75.10
75.52
75.94
76.36
76.77
77.18
77.60
78.02
78.44
78.85
79.26
79.67
80.09
80.50
80.92
81.33
81.75
82.16
82.57
82.99
83.41
83.82
84.24
84.66
85.08
85.50
85.91
86.33
86.75
87.17
87.59
88.00
88.42
88.84
89.26
89.68
90.08
90.50
90.92
91.34
91.75
92.16
92.58
93.00
93.41
93.83
94.25
94.68
95.10
95.52
95.93
96.34
96.75
97.15
97.56
97.98
98.39
98.80
99.21
99.64
100.07
100.50
100.93
101.34
101.76
102.18
102.59
103.00
103.42
103.84
104.26
104.66
105.08
105.50
105.91
106.32
106.74
107.15
107.54
107.95
108.34
108.75
109.16
109.56
109.98
110.40
110.83
111.25
111.66
112.09
112.52
112.94
113.36
113.78
114.20
114.74
115.30
115.84
116.42
117.01
117.66
118.32
118.98
119.64
120.29
120.95
121.61
122.25
122.90
123.50
124.09
124.69
125.28
125.88
126.53
127.18
127.80
128.42
129.04
129.67
130.30
130.91
131.54
132.16
132.77
133.40
134.03
134.65
135.28
135.91
136.53
137.16
137.79
138.41
139.04
139.67
140.29
140.92
141.62
142.30
142.95
143.60
144.25
144.90
145.57
146.22
146.87
147.52
148.17
148.82
149.47
150.11
150.74
151.37
151.95
152.53
153.10
153.67
154.24
154.81
155.38
155.96
156.54
157.12
157.70
158.28
158.86
159.44
160.02
160.60
161.18
161.75
162.39
163.03
163.65
164.28
164.92
165.49
166.05
166.61
167.18
167.75
168.32
168.90
169.49
170.07
170.67
171.20
171.73
172.27
172.83
173.38
173.95
174.51
175.07
175.61
176.17
176.72
177.26
177.81
178.38
178.94
179.50
180.07
180.63
181.20
181.77
182.33
182.92
183.50
184.08
