# Beats
0.43
0.87
1.31
1.75
2.19
2.64
3.09
3.54
3.99
4.45
4.85
5.25
5.64
6.04
6.43
6.83
7.22
7.62
8.00
8.38
8.78
9.17
9.58
9.97
10.38
10.79
11.19
11.60
12.00
12.40
12.78
13.17
13.56
13.96
14.35
14.73
15.13
15.52
15.93
16.32
16.71
17.09
17.46
17.82
18.17
18.53
18.89
19.26
19.62
19.98
20.34
20.69
21.06
21.42
21.78
22.14
22.51
22.87
23.23
23.60
23.97
24.36
24.73
25.10
25.46
25.82
26.17
26.53
26.89
27.25
27.61
27.98
28.35
28.71
29.07
29.43
29.79
30.14
30.51
30.88
31.24
31.61
31.99
32.36
32.71
33.05
33.39
33.72
34.04
34.38
34.71
35.05
35.41
35.77
36.13
36.49
36.85
37.30
37.76
38.21
38.66
39.11
39.57
40.02
40.48
40.95
41.40
41.95
42.49
43.10
43.68
44.26
44.85
45.44
46.03
46.63
47.21
47.81
48.41
49.02
49.61
50.19
50.77
51.35
51.94
52.37
52.79
53.22
53.60
54.00
54.39
54.78
55.18
55.59
55.99
56.39
56.78
57.17
57.55
57.93
58.33
58.72
59.12
59.54
59.97
60.38
60.81
61.30
61.78
62.25
62.74
63.22
63.70
64.19
64.68
65.17
65.65
66.14
66.63
67.13
67.63
68.14
68.64
69.13
69.63
70.11
70.61
71.11
