# Beats
0.58
1.16
1.73
2.29
2.84
3.38
3.91
4.46
4.98
5.51
6.05
6.59
7.13
7.66
8.22
8.75
9.31
9.87
10.40
10.95
11.49
12.03
12.56
13.08
13.62
14.16
14.71
15.27
15.81
16.39
16.97
17.53
18.07
18.60
19.13
19.64
20.15
20.67
21.20
21.73
22.27
22.81
23.36
23.90
24.45
25.00
25.54
26.09
26.63
27.17
27.68
28.19
28.60
29.00
29.40
29.78
30.16
30.52
30.91
31.31
31.70
32.08
32.47
32.83
33.22
33.61
34.02
34.50
35.00
35.50
36.04
36.55
37.07
37.59
38.10
38.66
39.22
39.78
40.33
40.89
41.44
41.98
42.49
43.00
43.51
44.03
44.52
45.04
45.53
46.05
46.56
47.07
47.55
48.04
48.55
49.04
49.54
50.05
50.55
51.04
51.51
51.98
52.52
53.06
53.60
54.17
54.74
55.29
55.84
56.40
56.84
57.27
57.70
58.13
58.57
59.00
59.43
59.81
60.20
60.60
61.00
61.39
61.77
62.15
62.51
62.88
63.25
63.62
63.98
64.37
64.74
65.11
65.48
65.86
66.23
66.61
66.99
67.37
67.76
68.14
68.52
68.92
69.30
69.68
70.05
70.44
70.80
71.17
71.54
71.91
72.30
72.68
73.07
73.44
73.82
74.19
74.57
74.95
75.33
75.70
76.07
76.45
76.83
77.22
77.60
77.97
78.36
78.75
79.13
79.51
79.88
80.26
80.64
81.01
81.39
81.76
82.13
82.50
82.88
83.26
83.64
84.01
84.37
84.75
85.14
85.52
85.90
86.29
86.66
87.03
87.40
87.77
88.14
88.51
88.89
89.27
89.65
90.04
90.41
90.79
91.17
91.56
91.94
92.31
92.69
93.05
93.44
93.82
94.20
94.59
94.97
95.34
95.72
96.11
96.50
96.90
97.27
97.64
98.01
98.38
98.75
99.13
99.50
99.89
100.29
100.67
101.03
101.41
101.80
102.17
102.54
102.92
103.32
103.70
104.07
104.45
104.81
105.19
105.56
105.92
106.29
106.67
107.04
107.42
107.80
108.18
108.55
108.92
109.30
109.68
110.06
110.45
110.83
111.20
111.57
111.94
112.31
112.70
113.06
113.44
113.82
114.22
114.60
114.97
115.36
115.75
116.15
116.54
116.92
117.31
117.68
118.05
118.41
118.79
119.16
119.55
119.92
120.28
120.65
121.03
121.42
121.79
122.16
122.53
122.91
123.30
123.68
124.06
124.44
124.83
125.23
125.62
125.99
126.36
126.71
127.06
127.42
127.78
128.15
128.50
128.87
129.24
129.64
130.02
130.40
130.80
131.18
131.56
131.94
132.32
132.70
133.10
133.49
133.89
134.28
134.66
135.04
135.42
135.79
136.16
136.52
136.88
137.25
137.62
138.00
138.37
138.76
139.16
139.55
139.98
140.40
140.82
141.25
141.69
142.13
142.66
143.14
143.64
144.14
144.73
145.32
146.08
146.84
147.61
148.38
149.14
149.90
150.66
151.42
152.18
152.95
153.72
154.48
155.28
156.12
156.97
157.78
158.59
159.38
160.15
160.91
161.70
162.48
163.26
163.98
164.69
165.35
166.02
166.71
167.38
168.05
168.72
169.39
170.06
170.75
171.36
171.96
172.55
173.14
