# Beats
0.50
1.02
1.44
1.87
2.30
2.74
3.17
3.60
4.02
4.45
4.89
5.32
5.75
6.18
6.59
7.02
7.45
7.87
8.30
8.73
9.16
9.58
10.00
10.44
10.87
11.31
11.74
12.17
12.60
13.03
13.46
13.89
14.32
14.76
15.19
15.62
16.04
16.47
16.92
17.36
17.80
18.22
18.63
19.05
19.48
19.91
20.34
20.77
21.20
21.63
22.05
22.48
22.89
23.31
23.73
24.15
24.57
24.98
25.41
25.84
26.26
26.69
27.12
27.55
27.97
28.37
28.77
29.16
29.57
29.99
30.41
30.82
31.24
31.66
32.09
32.52
32.95
33.38
33.81
34.25
34.69
35.12
35.55
35.98
36.41
36.83
37.26
37.69
38.12
38.53
38.95
39.38
39.81
40.23
40.66
41.08
41.51
41.92
42.34
42.76
43.18
43.61
44.03
44.45
44.87
45.28
45.69
46.10
46.52
46.95
47.37
47.79
48.20
48.62
49.04
49.47
49.90
50.32
50.74
51.14
51.57
51.99
52.41
52.81
53.24
53.66
54.08
54.51
54.93
55.34
55.77
56.20
56.63
57.06
57.49
57.91
58.34
58.76
59.18
59.59
60.01
60.44
60.87
61.30
61.72
62.14
62.55
62.97
63.39
63.81
64.24
64.67
65.10
65.53
65.97
66.41
66.85
67.26
67.65
68.05
68.45
68.85
69.24
69.65
70.05
70.46
70.88
71.30
71.71
72.12
72.54
72.96
73.38
73.79
74.20
74.61
75.02
75.44
75.87
76.30
76.72
77.14
77.55
77.97
78.40
78.82
79.23
79.64
80.05
80.46
80.86
81.28
81.70
82.12
82.54
82.95
83.36
83.77
84.18
84.60
85.02
85.43
85.84
86.26
86.68
87.09
87.49
87.91
88.32
88.72
89.16
89.59
90.01
90.43
90.84
91.25
91.67
92.08
92.49
92.90
93.31
93.72
94.13
94.54
94.95
95.38
95.79
96.22
96.64
97.05
97.45
97.86
98.30
98.74
99.17
99.61
100.04
100.46
100.88
101.29
101.70
102.11
102.52
102.93
103.35
103.76
104.16
104.57
104.99
105.41
105.82
106.25
106.67
107.08
107.49
107.89
108.30
108.70
109.11
109.53
109.93
110.34
110.74
111.14
111.55
111.97
112.42
112.86
113.30
113.74
114.18
114.64
115.09
115.54
116.00
116.46
116.92
117.38
117.81
118.25
118.69
119.12
119.55
119.97
120.41
120.85
121.31
121.75
122.20
122.61
123.04
123.50
123.92
124.37
124.81
125.25
125.70
126.14
126.57
127.00
127.44
127.90
128.34
128.77
129.20
129.64
130.08
130.51
130.93
131.34
131.77
132.21
132.64
133.06
133.47
133.89
134.29
134.70
135.12
135.52
135.93
136.34
136.75
137.18
137.62
138.05
138.48
138.90
139.33
139.78
140.24
140.70
141.17
141.65
142.15
142.65
143.19
143.69
144.25
144.82
145.39
146.01
146.61
147.21
147.81
148.41
149.01
149.62
150.22
150.84
151.45
152.08
152.69
153.32
153.95
154.58
155.21
155.85
156.54
157.22
157.90
158.58
159.27
159.95
160.53
161.11
161.69
162.28
162.88
163.46
164.05
164.64
165.22
165.79
166.36
166.93
167.51
168.09
168.67
169.25
169.84
170.42
170.99
171.56
172.12
172.70
173.28
173.86
174.46
175.06
175.59
176.12
176.67
177.20
177.74
178.27
178.74
179.19
179.64
180.08
180.52
180.96
181.39
181.84
182.28
182.71
183.12
183.53
183.95
184.35
184.76
185.17
185.56
185.96
186.36
186.77
187.19
187.59
188.00
188.42
188.84
189.24
189.65
190.04
190.46
190.87
191.26
191.66
192.06
192.47
192.88
193.31
193.74
194.17
194.61
195.02
195.44
195.85
196.26
196.66
197.07
197.47
197.88
198.30
198.74
199.17
199.61
200.05
200.48
200.92
201.34
201.76
