# Beats
0.35
0.71
1.07
1.42
1.76
2.10
2.41
2.73
3.04
3.37
3.67
3.99
4.31
4.62
4.95
5.26
5.57
5.90
6.23
6.57
6.90
7.22
7.55
7.88
8.21
8.54
8.87
9.20
9.52
9.85
10.17
10.51
10.83
11.16
11.48
11.80
12.13
12.49
12.83
13.18
13.51
13.85
14.19
14.51
14.85
15.19
15.51
15.84
16.17
16.51
16.86
17.18
17.52
17.95
18.39
18.83
19.33
19.81
20.29
20.78
21.25
21.70
22.14
22.59
23.06
23.50
23.94
24.38
24.82
25.33
25.82
26.32
26.84
27.34
27.84
28.36
28.86
29.37
29.93
30.49
31.05
31.61
32.17
32.74
33.30
33.87
34.44
34.99
35.55
36.08
36.64
37.27
37.91
38.55
39.17
39.80
40.40
41.02
41.63
42.24
42.84
43.48
44.12
44.77
45.42
46.08
46.76
47.44
48.05
48.67
49.30
49.92
50.53
51.13
51.73
52.24
52.76
53.29
53.78
54.27
54.75
55.25
55.75
56.25
56.73
57.19
57.66
58.13
58.62
59.11
59.56
60.01
60.46
60.92
61.31
61.70
62.08
62.46
62.84
63.20
63.55
63.89
64.23
64.57
64.92
65.27
65.62
65.97
66.32
66.69
67.04
67.38
67.73
68.08
68.42
68.77
69.11
69.46
69.81
70.15
70.48
70.83
71.17
71.51
71.87
72.21
72.56
72.90
73.24
73.58
73.92
74.26
74.61
74.95
75.31
75.67
76.03
76.38
76.72
77.06
77.39
77.74
78.08
78.40
78.74
79.09
79.42
79.76
80.11
80.46
80.78
81.12
81.46
81.80
82.15
82.49
82.85
83.20
83.55
83.87
84.22
84.56
84.90
85.24
85.59
85.94
86.29
86.63
86.97
87.32
87.68
88.03
88.38
88.72
89.07
89.40
89.73
90.08
90.43
90.78
91.13
91.46
91.81
92.17
92.51
92.86
93.18
93.53
93.88
94.23
94.55
94.90
95.23
95.57
95.92
96.27
96.61
96.94
97.29
97.64
97.96
98.29
98.64
98.99
99.33
99.68
100.03
100.38
100.73
101.08
101.42
101.77
102.12
102.47
102.82
103.15
103.49
103.84
104.19
104.54
104.88
105.23
105.58
105.93
106.28
106.61
106.95
107.30
107.65
107.98
108.33
108.68
109.02
109.37
109.70
110.05
110.39
110.74
111.08
111.43
111.77
112.11
112.47
112.80
113.15
113.50
113.84
114.17
114.51
114.86
115.19
115.54
115.89
116.25
116.59
116.92
117.26
117.61
117.95
118.28
118.63
118.98
119.33
119.68
120.02
120.36
120.71
121.06
121.42
121.79
122.17
122.54
122.90
123.27
123.63
123.99
124.34
124.69
125.06
125.41
125.78
126.15
126.50
126.86
127.22
127.59
127.97
128.31
128.65
128.99
129.34
129.68
130.01
130.36
130.72
131.08
131.42
131.78
132.14
132.52
132.89
133.26
133.63
134.00
134.37
134.75
135.12
135.48
135.84
136.20
136.57
136.94
137.30
137.67
138.07
138.46
138.83
139.22
139.58
139.98
140.38
140.77
141.17
141.57
141.96
142.33
142.69
143.06
143.43
143.80
144.15
144.51
144.86
145.19
145.53
145.87
146.22
146.56
146.90
147.24
147.59
147.93
148.28
148.62
148.96
149.30
149.64
149.98
150.33
150.67
151.01
151.35
151.70
152.03
152.39
152.74
153.08
153.43
153.77
154.11
154.45
154.78
155.11
155.45
155.77
156.20
156.63
157.07
157.50
157.95
158.38
158.82
159.24
159.67
160.10
160.54
161.01
161.48
161.95
162.33
162.71
163.10
163.47
163.82
164.18
164.54
164.91
165.28
165.67
166.03
166.39
166.74
167.10
167.47
167.83
168.18
168.53
168.87
169.20
169.54
169.89
170.23
170.57
170.92
171.28
171.62
171.97
172.32
172.65
172.99
173.34
173.67
174.01
174.36
174.70
175.03
175.38
175.72
176.05
176.39
176.73
177.08
177.42
177.76
178.10
178.45
178.79
179.14
179.49
179.84
180.19
180.54
180.87
181.21
181.56
181.91
182.25
182.60
182.95
183.29
183.62
183.97
184.31
184.65
184.99
185.33
185.68
186.03
186.36
186.71
187.06
187.40
187.73
188.08
188.42
188.76
189.10
189.45
189.80
190.15
190.50
190.84
191.19
191.53
191.87
192.21
192.56
192.91
193.26
193.61
193.96
194.30
194.65
194.98
195.33
195.67
196.00
196.34
196.68
197.04
197.39
197.75
198.11
198.46
198.81
199.13
199.46
199.80
200.13
200.48
200.82
201.15
201.50
201.85
202.19
202.55
202.90
203.24
203.59
203.94
204.28
204.61
204.94
205.29
205.62
205.96
206.31
206.70
207.09
207.49
207.91
208.29
208.68
209.05
209.41
209.77
210.16
210.56
210.93
211.30
211.67
212.03
212.39
212.76
213.12
213.48
213.84
214.20
214.56
214.92
215.28
215.64
216.00
216.35
216.71
217.06
217.41
217.76
218.11
218.46
218.87
219.25
219.63
219.99
220.35
220.68
221.04
221.40
221.75
222.12
222.49
222.84
223.18
223.54
223.91
224.27
224.65
225.02
225.40
225.77
226.16
226.53
226.92
227.30
227.67
228.04
228.41
228.79
229.17
229.55
229.95
230.34
230.71
231.08
231.48
231.87
232.25
232.64
233.02
233.42
233.81
234.20
234.58
234.96
235.36
235.75
236.15
236.53
236.90
237.31
237.70
238.10
238.47
238.84
239.22
239.61
239.99
240.37
240.77
241.16
241.55
241.93
242.32
242.71
243.09
243.48
243.87
244.24
244.62
245.02
245.41
245.79
246.18
246.57
246.96
247.34
247.71
248.11
248.51
248.92
249.31
249.71
250.09
250.49
250.87
251.26
251.66
252.03
252.40
252.77
253.14
253.53
253.91
254.30
254.69
255.08
255.48
255.86
256.23
256.62
257.00
257.39
257.80
258.21
258.59
258.98
259.39
259.80
260.18
260.56
260.96
261.34
261.69
262.05
262.41
262.76
263.11
263.45
263.80
264.15
