# Beats
0.43
0.87
1.31
1.75
2.19
2.64
3.04
3.45
3.85
4.26
4.62
4.98
5.34
5.70
6.06
6.42
6.78
7.14
7.58
8.02
8.46
8.90
9.32
9.74
10.15
10.55
10.94
11.33
11.73
12.10
12.48
12.86
13.24
13.61
13.97
14.33
14.70
15.07
15.44
15.81
16.21
16.58
16.93
17.30
17.69
18.07
18.45
18.85
19.25
19.63
20.02
20.40
20.78
21.18
21.57
21.97
22.36
22.76
23.15
23.55
23.95
24.35
24.75
25.14
25.54
25.94
26.34
26.75
27.17
27.59
27.99
28.42
28.83
29.25
29.66
30.07
30.49
30.91
31.31
31.72
32.14
32.54
32.96
33.38
33.84
34.28
34.73
35.17
35.67
36.15
36.63
37.15
37.67
38.19
38.74
39.30
39.86
40.41
40.97
41.61
42.24
42.86
43.53
44.19
44.94
45.70
46.41
47.11
47.83
48.54
49.25
49.98
50.71
51.43
52.15
52.87
53.61
54.35
55.05
55.77
56.52
57.26
58.00
58.75
59.47
60.17
60.88
61.63
62.37
63.09
63.81
64.53
65.25
65.96
66.66
67.41
68.15
68.92
69.66
70.41
71.15
71.91
72.68
73.48
74.30
75.14
75.93
76.72
77.44
78.16
78.88
79.60
80.32
81.04
81.76
82.48
83.19
83.91
84.64
85.38
86.11
86.82
87.54
88.25
88.96
89.65
90.35
91.07
91.78
92.53
93.26
93.97
94.69
95.41
96.13
96.85
97.57
98.28
98.98
99.61
100.28
100.94
101.68
102.42
103.19
103.96
104.72
105.49
106.24
107.00
107.73
108.45
109.06
109.69
110.32
110.94
111.57
112.22
112.87
113.39
113.91
114.42
114.92
115.41
115.90
116.40
116.90
117.39
117.84
118.29
118.75
119.14
119.54
119.92
120.37
120.80
121.23
121.65
122.07
122.49
122.90
123.32
123.73
124.13
124.53
124.92
125.33
125.72
126.11
126.50
126.89
127.27
127.66
128.03
128.43
128.80
129.20
129.58
129.96
130.37
130.76
131.16
131.55
131.94
132.32
132.71
133.11
133.50
133.91
134.30
134.69
135.07
135.47
135.86
136.25
136.65
137.04
137.44
137.83
138.22
138.60
138.99
139.39
139.80
140.19
140.59
140.98
141.36
141.76
142.15
142.55
142.94
143.34
143.73
144.11
144.49
144.87
145.26
145.66
146.05
146.44
146.82
147.20
147.59
147.98
148.38
148.78
149.18
149.58
149.97
150.36
150.74
151.13
151.51
151.90
152.30
152.69
153.07
153.46
153.84
154.23
154.62
155.02
155.40
155.78
156.18
156.57
156.94
157.34
157.73
158.14
158.53
158.93
159.34
159.74
160.15
160.54
160.93
161.31
161.70
162.09
162.48
162.88
163.27
163.65
164.04
164.42
164.80
165.20
165.58
165.96
166.36
166.77
167.18
167.58
167.97
168.36
168.74
169.12
169.51
169.90
170.30
170.69
171.08
171.46
171.85
172.25
172.62
173.01
173.41
173.80
174.20
174.59
174.97
175.36
175.75
176.15
176.54
176.94
177.32
177.71
178.10
178.49
178.89
179.29
179.70
180.12
180.55
180.98
181.49
182.00
182.51
183.02
183.52
184.02
184.53
185.03
185.50
185.99
186.48
186.97
187.45
187.97
188.48
189.00
189.52
190.03
190.54
191.05
191.55
192.08
192.60
193.11
193.62
194.14
194.66
195.08
195.49
195.91
196.34
196.74
197.15
197.56
197.97
198.38
198.79
199.17
199.55
199.95
200.32
200.78
201.25
201.73
202.22
202.70
203.16
203.72
204.29
204.85
205.40
205.97
206.55
207.13
207.70
208.28
208.86
209.46
210.01
210.58
211.15
211.72
212.29
212.86
213.41
213.97
214.54
215.11
215.68
216.27
216.85
217.42
217.98
218.64
219.30
219.99
220.66
221.34
221.98
222.63
223.27
223.90
224.54
225.18
225.84
226.52
227.21
227.88
228.58
229.27
