# Beats
0.73
1.49
2.23
2.97
3.73
4.46
5.20
5.93
6.61
7.28
7.96
8.65
9.32
10.00
10.55
11.10
11.63
12.17
12.70
13.24
13.77
14.30
14.85
15.34
15.82
16.32
16.80
17.28
17.75
18.18
18.61
19.04
19.47
19.89
20.32
20.75
21.12
21.48
21.84
22.20
22.56
22.92
23.28
23.64
24.02
24.39
24.75
25.11
25.47
25.83
26.19
26.56
26.94
27.31
27.69
28.06
28.44
28.82
29.20
29.57
29.92
30.28
30.64
31.01
31.38
31.75
32.12
32.51
32.96
33.41
33.88
34.32
34.77
35.21
35.67
36.11
36.55
37.00
37.47
37.91
38.35
38.79
39.23
39.67
40.11
40.52
40.93
41.33
41.80
42.25
42.70
43.15
43.61
44.07
44.52
44.94
45.35
45.75
46.16
46.58
46.99
47.40
47.78
48.15
48.52
48.89
49.26
49.63
50.00
50.38
50.76
51.14
51.54
51.93
52.33
52.71
53.08
53.46
53.85
54.23
54.61
54.98
55.37
55.74
56.12
56.49
56.88
57.25
57.62
57.96
58.29
58.63
58.97
59.30
59.64
59.98
60.31
60.65
60.99
61.31
61.64
61.96
62.42
62.86
63.30
63.74
64.17
64.60
65.04
65.47
65.90
66.32
66.73
67.15
67.57
67.98
68.42
68.86
69.30
69.74
70.22
70.69
71.17
71.65
72.12
72.60
72.96
73.32
73.68
74.04
74.40
74.76
75.12
75.48
75.84
76.18
76.53
76.88
77.23
77.61
78.01
78.40
78.80
79.18
79.56
79.96
80.34
80.72
81.12
81.50
81.90
82.29
82.70
83.09
83.52
83.96
84.40
84.81
85.21
85.60
86.01
86.41
86.82
87.21
87.61
88.00
88.40
88.79
89.21
89.64
90.06
90.46
90.88
91.30
91.73
92.14
92.54
92.95
93.33
93.73
94.12
94.52
94.91
95.31
95.70
96.10
96.48
96.92
97.35
97.78
98.30
98.82
99.35
99.90
100.46
101.02
101.60
102.18
102.77
103.36
103.96
104.58
105.20
105.82
106.45
107.08
107.71
108.34
108.98
109.63
110.19
110.75
111.30
111.87
112.45
113.07
113.68
114.31
114.89
115.47
116.01
116.55
117.10
117.64
118.18
118.70
119.21
119.71
120.20
120.69
121.16
121.64
122.09
122.54
122.98
123.44
123.88
124.32
124.78
125.25
125.72
126.19
126.65
127.12
127.59
128.06
128.53
129.00
129.43
129.85
130.26
130.68
131.10
131.53
131.95
132.37
132.78
133.21
133.63
134.08
134.54
134.98
135.49
136.00
136.50
137.02
137.54
138.07
138.59
139.11
139.63
140.10
140.55
141.00
141.44
141.89
142.33
142.74
143.17
143.59
144.02
144.44
144.86
145.28
145.68
146.10
146.52
146.92
147.33
147.74
148.14
148.54
148.93
149.32
149.70
150.09
150.49
150.88
151.28
151.67
152.06
152.45
152.85
153.24
153.63
154.04
154.44
154.83
155.23
155.61
156.00
156.40
156.79
157.19
157.59
158.00
158.41
158.81
159.28
159.74
160.21
160.71
161.20
161.70
162.28
162.88
163.47
164.06
164.65
165.26
165.85
166.50
167.15
167.80
168.40
169.01
169.60
170.19
170.78
171.35
171.93
172.54
173.14
173.75
174.44
175.12
175.86
176.59
177.32
178.05
178.78
179.51
