# Beats
0.41
0.82
1.24
1.66
2.09
2.52
2.95
3.36
3.76
4.17
4.57
4.98
5.36
5.76
6.15
6.55
6.94
7.34
7.74
8.15
8.56
8.95
9.33
9.73
10.12
10.51
10.89
11.27
11.67
12.05
12.43
12.82
13.20
13.58
13.97
14.35
14.72
15.09
15.48
15.85
16.22
16.60
16.97
17.35
17.72
18.09
18.46
18.83
19.21
19.60
19.98
20.36
20.76
21.15
21.55
21.94
22.34
22.73
23.13
23.52
23.90
24.29
24.67
25.05
25.44
25.82
26.19
26.56
26.96
27.35
27.74
28.12
28.55
28.98
29.41
29.86
30.33
30.79
31.28
31.76
32.25
32.73
33.20
33.68
34.16
34.71
35.28
35.87
36.47
37.06
37.65
38.24
38.82
39.42
40.00
40.50
41.01
41.52
42.03
42.54
43.05
43.55
44.05
44.55
45.01
45.48
45.94
46.41
46.88
47.35
47.81
48.29
48.75
49.21
49.67
50.12
50.53
50.92
51.32
51.72
52.09
52.45
52.81
53.17
53.57
53.96
54.36
54.74
55.12
55.50
55.87
56.25
56.65
57.05
57.47
57.88
58.28
58.69
59.09
59.49
59.88
60.27
60.65
61.03
61.42
61.81
62.21
62.60
63.00
63.39
63.80
64.20
64.61
65.02
65.42
65.83
66.23
66.64
67.05
67.44
67.84
68.24
68.65
69.06
69.45
69.85
70.23
70.62
71.02
71.47
71.92
72.38
72.83
73.28
73.73
74.19
74.64
75.10
75.57
76.05
76.52
77.00
77.47
77.95
78.43
78.88
79.33
79.78
80.24
80.68
81.13
81.57
82.04
82.50
82.96
83.44
83.92
84.39
84.88
85.38
85.88
86.38
86.87
87.35
87.86
88.38
88.89
89.40
89.91
90.41
90.92
91.42
91.93
92.42
92.90
93.40
93.76
94.13
94.49
94.87
95.24
95.61
95.98
96.35
96.72
97.08
97.44
97.80
98.16
98.52
98.89
99.27
99.67
100.08
100.48
100.89
101.30
101.69
102.09
102.49
102.89
103.28
103.68
104.12
104.56
105.00
105.44
105.87
106.31
106.75
107.18
107.61
108.05
108.48
108.92
109.37
109.81
110.21
110.62
111.03
111.43
111.84
112.25
112.64
113.06
113.48
113.89
114.31
114.73
115.15
115.58
116.02
116.46
116.89
117.33
117.77
118.20
118.64
119.18
119.71
120.23
120.77
121.30
121.84
122.32
122.82
123.31
123.81
124.31
124.82
125.32
125.82
126.32
126.82
127.32
127.83
128.34
128.85
129.36
129.87
130.38
130.90
131.44
131.96
132.48
133.00
133.53
134.05
134.57
135.09
135.63
136.16
136.70
137.25
137.81
138.30
138.79
139.27
139.76
140.25
140.75
141.25
141.73
142.21
142.69
143.16
143.64
144.11
144.53
144.94
145.35
145.72
146.08
146.44
146.81
147.18
147.56
147.95
148.33
148.71
149.10
149.48
149.86
150.24
150.63
151.01
151.39
151.81
152.23
152.65
153.07
153.48
153.90
154.32
154.73
155.14
155.55
155.97
156.36
156.76
157.15
157.54
157.92
158.30
158.69
159.08
159.47
159.87
160.26
160.62
160.98
161.34
161.70
162.08
162.45
162.82
163.19
163.56
163.93
164.30
164.68
165.04
165.40
165.76
166.12
166.49
166.86
167.22
167.58
167.95
168.32
168.68
169.04
169.40
169.76
170.13
170.50
170.86
171.24
171.60
171.97
172.34
172.71
173.07
173.44
173.87
174.29
174.71
175.12
175.54
175.96
176.38
176.80
177.19
177.57
177.97
178.35
178.74
179.13
179.53
179.88
180.26
180.63
181.00
181.37
181.74
182.13
182.50
182.92
183.32
183.74
184.16
184.60
185.03
185.46
185.93
186.41
186.89
187.36
187.85
188.34
188.82
189.31
189.80
190.22
190.64
191.05
191.46
191.82
192.18
192.54
192.90
193.32
193.74
194.15
194.58
195.00
195.42
195.84
196.26
196.67
197.09
197.51
197.93
198.34
198.77
199.24
199.71
200.18
200.69
201.20
201.70
202.29
202.88
203.48
204.07
204.66
205.26
205.87
206.47
207.09
207.70
208.29
208.89
209.49
210.09
210.69
211.28
211.87
212.46
213.05
213.65
214.32
214.98
215.67
216.35
217.04
217.72
218.41
219.02
219.64
220.25
220.87
221.53
222.19
222.85
223.45
224.04
224.64
225.25
225.85
226.42
226.99
227.47
227.96
228.45
228.94
229.42
229.91
230.40
230.89
231.38
231.87
232.37
232.87
233.49
234.10
234.73
235.37
236.01
236.63
237.26
237.90
238.54
239.18
239.80
240.43
240.99
241.55
242.11
242.73
243.35
243.97
244.60
245.23
245.85
246.48
247.12
247.76
248.40
249.03
249.68
250.33
250.97
251.51
252.05
252.59
253.12
253.65
254.12
254.58
255.06
255.54
256.07
256.60
257.15
257.70
258.23
258.75
259.29
259.82
260.37
260.92
261.48
262.10
262.71
263.33
263.93
264.53
265.15
265.76
266.38
