# Beats
0.38
0.79
1.20
1.60
1.99
2.37
2.76
3.13
3.51
3.90
4.31
4.71
5.10
5.49
5.90
6.34
6.80
7.26
7.73
8.20
8.66
9.15
9.64
10.11
10.59
11.08
11.56
12.05
12.55
13.05
13.49
13.93
14.35
14.77
15.17
15.60
16.02
16.45
16.89
17.32
17.75
18.18
18.61
19.04
19.50
19.97
20.43
20.90
21.36
21.82
22.29
22.78
23.27
23.80
24.32
24.85
25.36
25.87
26.38
26.89
27.40
27.89
28.40
28.91
29.41
29.98
30.56
31.14
31.70
32.25
32.76
33.27
33.79
34.27
34.76
35.24
35.72
36.20
36.66
37.13
37.59
38.06
38.52
38.99
39.45
39.94
40.43
40.91
41.40
41.90
42.38
42.86
43.41
43.96
44.49
45.02
45.56
46.08
46.60
47.12
47.69
48.25
48.81
49.37
49.93
50.50
51.07
51.64
52.29
52.94
53.58
54.24
54.89
55.54
56.19
56.82
57.46
58.10
58.72
59.35
60.00
60.65
61.30
61.95
62.61
63.27
63.97
64.67
65.36
66.06
66.87
67.64
68.45
69.27
70.05
70.87
71.65
72.42
73.20
73.98
74.76
75.56
76.30
77.07
77.88
78.68
79.48
80.29
81.11
81.78
82.45
83.12
83.74
84.38
84.96
85.54
86.15
86.70
87.27
87.91
88.54
89.15
89.79
90.42
91.06
91.70
92.31
92.95
93.56
94.19
94.81
95.43
96.06
96.66
97.25
97.85
98.48
99.10
99.64
100.19
100.74
101.29
101.84
102.38
102.86
103.35
103.86
104.35
104.86
105.37
105.77
106.16
106.54
106.93
107.30
107.67
108.04
108.40
108.79
109.17
109.55
109.92
110.29
110.64
111.00
111.39
111.76
112.13
112.51
112.90
113.28
113.66
114.03
114.39
114.82
115.26
115.71
116.15
116.58
117.01
117.45
117.86
118.28
118.70
119.10
119.49
119.88
120.29
120.70
121.10
121.48
121.93
122.37
122.81
123.26
123.70
124.13
124.58
125.02
125.46
125.90
126.35
126.80
127.27
127.76
128.23
128.71
129.17
129.64
130.10
130.57
131.05
131.54
132.02
132.49
132.97
133.45
133.91
134.37
134.85
135.31
135.77
136.22
136.70
137.15
137.60
138.05
138.51
138.97
139.42
139.94
140.46
140.96
141.46
141.93
142.43
142.94
143.43
143.94
144.38
144.81
145.24
145.66
146.08
146.51
146.92
147.35
147.77
148.19
148.60
148.94
149.30
149.64
149.97
150.31
150.66
151.02
151.38
151.74
152.10
152.44
152.78
153.16
153.55
153.95
154.33
154.71
155.09
155.48
155.88
156.27
156.65
157.04
157.42
157.81
158.20
158.58
158.99
159.34
159.70
160.06
160.40
160.76
161.12
161.47
161.82
162.19
162.55
162.91
163.27
163.63
163.99
164.35
164.71
165.13
165.54
165.94
166.35
166.75
167.16
167.57
167.97
168.38
168.79
169.19
169.62
170.04
170.45
170.85
171.31
171.76
172.20
172.76
173.33
173.92
174.52
175.12
175.68
176.24
176.84
177.44
178.03
178.60
179.17
179.76
180.33
180.91
181.46
182.04
182.61
183.17
183.72
184.27
184.83
185.40
185.95
186.48
186.99
187.47
187.92
188.38
188.85
189.30
189.74
190.19
190.66
191.10
191.56
192.03
192.51
192.97
193.49
193.98
194.48
195.00
195.51
196.02
196.56
197.09
197.63
198.14
198.65
199.16
199.67
200.17
200.81
201.44
202.09
202.73
203.38
204.03
204.66
205.19
205.73
206.26
206.77
207.28
207.77
208.24
208.70
209.17
209.55
209.93
210.31
210.70
211.07
211.44
211.79
212.14
212.51
212.88
213.25
213.60
213.97
214.34
214.71
215.10
215.48
215.89
216.29
216.69
217.11
217.51
217.92
218.34
218.76
219.16
219.57
219.99
220.38
220.80
221.20
221.61
222.02
222.44
222.84
223.24
223.62
224.00
224.51
225.02
225.56
226.09
226.60
227.13
227.72
228.32
228.93
229.52
230.11
230.71
231.29
231.83
232.35
232.90
233.45
233.98
234.50
235.02
235.54
236.05
236.60
237.15
237.70
238.27
238.84
239.40
239.96
240.54
