# Beats
0.50
1.01
1.52
2.03
2.54
3.05
3.56
4.04
4.50
4.97
5.43
5.89
6.30
6.73
7.15
7.62
8.07
8.52
8.95
9.38
9.80
10.23
10.66
11.06
11.47
11.89
12.28
12.69
13.08
13.49
13.91
14.32
14.72
15.12
15.51
15.91
16.29
16.68
17.07
17.45
17.83
18.20
18.58
18.97
19.37
19.76
20.15
20.54
20.92
21.30
21.71
22.12
22.51
22.92
23.31
23.71
24.13
24.54
24.95
25.36
25.75
26.15
26.54
26.94
27.32
27.70
28.08
28.48
28.87
29.26
29.65
30.09
30.55
31.00
31.47
31.95
32.44
32.93
33.40
33.88
34.30
34.70
35.10
35.50
35.91
36.30
36.70
37.09
37.44
37.80
38.15
38.51
38.91
39.30
39.69
40.09
40.48
40.89
41.30
41.69
42.09
42.47
42.86
43.26
43.64
44.04
44.43
44.83
45.21
45.59
45.98
46.36
46.74
47.14
47.53
47.94
48.34
48.74
49.17
49.59
50.00
50.43
50.94
51.46
51.97
52.48
53.00
53.52
54.03
54.54
55.03
55.52
56.01
56.48
56.96
57.42
57.90
58.36
58.83
59.29
59.76
60.23
60.70
61.15
61.60
62.06
62.51
62.95
63.40
63.85
64.31
64.75
65.18
65.63
66.10
66.55
66.99
67.43
67.90
68.36
68.82
69.28
69.73
70.18
70.64
71.09
71.54
71.99
72.46
72.92
73.39
73.85
74.32
74.78
75.24
75.70
76.15
76.60
77.06
77.52
78.00
78.47
78.94
79.40
79.85
80.32
80.78
81.24
81.70
82.16
82.64
83.12
83.59
84.08
84.57
85.02
85.47
85.93
86.38
86.84
87.30
87.77
88.26
88.74
89.21
89.69
90.15
90.62
91.10
91.58
92.06
92.53
93.02
93.51
93.99
94.48
94.97
95.47
95.97
96.47
96.98
97.48
97.99
98.48
98.98
99.47
100.01
100.55
101.16
101.75
102.35
102.96
103.55
104.13
104.71
105.28
105.85
106.42
106.99
107.45
107.91
108.38
108.84
109.31
109.77
110.24
110.70
111.18
111.64
112.12
112.59
113.12
113.64
114.16
114.68
115.21
115.73
116.25
116.77
117.30
117.75
118.20
118.65
119.13
119.59
120.06
120.52
120.99
121.44
121.88
122.32
122.78
123.22
123.67
124.11
124.56
125.00
125.45
125.89
126.34
126.78
127.23
127.67
128.13
128.57
129.01
129.45
129.89
130.33
130.77
131.23
131.67
132.12
132.57
133.02
133.46
133.91
134.35
134.79
135.23
135.67
136.13
136.57
137.02
137.46
137.91
138.36
138.80
139.24
139.69
140.13
140.59
141.03
141.48
141.92
142.36
142.80
143.24
143.69
144.14
144.58
145.03
145.47
145.91
146.36
146.80
147.25
147.70
148.14
148.58
149.03
149.47
149.91
150.36
150.80
151.25
151.70
152.14
152.58
153.02
153.47
153.93
154.38
154.83
155.27
155.71
156.15
156.60
157.04
157.49
157.93
158.38
158.84
159.28
159.72
160.16
160.60
161.05
161.49
161.94
162.38
162.83
163.27
163.71
164.17
164.61
165.05
165.50
165.94
166.39
166.86
167.32
167.93
168.53
169.12
169.71
170.31
170.90
171.49
172.07
172.65
173.24
173.84
174.42
175.01
175.60
176.20
176.80
177.39
177.98
178.57
179.17
179.76
180.35
180.93
181.51
182.10
182.69
183.29
183.88
184.48
185.07
185.67
186.26
186.85
187.44
188.04
188.63
189.23
189.82
190.42
191.01
191.61
192.20
192.82
193.46
194.11
194.75
195.40
196.02
196.64
197.27
197.87
198.47
199.06
199.66
200.25
200.84
201.44
202.05
202.65
203.26
203.85
204.44
205.03
205.61
206.19
206.79
207.38
207.97
208.57
209.17
209.76
210.35
210.93
211.51
212.09
212.69
213.29
213.89
214.49
215.09
215.68
216.27
216.87
217.48
218.08
218.67
219.27
219.86
220.31
220.75
221.19
221.62
222.06
222.51
222.95
223.39
223.82
224.27
224.71
225.15
225.59
226.03
226.49
226.93
227.37
227.82
228.26
228.72
229.17
229.61
230.05
230.50
230.95
231.40
231.84
232.29
232.73
233.16
233.60
234.06
234.50
234.95
235.40
235.86
236.30
236.74
237.18
237.62
238.07
238.52
238.96
239.41
239.84
240.28
240.72
241.17
241.62
242.07
242.52
242.97
243.41
243.86
244.30
244.74
245.19
245.63
246.09
246.53
246.98
247.43
247.90
248.36
248.83
249.28
249.72
250.15
250.58
251.01
251.43
251.86
252.28
252.64
253.00
253.35
253.70
254.05
254.42
254.79
255.18
255.55
255.93
256.30
256.67
257.04
257.42
257.82
258.23
258.62
259.02
259.41
259.81
