# Beats
0.53
1.08
1.61
2.15
2.66
3.16
3.67
4.19
4.75
5.32
5.87
6.46
7.02
7.60
8.20
8.80
9.46
10.09
10.73
11.39
12.00
12.62
13.25
13.87
14.49
15.12
15.78
16.51
17.24
17.95
18.65
19.33
20.02
20.69
21.35
22.01
22.59
23.16
23.75
24.33
24.92
25.61
26.33
27.10
27.84
28.60
29.35
30.09
30.82
31.54
32.28
32.95
33.61
34.26
34.91
35.57
36.20
36.85
37.43
38.02
38.60
39.16
39.72
40.29
40.84
41.42
41.98
42.55
43.13
43.75
44.34
44.91
45.46
46.03
46.59
47.15
47.74
48.33
48.91
49.47
50.03
50.61
51.19
51.76
52.33
52.90
53.49
54.10
54.73
55.29
55.87
56.42
56.99
57.56
58.13
58.69
59.23
59.79
60.36
60.92
61.51
62.10
62.67
63.23
63.80
64.38
64.95
65.52
66.08
66.65
67.24
67.84
68.44
69.04
69.66
70.39
71.11
71.87
72.62
73.36
74.09
74.73
75.37
75.95
76.53
77.14
77.73
78.29
78.85
79.42
79.98
80.54
81.13
81.70
82.25
82.83
83.45
84.06
84.65
85.22
85.80
86.52
87.23
87.95
88.63
89.42
90.21
91.00
91.79
92.58
93.34
94.12
