# Beats
0.51
1.04
1.57
2.09
2.61
3.13
3.67
4.20
4.76
5.31
5.85
6.34
6.83
7.31
7.81
8.30
8.79
9.24
9.69
10.16
10.62
11.09
11.55
12.00
12.46
12.91
13.37
13.83
14.28
14.73
15.17
15.62
16.06
16.49
16.92
17.35
17.79
18.20
18.62
19.05
19.55
20.04
20.53
21.03
21.52
22.02
22.51
23.00
23.50
24.00
24.49
24.97
25.43
25.88
26.32
26.76
27.20
27.64
28.07
28.50
28.93
29.36
29.81
30.27
30.74
31.21
31.66
32.11
32.57
32.89
33.23
33.56
33.91
34.26
34.61
34.96
35.31
35.65
35.99
36.33
36.66
36.99
37.31
37.64
37.98
38.32
38.70
39.07
39.44
39.81
40.16
40.52
40.87
41.23
41.58
41.95
42.32
42.69
43.05
43.40
43.76
44.13
44.51
44.91
45.33
45.74
46.25
46.74
47.22
47.69
48.15
48.60
49.05
49.53
50.00
50.50
51.00
51.48
51.97
52.47
52.95
53.43
53.88
54.33
54.80
55.25
55.69
56.15
56.59
57.03
57.46
57.89
58.32
58.75
59.20
59.61
60.01
60.42
60.81
61.20
61.58
61.97
62.36
62.74
63.12
63.51
63.89
64.27
64.66
65.04
65.41
65.78
66.17
66.54
66.90
67.28
67.66
68.03
68.41
68.78
69.14
69.50
69.87
70.24
70.60
70.96
71.32
71.76
72.21
72.71
73.20
73.68
74.15
74.61
75.06
75.51
75.95
76.38
76.79
77.19
77.59
78.00
78.39
78.77
79.17
79.55
79.93
80.33
80.72
81.12
81.50
81.89
82.28
82.67
83.06
83.45
83.84
84.22
84.60
85.00
85.39
85.81
86.24
86.67
87.10
87.54
87.99
88.44
88.90
89.33
89.77
90.20
90.63
91.03
91.44
91.85
92.26
92.67
93.08
93.47
93.87
94.25
94.64
95.03
95.41
95.79
96.19
96.57
96.95
97.34
97.73
98.10
98.48
98.85
99.24
99.61
99.97
100.35
100.73
101.10
101.49
101.90
102.30
102.68
103.05
103.43
103.82
104.20
104.58
104.95
105.33
105.69
106.05
106.41
106.78
107.18
107.59
107.98
108.38
108.75
109.12
109.48
109.85
110.23
110.61
110.98
111.34
111.70
112.05
112.41
112.94
113.49
114.03
114.56
115.07
115.57
116.05
116.55
117.05
117.56
118.05
118.55
119.07
119.58
120.09
120.71
121.32
121.92
122.52
123.12
123.73
124.32
124.91
125.50
126.11
126.65
127.21
127.76
128.26
128.75
129.25
129.73
130.19
130.66
131.16
131.65
132.14
132.64
133.14
133.63
134.11
134.58
135.05
135.51
135.99
136.46
136.94
137.43
137.91
138.41
138.91
139.40
139.88
140.35
140.83
141.28
141.73
142.19
142.64
143.07
143.50
143.93
144.36
144.79
145.17
145.55
145.96
146.37
146.77
147.18
147.59
147.99
148.39
148.79
149.19
149.58
149.98
150.36
150.74
151.13
151.51
151.89
152.29
152.68
153.08
153.48
153.88
154.26
154.66
155.05
155.45
155.84
156.24
156.62
157.01
157.41
157.80
158.20
158.60
159.01
159.43
159.86
160.29
160.73
161.17
161.61
162.04
162.47
162.91
163.35
163.78
164.21
164.65
165.11
165.55
165.99
166.43
166.85
167.26
167.68
168.12
168.57
169.01
169.45
169.89
170.33
170.77
171.18
171.57
171.96
172.34
172.71
173.08
173.45
173.82
174.17
174.52
174.87
175.22
175.54
175.88
176.22
176.56
176.90
177.25
177.59
177.92
178.25
178.58
178.91
179.23
179.55
179.92
180.30
180.69
181.08
181.48
181.86
182.25
182.65
183.03
183.41
183.79
184.17
184.54
184.91
185.30
185.68
186.06
186.44
186.83
187.21
187.58
187.95
188.34
188.72
189.09
189.46
189.85
190.22
190.60
190.98
191.37
191.74
192.11
192.48
192.86
193.25
193.64
194.01
194.40
194.78
195.16
195.56
195.94
196.32
196.71
197.09
197.47
197.86
198.24
198.62
199.01
199.38
199.76
200.13
200.50
200.89
201.27
201.65
202.04
202.42
202.80
203.17
203.56
203.93
204.31
204.70
205.08
205.45
205.83
206.22
206.60
206.98
207.37
207.75
208.13
208.52
208.89
209.27
209.65
210.04
210.42
210.80
211.19
211.57
211.95
212.33
212.72
213.09
213.47
213.84
214.23
214.61
214.99
215.37
215.74
216.12
216.50
216.89
217.27
217.65
218.04
218.41
218.78
219.16
219.54
219.93
220.31
220.68
221.07
221.45
221.82
222.19
222.56
222.96
223.34
223.74
224.12
224.51
224.90
225.27
225.65
226.03
226.42
226.81
227.20
227.57
227.94
228.31
228.69
229.09
229.48
229.87
230.24
230.62
231.00
231.38
231.75
232.13
232.51
232.90
233.28
233.65
234.03
234.41
234.79
235.17
235.54
235.91
236.30
236.67
237.05
237.45
237.84
238.24
238.63
239.03
239.40
239.77
240.15
240.52
240.90
241.28
241.66
242.04
242.42
242.78
243.14
243.57
243.97
244.38
244.78
245.19
245.60
246.02
246.42
246.83
