# Beats
0.35
0.71
1.08
1.44
1.78
2.11
2.46
2.81
3.15
3.48
3.81
4.13
4.46
4.77
5.09
5.41
5.74
6.06
6.39
6.71
7.04
7.36
7.69
8.02
8.36
8.70
9.04
9.39
9.74
10.09
10.47
10.87
11.26
11.66
12.02
12.40
12.78
13.15
13.55
13.94
14.34
14.73
15.13
15.52
15.92
16.35
16.76
17.18
17.59
18.02
18.45
18.88
19.31
19.74
20.15
20.57
21.01
21.46
21.90
22.31
22.73
23.15
23.57
23.99
24.40
24.82
25.24
25.67
26.09
26.52
27.00
27.49
27.97
28.44
28.93
29.41
29.88
30.36
30.84
31.30
31.76
32.24
32.69
33.15
33.60
34.06
34.48
34.90
35.32
35.84
36.36
36.88
37.33
37.77
38.20
38.63
39.01
39.39
39.78
40.16
40.54
40.93
41.31
41.69
42.07
42.46
42.84
43.22
43.61
44.00
44.40
44.74
45.12
45.48
45.84
46.20
46.56
46.92
47.28
47.62
47.98
48.32
48.66
48.99
49.34
49.69
50.04
50.39
50.77
51.15
51.53
51.90
52.34
52.78
53.23
53.58
53.93
54.29
54.66
55.11
55.57
56.02
56.46
56.87
57.27
57.68
58.13
58.58
59.04
59.49
59.94
60.38
60.82
61.22
61.61
62.01
62.40
62.75
63.10
63.45
63.80
64.15
64.49
64.84
65.19
65.50
65.82
66.13
66.46
66.77
67.09
67.43
67.76
68.09
68.43
68.78
69.13
69.47
69.85
70.22
70.59
70.96
71.34
71.73
72.11
72.49
72.91
73.33
73.75
74.16
74.57
74.98
75.38
75.78
76.15
76.52
76.89
77.26
77.64
78.00
78.36
78.72
79.08
79.44
79.80
80.16
80.50
80.85
81.19
81.51
81.85
82.18
82.50
82.85
83.19
83.53
83.88
84.23
84.58
84.93
85.29
85.64
85.98
86.33
86.69
87.05
87.41
87.82
88.22
88.63
89.04
89.42
89.80
90.19
90.57
90.94
91.31
91.68
92.14
92.57
93.00
93.43
93.90
94.38
94.84
95.31
95.78
96.25
96.71
97.18
97.64
98.09
98.55
99.00
99.45
99.86
100.26
100.67
101.05
101.42
101.80
102.18
102.54
102.89
103.24
103.60
103.96
104.32
104.66
105.02
105.38
105.74
106.10
106.46
106.82
107.18
107.53
107.89
108.25
108.61
108.97
109.33
109.69
110.03
110.35
110.68
111.01
111.36
111.71
112.05
112.38
112.72
113.10
113.49
113.87
114.25
114.65
115.03
115.41
115.80
116.17
116.54
116.91
117.40
117.86
118.34
118.89
119.43
119.98
120.51
121.05
121.58
122.22
122.86
123.50
124.12
124.76
125.40
126.04
126.75
127.45
128.21
128.96
129.73
130.50
131.23
131.96
132.69
133.42
134.13
134.84
135.55
136.25
136.81
137.37
137.93
138.48
139.04
139.60
140.17
140.74
141.32
141.90
142.48
143.08
143.69
144.30
144.92
145.53
146.13
146.76
147.39
148.00
148.61
149.21
149.82
150.41
151.00
151.59
152.18
152.78
153.37
153.96
154.58
155.18
155.78
156.28
156.78
157.28
157.72
158.16
158.60
159.13
159.65
160.17
160.68
161.19
161.70
162.21
162.73
163.24
163.75
164.27
164.79
165.30
165.85
166.44
167.03
167.62
168.15
168.67
169.19
169.71
170.24
170.76
171.28
171.80
172.32
172.83
173.33
173.84
174.32
174.81
175.30
175.78
176.25
176.73
177.20
177.68
178.16
178.64
179.14
179.64
180.14
180.63
181.12
181.53
181.95
182.38
182.81
183.24
183.68
184.12
184.55
184.98
185.40
185.84
186.29
186.75
187.20
187.66
188.14
188.73
189.31
189.89
190.46
191.04
191.62
192.20
192.80
193.33
193.86
194.40
194.79
195.21
195.62
196.02
196.44
196.86
197.28
197.73
198.18
198.64
199.13
199.62
200.11
200.62
201.12
201.61
202.09
202.56
203.02
203.49
203.94
204.39
204.85
205.24
205.62
206.01
206.39
206.77
207.15
207.52
207.89
208.27
208.65
209.04
209.42
209.84
210.25
210.65
211.22
211.79
212.36
212.92
213.47
214.04
214.60
215.16
215.74
216.32
216.90
217.51
218.14
218.76
219.37
219.99
220.60
221.22
221.83
222.45
223.07
223.69
224.30
224.94
225.57
226.14
226.71
227.28
227.85
228.40
228.96
229.52
230.07
230.67
231.26
231.93
232.61
233.28
233.96
234.65
235.33
236.01
236.68
237.35
238.03
238.71
239.42
240.12
240.83
241.53
242.23
242.93
243.62
244.34
245.06
245.70
246.33
246.94
247.56
248.17
248.79
249.41
