# Beats
0.51
1.03
1.58
2.12
2.67
3.20
3.72
4.23
4.74
5.25
5.76
6.25
6.71
7.21
7.66
8.15
8.64
9.20
9.75
10.30
10.82
11.34
11.87
12.40
12.91
13.44
13.98
14.51
15.07
15.63
16.20
16.76
17.35
17.93
18.51
19.09
19.64
20.20
20.76
21.34
21.91
22.34
22.78
23.22
23.65
24.01
24.38
24.75
25.14
25.50
25.84
26.19
26.54
26.87
27.20
27.53
27.86
28.20
28.58
28.97
29.34
29.70
30.06
30.42
30.79
31.14
31.51
31.87
32.23
32.60
32.94
33.29
33.63
33.97
34.30
34.62
34.93
35.25
35.57
35.90
36.22
36.55
36.88
37.24
37.59
37.92
38.25
38.59
38.93
39.29
39.64
40.00
40.34
40.69
41.04
41.39
41.74
42.10
42.47
42.84
43.26
43.67
44.07
44.48
44.92
45.36
45.80
46.25
46.71
47.18
47.64
48.07
48.51
48.95
49.32
49.69
50.06
50.45
50.83
51.20
51.57
51.93
52.29
52.65
53.01
53.36
53.73
54.11
54.50
54.88
55.26
55.64
55.98
56.33
56.68
57.03
57.38
57.75
58.11
58.47
58.83
59.19
59.58
59.98
60.37
60.77
61.18
61.60
62.02
62.44
62.86
63.27
63.69
64.10
64.51
64.91
65.32
65.71
66.10
66.48
66.87
67.24
67.60
67.96
68.34
68.70
69.08
69.45
69.82
70.17
70.54
70.91
71.29
71.66
72.03
72.40
72.76
73.12
73.48
73.83
74.21
74.56
74.93
75.30
75.66
76.02
76.38
76.75
77.11
77.46
77.83
78.20
78.58
78.92
79.30
79.67
80.04
80.39
80.75
81.11
81.48
81.83
82.20
82.55
82.92
83.28
83.66
84.04
84.44
84.85
85.24
85.64
86.05
86.47
86.89
87.32
87.75
88.17
88.58
89.00
89.50
90.00
90.50
91.01
91.51
92.01
92.50
92.98
93.47
93.97
94.47
94.97
95.47
95.97
96.47
96.97
97.45
97.92
98.39
98.86
99.32
99.78
100.24
100.70
101.18
101.66
102.13
102.62
103.12
103.61
104.10
104.58
105.05
105.52
106.00
106.49
106.97
107.43
107.90
108.39
108.81
109.23
109.64
110.06
110.49
110.90
111.32
111.77
112.25
112.71
113.20
113.67
114.13
114.59
115.07
115.54
116.01
116.45
116.91
117.38
117.82
118.26
118.70
119.22
119.75
120.27
120.78
121.29
121.88
122.46
123.03
123.61
124.20
124.78
125.34
125.90
126.46
127.00
127.57
128.13
128.71
129.27
129.82
130.38
130.95
131.52
132.09
132.61
133.12
133.63
134.11
134.61
135.09
135.59
136.12
136.63
137.23
137.81
138.37
138.96
139.55
140.20
140.85
141.51
142.18
142.81
143.45
144.09
144.70
145.30
145.91
146.52
147.11
147.63
148.14
148.63
149.12
149.62
150.11
150.58
151.05
151.51
151.97
152.45
152.94
153.41
153.88
154.32
154.76
155.21
155.64
156.07
156.50
156.94
157.38
157.83
158.24
158.66
159.08
159.51
159.92
160.33
160.75
161.15
161.55
161.96
162.38
162.77
163.19
163.70
164.20
164.70
165.21
165.71
166.19
166.66
167.16
167.67
168.23
168.76
169.31
169.88
170.45
170.95
171.44
171.92
172.38
172.83
173.29
173.75
174.22
174.68
175.16
175.61
176.07
176.52
176.96
177.40
177.86
178.33
178.82
179.29
179.77
180.21
180.66
181.10
181.63
182.14
182.79
183.41
184.04
184.66
185.27
185.88
186.48
187.07
187.68
188.29
188.89
189.47
190.10
190.80
191.49
192.20
192.91
193.61
194.28
194.84
195.41
195.95
196.42
196.88
197.33
197.81
198.30
198.76
199.23
199.69
200.16
200.62
201.06
201.51
201.97
202.43
202.88
203.35
203.80
204.24
204.70
205.17
205.65
206.12
206.62
207.11
207.59
208.07
208.54
209.01
209.49
209.97
210.43
210.91
211.39
211.86
212.33
212.81
213.28
213.75
214.23
214.69
215.17
215.64
216.11
216.60
217.07
217.55
218.02
218.50
218.98
219.45
219.92
