# Beats
0.43
0.87
1.31
1.75
2.19
2.64
3.12
3.61
4.10
4.53
4.92
5.32
5.70
6.08
6.46
6.85
7.24
7.62
7.99
8.36
8.73
9.17
9.59
9.98
10.38
10.77
11.18
11.59
12.00
12.42
12.84
13.27
13.70
14.13
14.56
15.00
15.43
15.85
16.25
16.65
17.07
17.47
17.90
18.34
18.78
19.23
19.62
20.03
20.43
20.83
21.22
21.62
22.02
22.42
22.81
23.21
23.59
24.00
24.40
24.81
25.24
25.66
26.10
26.54
26.99
27.40
27.82
28.24
28.63
29.04
29.43
29.81
30.21
30.58
30.96
31.35
31.72
32.11
32.51
32.98
33.47
33.95
34.42
34.90
35.38
35.85
36.32
36.80
37.29
37.76
38.22
38.64
39.08
39.53
39.97
40.47
40.97
41.47
41.91
42.33
42.76
43.24
43.71
44.19
44.64
45.09
45.55
46.00
46.45
46.89
47.33
47.79
48.24
48.69
49.16
49.62
50.09
50.55
51.01
51.48
51.94
52.41
52.85
53.30
53.73
54.17
54.61
55.12
55.61
56.12
56.56
57.03
57.49
57.95
58.36
58.75
59.15
59.54
59.92
60.31
60.71
61.09
61.46
61.83
62.21
62.53
62.86
63.18
63.53
63.88
64.23
64.57
64.93
65.27
65.62
65.96
66.29
66.64
67.01
67.36
67.71
68.06
68.39
68.74
69.07
69.43
69.80
70.15
70.50
70.86
71.22
71.56
71.94
72.30
72.63
72.98
73.34
73.70
74.07
74.47
74.84
75.23
75.62
75.98
76.32
76.67
77.04
77.39
77.78
78.14
78.50
78.95
79.38
79.80
80.24
80.78
81.34
81.89
82.41
82.95
83.43
83.92
84.40
84.87
85.34
85.81
86.29
86.73
87.18
87.66
88.14
88.62
89.16
89.71
90.26
90.76
91.28
91.80
92.22
92.65
93.08
93.51
93.92
94.34
94.76
95.18
95.57
95.97
96.36
96.76
97.15
97.55
97.94
98.35
98.75
99.15
99.54
99.94
100.33
100.73
101.16
101.59
102.02
102.42
102.83
103.26
103.69
104.11
104.54
104.97
105.40
105.80
106.21
106.63
107.02
107.42
107.83
108.24
108.65
109.04
109.44
109.85
110.25
110.64
111.04
111.43
111.82
112.20
112.57
112.97
113.36
113.75
114.14
114.63
115.10
115.58
116.04
116.51
116.99
117.42
117.85
118.28
118.71
119.14
119.57
120.00
120.43
120.86
121.29
121.72
122.15
122.55
122.97
123.39
123.81
124.23
124.64
125.03
125.41
125.78
126.18
126.54
126.90
127.27
127.64
128.02
128.41
128.79
129.15
129.50
129.86
130.19
130.57
130.93
131.31
131.67
132.03
132.44
132.84
133.25
133.65
134.05
134.47
134.86
135.27
135.67
136.09
136.50
136.88
137.26
137.65
138.04
138.41
138.81
139.18
139.58
139.99
140.41
140.83
141.36
141.90
142.43
142.99
143.55
144.10
144.67
145.24
145.80
146.32
146.84
147.35
147.89
148.43
148.89
149.34
149.78
150.23
150.69
151.15
151.63
152.09
152.56
153.01
153.47
153.95
154.42
154.88
155.34
155.79
156.28
156.78
157.29
157.84
158.38
158.94
159.54
160.16
160.76
161.36
161.97
162.47
162.97
163.46
163.94
164.43
164.92
165.40
165.87
166.35
166.79
167.25
167.71
168.16
168.60
169.04
169.56
170.09
170.62
171.18
171.76
172.38
172.99
173.59
174.27
174.94
175.60
176.26
176.92
177.59
