# Beats
0.42
0.85
1.28
1.67
2.04
2.41
2.79
3.16
3.53
3.90
4.27
4.64
5.04
5.42
5.83
6.27
6.70
7.12
7.55
7.95
8.36
8.78
9.20
9.66
10.11
10.61
11.11
11.63
12.31
12.99
13.68
14.35
15.00
15.65
16.29
16.88
17.53
18.22
18.90
19.60
20.27
20.94
21.62
22.29
22.99
23.66
24.36
25.05
25.73
26.40
27.06
27.71
28.37
29.01
29.66
30.31
30.95
31.60
32.24
32.84
33.46
34.08
34.69
35.31
35.72
36.14
36.55
36.94
37.34
37.73
38.14
38.52
38.92
39.30
39.68
40.08
40.46
40.84
41.24
41.63
42.03
42.42
42.82
43.21
43.61
44.00
44.38
44.79
45.21
45.63
46.07
46.52
46.96
47.42
47.86
48.29
48.72
49.13
49.55
49.97
50.39
50.78
51.19
51.63
52.06
52.48
52.90
53.29
53.68
54.08
54.50
54.90
55.33
55.75
56.17
56.59
56.98
57.38
57.79
58.28
58.77
59.26
59.74
60.23
60.71
61.16
61.63
62.11
62.59
63.09
63.58
64.01
64.44
64.86
65.29
65.71
66.14
66.57
66.91
67.26
67.59
67.92
68.26
68.60
68.95
69.30
69.63
70.08
70.52
70.96
71.44
71.91
72.39
72.86
73.34
73.82
74.29
74.77
75.23
75.66
76.09
76.51
76.93
77.35
77.76
78.17
78.58
78.99
79.41
79.82
80.22
80.64
81.04
81.43
81.83
82.22
82.60
83.00
83.41
83.82
84.23
84.65
85.05
85.46
85.86
86.26
86.68
87.07
87.49
87.90
88.31
88.70
89.11
89.54
89.95
90.35
90.77
91.16
91.56
91.97
92.39
92.81
93.22
93.62
94.03
94.45
94.85
95.25
95.64
96.04
96.46
96.85
97.25
97.65
98.06
98.48
98.87
99.27
99.67
100.08
100.47
100.87
101.25
101.65
102.05
102.46
102.86
103.28
103.68
104.08
104.49
104.90
105.30
105.72
106.12
106.51
106.93
107.33
107.74
108.14
108.55
108.98
109.40
109.82
110.23
110.62
111.01
111.43
111.83
112.22
112.64
113.06
113.44
113.85
114.24
114.64
115.03
115.44
115.84
116.25
116.66
117.08
117.49
117.91
118.31
118.71
119.12
119.54
119.94
120.36
120.78
121.20
121.60
122.01
122.42
122.81
123.21
123.60
124.02
124.41
124.83
125.25
125.64
126.06
126.47
126.89
127.30
127.71
128.15
128.59
129.02
129.43
129.81
130.23
130.65
131.02
131.39
131.76
132.26
132.73
133.19
133.65
134.16
134.68
135.19
135.58
135.98
136.37
136.77
137.16
137.54
137.95
138.36
138.74
139.13
139.53
139.90
140.27
140.64
141.01
141.41
141.78
142.16
142.55
142.92
143.29
143.69
144.08
144.46
144.82
145.21
145.57
145.94
146.32
146.70
147.08
147.47
147.84
148.21
148.57
148.93
149.30
149.70
150.08
150.47
150.84
151.22
151.58
151.95
152.32
152.72
153.09
153.46
153.83
154.23
154.60
154.98
155.36
155.75
156.12
156.50
156.89
157.27
157.64
158.01
158.39
158.80
159.22
159.63
160.01
160.42
160.84
161.26
161.68
162.09
162.49
162.92
163.35
163.78
164.22
164.65
165.09
165.54
166.00
166.44
166.86
167.28
167.69
168.11
168.53
168.97
169.41
169.83
170.25
170.68
171.08
171.48
171.90
172.32
172.73
173.17
173.59
174.01
174.41
174.78
175.15
175.54
175.93
176.31
176.70
177.15
177.57
178.00
178.46
178.93
179.40
179.86
180.35
180.81
181.29
181.73
182.15
182.57
182.96
183.37
183.77
184.18
184.58
185.00
185.43
185.85
186.25
186.67
187.06
187.48
187.86
188.27
188.65
189.06
189.47
189.87
190.29
190.73
191.17
191.61
192.06
192.53
192.98
193.40
193.82
194.23
194.64
195.05
195.48
195.88
196.28
196.67
197.08
197.46
197.86
198.24
198.64
199.02
199.41
199.82
200.23
200.62
201.02
201.41
201.80
202.18
202.56
202.94
203.34
203.72
204.10
204.49
204.87
205.24
205.61
205.98
206.37
206.75
207.12
207.51
207.89
208.28
208.67
209.07
209.47
209.93
210.40
210.85
211.32
211.79
212.27
212.71
213.19
213.68
214.16
214.63
215.11
