# Beats
0.33
0.70
1.04
1.39
1.74
2.10
2.46
2.83
3.23
3.62
4.04
4.42
4.83
5.22
5.62
5.99
6.39
6.76
7.14
7.53
7.89
8.29
8.70
9.11
9.52
9.91
10.31
10.67
11.05
11.45
11.84
12.25
12.65
13.05
13.56
14.05
14.56
15.06
15.53
15.98
16.43
16.89
17.37
17.83
18.29
18.74
19.18
19.67
20.11
20.60
21.13
21.66
22.21
22.73
23.24
23.73
24.23
24.73
25.24
25.73
26.22
26.70
27.23
27.74
28.24
28.75
29.25
29.79
30.33
30.86
31.47
32.02
32.58
33.16
33.72
34.32
34.92
35.53
36.11
36.71
37.26
37.80
38.37
38.92
39.47
40.14
40.82
41.49
42.17
42.84
43.51
44.16
44.84
45.51
46.28
47.06
47.83
48.60
49.34
50.10
50.85
51.64
52.43
