# Beats
0.41
0.82
1.24
1.65
2.04
2.41
2.80
3.18
3.56
3.95
4.34
4.73
5.11
5.49
5.89
6.29
6.70
7.11
7.52
7.94
8.36
8.77
9.16
9.57
9.96
10.36
10.75
11.13
11.52
11.89
12.26
12.63
13.03
13.40
13.78
14.16
14.55
14.93
15.31
15.70
16.08
16.46
16.85
17.23
17.61
18.00
18.39
18.78
19.17
19.55
19.95
20.34
20.74
21.13
21.51
21.90
22.27
22.64
23.02
23.41
23.80
24.18
24.57
24.94
25.33
25.73
26.12
26.51
26.89
27.26
27.64
28.04
28.42
28.80
29.19
29.57
29.95
30.34
30.72
31.11
31.49
31.87
32.25
32.62
33.01
33.39
33.79
34.16
34.54
34.92
35.31
35.70
36.08
36.48
36.90
37.29
37.67
38.06
38.45
38.82
39.21
39.59
39.96
40.34
40.73
41.10
41.47
41.97
42.46
42.96
43.51
44.06
44.61
45.14
45.69
46.24
46.81
47.37
47.86
48.36
48.84
49.40
49.95
50.48
51.04
51.59
52.16
52.73
53.30
53.85
54.38
54.94
55.47
55.98
56.49
57.00
57.52
58.03
58.51
59.01
59.51
60.00
60.50
61.07
61.65
62.23
62.88
63.51
64.21
64.92
65.61
66.32
67.00
67.67
68.35
68.93
69.51
69.98
70.47
70.97
71.47
71.97
72.47
72.97
73.44
73.93
74.41
74.88
75.37
75.92
76.44
76.95
77.45
77.97
78.48
79.04
79.59
80.12
80.68
81.22
81.79
82.35
82.92
83.48
84.04
84.61
85.18
85.75
86.31
86.87
87.42
87.96
88.49
89.01
89.55
90.07
90.66
91.25
91.86
92.44
93.02
93.59
94.17
94.74
95.31
95.89
96.46
97.04
97.61
98.17
98.75
99.35
100.01
100.68
101.41
102.17
102.86
103.58
104.28
104.98
105.60
106.24
106.89
107.53
108.16
108.73
109.27
109.83
110.34
110.85
111.36
111.86
112.36
112.85
113.45
114.06
114.69
115.35
116.03
116.70
117.38
118.05
118.72
119.41
120.12
120.80
121.50
122.18
122.87
123.53
124.20
124.85
125.50
126.14
126.73
127.32
127.83
128.34
128.85
129.36
129.87
130.40
130.91
131.42
131.95
132.47
132.99
133.51
134.01
134.51
135.02
135.47
135.89
136.32
136.77
137.21
137.64
138.07
138.51
138.95
139.40
139.81
140.21
140.62
141.04
141.46
141.87
142.28
142.69
143.08
143.48
143.86
144.24
144.63
145.01
145.39
145.77
146.16
146.54
146.92
147.30
147.69
148.07
148.46
148.84
149.23
149.61
149.98
150.36
150.74
151.13
151.51
151.88
152.25
152.62
153.00
153.37
153.74
154.11
154.47
154.85
155.23
155.59
155.95
156.32
156.70
157.07
157.45
157.83
158.20
158.58
158.96
159.34
159.71
160.08
160.45
160.82
161.19
161.54
161.91
162.27
162.63
163.00
163.36
163.72
164.10
164.46
164.82
165.19
165.57
165.95
166.31
166.67
167.04
167.43
167.81
168.18
168.55
168.94
169.30
169.67
170.04
170.41
170.78
171.15
171.51
171.87
172.23
172.59
172.97
173.34
173.71
174.08
174.45
174.85
175.23
175.61
176.00
176.38
176.76
177.21
177.66
178.11
178.64
179.17
179.70
180.23
180.78
181.32
181.86
182.40
182.89
183.39
183.89
184.39
184.90
185.39
185.88
186.36
186.87
187.39
187.90
188.41
188.92
189.41
189.92
190.40
190.88
191.36
191.84
192.32
192.80
193.26
193.75
194.21
194.66
195.06
195.47
195.85
196.22
196.58
196.95
197.32
197.71
198.09
198.46
198.84
199.23
199.61
199.99
200.39
200.78
201.17
201.55
201.94
202.33
202.71
203.09
203.48
203.87
204.24
204.63
205.01
205.39
205.78
206.15
206.53
206.92
207.31
207.70
208.09
208.47
208.86
209.26
209.65
210.05
210.44
210.84
211.22
211.60
212.00
212.39
212.78
213.15
213.52
213.90
214.30
214.69
215.07
215.47
215.85
216.25
216.64
217.01
217.41
217.77
218.15
218.53
218.92
219.31
219.68
220.09
220.51
220.93
221.33
221.75
222.17
222.57
222.98
223.36
223.75
224.14
224.54
224.91
225.28
225.67
226.07
226.45
226.86
227.24
227.64
228.04
228.46
228.90
229.34
229.77
230.20
230.66
231.11
231.55
231.99
232.43
232.87
