# Beats
0.39
0.80
1.21
1.61
2.02
2.41
2.81
3.18
3.55
3.92
4.30
4.69
5.09
5.48
5.86
6.25
6.62
7.00
7.38
7.74
8.10
8.45
8.80
9.16
9.52
9.88
10.24
10.58
10.92
11.27
11.61
11.96
12.29
12.63
12.97
13.31
13.63
13.96
14.27
14.59
15.08
15.57
16.07
16.57
17.07
17.55
18.04
18.53
19.02
19.50
19.99
20.48
20.99
21.50
22.01
22.52
23.03
23.55
24.06
24.57
25.08
25.58
26.08
26.58
27.07
27.59
28.10
28.61
29.12
29.72
30.31
30.91
31.49
32.08
32.79
33.49
34.18
34.86
35.55
36.26
36.97
37.62
38.27
38.91
39.54
40.18
40.82
41.46
42.06
42.68
43.26
43.83
44.41
44.98
45.56
46.14
46.72
47.30
47.87
48.45
49.03
49.48
49.93
50.39
50.84
51.29
51.73
52.20
52.66
53.13
53.60
54.08
54.54
55.01
55.47
55.95
56.40
56.87
57.33
57.79
58.27
58.75
59.23
59.73
60.21
60.70
61.17
61.65
62.12
62.60
63.08
63.55
64.02
64.48
64.96
65.42
65.89
66.36
66.83
67.40
67.98
68.55
69.11
69.68
70.23
70.77
71.32
71.85
72.40
72.95
73.49
74.03
74.56
75.10
75.65
76.20
76.75
77.29
77.82
78.34
78.87
79.40
79.92
80.43
80.94
81.46
81.97
82.48
82.98
83.49
84.01
84.52
85.03
85.54
86.05
86.56
87.07
87.59
88.10
88.61
89.12
89.63
90.15
90.69
91.22
91.75
92.35
92.94
93.53
94.11
94.69
95.23
95.76
96.29
96.76
97.22
97.69
98.14
98.59
99.03
99.47
99.96
100.45
100.94
101.44
101.94
102.43
102.90
103.35
103.82
104.30
104.79
105.26
105.73
106.21
106.68
107.16
107.65
108.12
108.53
108.95
109.37
109.77
110.20
110.63
111.06
111.54
112.01
112.49
112.97
113.44
113.92
114.39
114.86
115.33
115.81
116.29
116.76
117.24
117.73
118.21
118.71
119.21
119.70
120.19
120.69
121.18
121.68
122.20
122.71
123.22
123.72
124.22
124.71
125.23
125.74
126.25
126.76
127.28
127.79
128.29
128.79
129.29
129.79
130.29
130.79
131.29
131.78
132.27
132.75
133.22
133.69
134.16
134.65
135.14
135.60
136.08
136.56
137.02
137.49
137.95
138.40
138.86
139.32
139.77
140.24
140.70
141.18
141.66
142.14
142.66
143.17
143.69
144.18
144.67
145.16
145.66
146.16
146.66
147.16
147.66
148.17
148.71
149.26
149.80
150.42
151.02
151.63
152.23
152.83
153.44
154.04
154.63
155.23
155.81
156.39
156.97
157.52
158.08
158.64
159.20
159.75
160.30
160.86
161.41
161.97
162.44
162.91
163.38
163.84
164.32
164.79
165.26
165.72
166.19
166.65
167.11
167.58
168.02
168.46
168.91
169.37
169.81
170.25
170.69
171.13
171.57
172.01
172.45
172.90
173.33
173.75
174.18
174.61
175.04
175.47
175.91
176.34
176.79
177.24
177.68
178.12
178.54
178.96
179.37
179.80
180.20
180.58
180.98
181.39
181.81
182.23
182.64
183.04
183.46
183.88
184.29
184.70
185.12
185.53
185.92
186.32
186.72
187.13
187.55
187.98
188.41
188.84
189.25
189.67
190.10
190.54
190.98
191.43
191.85
192.28
192.71
193.16
193.58
194.00
194.42
194.83
195.23
195.65
196.07
196.48
196.89
197.32
197.72
198.12
198.53
198.93
199.32
199.71
200.11
200.49
200.88
201.25
201.63
202.01
202.40
202.78
203.17
203.57
203.99
204.41
204.82
205.19
205.58
205.94
206.31
206.68
207.05
207.42
207.80
208.18
208.56
208.94
209.33
209.68
210.02
210.37
210.72
211.07
211.42
211.77
212.11
212.45
212.79
213.12
213.47
213.81
214.16
214.52
214.88
215.23
215.56
215.90
216.24
216.57
216.91
217.26
217.61
217.95
218.30
218.64
218.98
219.31
219.66
220.06
220.46
220.87
221.27
221.68
222.09
222.49
222.89
223.28
223.68
224.07
224.47
224.85
225.25
225.64
226.02
226.39
226.78
227.16
227.57
227.97
228.38
228.79
229.18
229.58
229.97
230.35
230.73
231.10
231.48
231.85
232.22
232.59
232.97
233.34
233.71
234.08
234.45
234.81
235.19
235.57
235.94
236.31
236.67
237.03
237.38
237.75
238.12
238.50
238.89
239.28
239.68
240.07
240.45
240.86
241.27
241.67
242.08
242.53
242.99
243.44
243.88
244.33
244.76
245.20
245.63
246.06
246.50
246.96
247.41
247.86
248.34
248.81
249.28
249.68
250.09
250.50
250.90
251.31
251.72
252.12
252.53
252.97
253.41
253.84
254.28
254.72
255.16
255.59
256.02
256.45
256.88
257.32
257.76
258.21
258.66
259.11
259.56
260.02
260.45
260.88
261.31
261.80
262.29
262.78
263.31
263.85
264.38
264.92
265.45
265.98
266.53
267.06
267.58
268.09
268.61
269.08
269.56
270.04
270.54
271.02
271.51
