# Beats
0.42
0.84
1.25
1.67
2.09
2.51
2.93
3.33
3.74
4.13
4.53
4.91
5.29
5.68
6.06
6.44
6.83
7.21
7.59
7.98
8.36
8.74
9.13
9.51
9.89
10.26
10.63
11.02
11.40
11.78
12.16
12.52
12.89
13.25
13.61
13.98
14.35
14.71
15.09
15.46
15.84
16.21
16.58
16.95
17.32
17.71
18.09
18.47
18.84
19.21
19.60
19.97
20.35
20.74
21.12
21.51
21.91
22.30
22.69
23.08
23.48
23.86
24.24
24.64
25.03
25.40
25.77
26.15
26.52
26.88
27.24
27.60
27.96
28.33
28.69
29.06
29.42
29.78
30.14
30.51
30.88
31.27
31.65
32.02
32.39
32.79
33.17
33.55
33.94
34.32
34.70
35.09
35.47
35.85
36.23
36.62
37.00
37.38
37.77
38.16
38.55
38.89
39.24
39.59
39.94
40.29
40.63
40.99
41.35
41.73
42.10
42.47
42.84
43.25
43.65
44.07
44.48
44.94
45.42
45.89
46.37
46.83
47.30
47.76
48.23
48.69
49.23
49.75
50.28
50.79
51.32
51.86
52.41
52.95
53.50
54.03
54.54
55.04
55.54
56.03
56.52
57.00
57.49
57.97
58.44
58.92
59.41
59.86
60.33
60.79
61.24
61.70
62.14
62.58
63.02
63.46
63.90
64.35
64.81
65.25
65.69
66.12
66.55
66.99
67.43
67.87
68.31
68.75
69.20
69.64
70.10
70.57
71.03
71.49
71.96
72.42
72.90
73.38
73.85
74.33
74.80
75.29
75.78
76.25
76.73
77.21
77.68
78.17
78.66
79.10
79.54
79.98
80.38
80.76
81.15
81.55
81.93
82.31
82.69
83.06
83.43
83.80
84.17
84.54
84.92
85.29
85.66
86.04
86.41
86.80
87.18
87.56
87.95
88.33
88.71
89.09
89.49
89.88
90.28
90.67
91.07
91.46
91.86
92.25
92.65
93.04
93.44
93.89
94.34
94.80
95.27
95.76
96.25
96.75
97.25
97.74
98.26
98.77
99.28
99.78
100.29
100.80
101.32
101.85
102.39
102.88
103.36
103.85
104.34
104.83
105.31
105.73
106.16
106.59
107.00
107.40
107.81
108.22
108.62
109.03
109.44
109.84
110.25
110.65
111.06
111.48
111.90
112.31
112.73
113.15
113.57
113.99
114.40
114.80
115.21
115.61
116.01
116.40
116.80
117.19
117.59
117.98
118.38
118.77
119.15
119.54
119.92
120.30
120.74
121.18
121.61
122.08
122.55
123.02
123.50
123.97
124.44
124.90
125.36
125.83
126.29
126.70
127.12
127.52
127.92
128.31
128.71
129.10
129.50
129.88
130.28
130.67
131.07
131.45
131.83
132.23
132.64
133.07
133.49
133.94
134.40
134.85
135.30
135.77
136.22
136.67
137.14
137.60
138.07
138.53
138.99
139.46
139.92
140.39
140.85
141.33
141.80
142.28
142.74
143.20
143.66
144.13
144.57
145.01
145.45
145.87
146.29
146.69
147.10
147.52
147.93
148.35
148.81
149.26
149.72
150.19
150.66
151.14
151.61
152.09
152.57
153.04
153.52
153.98
154.45
154.85
155.27
155.69
156.10
156.50
156.92
157.34
157.79
158.24
158.70
159.15
159.60
160.06
160.51
160.96
161.41
161.87
162.37
162.86
163.38
163.91
164.44
165.05
165.65
166.25
166.85
167.44
168.04
168.63
169.24
169.85
170.47
171.04
171.61
172.18
172.71
173.24
173.78
174.28
174.78
175.28
175.73
176.18
176.63
177.06
177.48
177.90
178.32
178.69
179.06
179.43
179.82
180.19
180.56
180.93
181.30
181.66
182.02
182.37
182.72
183.05
183.39
183.72
184.04
184.38
184.71
185.05
185.39
185.71
186.05
186.39
186.71
187.04
187.36
187.69
188.01
188.34
188.67
189.01
189.35
189.68
190.01
190.35
190.68
191.02
191.36
191.69
192.04
192.39
192.74
193.09
193.45
193.81
194.17
194.54
194.91
195.28
195.64
196.01
196.39
196.77
197.15
197.53
197.92
198.30
198.67
199.04
199.41
199.78
200.16
200.53
