# Beats
0.38
0.78
1.17
1.57
1.96
2.36
2.75
3.13
3.52
3.90
4.28
4.64
5.00
5.36
5.72
6.13
6.54
6.94
7.43
7.91
8.38
8.86
9.29
9.73
10.21
10.72
11.22
11.71
12.20
12.71
13.19
13.64
14.08
14.54
14.98
15.42
15.87
16.31
16.76
17.18
17.64
18.03
18.43
18.84
19.25
19.66
20.03
20.39
20.78
21.21
21.62
22.07
22.48
22.86
23.28
23.68
24.09
24.51
24.93
25.32
25.74
26.13
26.53
26.97
27.41
27.84
28.25
28.64
29.04
29.45
29.86
30.27
30.69
31.08
31.45
31.85
32.24
32.71
33.17
33.63
34.10
34.56
35.02
35.48
35.94
36.41
36.84
37.31
37.80
38.25
38.84
39.39
39.96
40.55
41.12
41.70
42.27
42.85
43.50
44.15
44.83
45.51
46.17
46.83
47.51
48.17
48.84
49.40
49.95
50.52
51.00
51.51
52.00
52.48
52.95
53.41
53.88
54.35
54.83
55.24
55.66
56.08
56.47
56.85
57.25
57.63
58.02
58.43
58.83
59.22
59.59
59.99
60.38
60.77
61.17
61.57
61.97
62.38
62.80
63.17
63.54
63.99
64.46
64.92
65.41
65.92
66.39
66.85
67.29
67.74
68.17
68.60
69.06
69.50
69.92
70.34
70.79
71.23
71.66
72.11
72.57
73.08
73.58
74.09
74.59
75.10
75.62
76.14
76.64
77.13
77.62
78.12
78.63
79.16
79.63
80.12
80.52
80.93
81.32
81.69
82.02
82.40
82.79
83.19
83.55
83.91
84.27
84.63
85.00
85.37
85.74
86.11
86.52
86.92
87.30
87.70
88.08
88.47
88.83
89.25
89.66
90.09
90.55
91.01
91.44
91.87
92.30
92.69
93.11
93.54
93.95
94.33
94.71
95.11
95.49
95.88
96.26
96.66
97.06
97.43
97.81
98.20
98.57
98.93
99.29
99.67
100.03
100.40
100.80
101.16
101.54
101.91
102.28
102.64
102.99
103.35
103.69
104.05
104.42
104.78
105.16
105.53
105.92
106.28
106.65
107.02
107.37
107.75
108.12
108.50
108.84
109.19
109.56
109.90
110.26
110.63
111.01
111.40
111.77
112.13
112.47
112.79
113.21
113.63
114.04
114.50
114.94
115.37
115.79
116.18
116.58
116.99
117.38
117.79
118.21
118.62
119.01
119.41
119.83
120.26
120.69
121.12
121.52
121.92
122.31
122.68
123.07
123.44
123.82
124.23
124.61
125.02
125.41
125.81
126.22
126.58
126.92
127.27
127.62
128.01
128.39
128.77
129.17
129.54
129.92
130.29
130.69
131.08
131.45
131.84
132.25
132.64
133.05
133.47
133.86
134.26
134.64
135.02
135.44
135.88
136.32
136.73
137.15
137.57
138.02
138.50
138.99
139.48
139.94
140.39
140.84
141.28
141.72
142.16
