# Beats
0.62
1.20
1.76
2.35
2.93
3.51
4.16
4.73
5.29
5.87
6.46
7.05
7.66
8.28
8.89
9.51
10.12
10.77
11.47
12.16
12.84
13.54
14.23
14.95
15.65
16.35
17.02
17.72
18.41
19.10
19.74
20.41
21.15
21.87
22.59
23.34
24.09
24.85
25.54
26.24
26.94
27.61
28.29
29.00
29.71
30.49
31.25
32.03
32.72
33.39
34.04
34.63
35.22
35.81
36.39
36.99
37.55
38.12
38.68
39.24
39.82
40.34
40.87
41.40
41.90
42.40
42.90
43.40
43.91
44.40
44.90
45.40
45.92
46.37
46.81
47.26
47.72
48.16
48.62
49.08
49.53
49.99
50.43
50.83
51.22
51.63
52.04
52.42
52.81
53.22
53.59
53.96
54.32
54.71
55.08
55.45
55.82
56.19
56.58
