# Beats
0.45
0.92
1.39
1.87
2.35
2.81
3.24
3.68
4.13
4.66
5.18
5.70
6.21
6.73
7.24
7.79
8.34
8.88
9.43
9.97
10.50
11.03
11.56
12.10
12.62
13.14
13.66
14.19
14.71
15.23
15.75
16.28
16.81
17.35
17.88
18.41
18.95
19.47
20.00
20.54
21.07
21.61
22.15
22.72
23.29
23.87
24.45
25.03
25.61
26.18
26.77
27.36
27.95
28.46
28.98
29.50
30.02
30.55
31.07
31.60
32.12
32.65
33.17
33.69
34.23
34.75
35.28
35.82
36.35
36.88
37.41
37.92
38.44
38.96
39.49
40.01
40.54
41.08
41.60
42.12
42.64
43.17
43.70
44.23
44.77
45.30
45.84
46.37
46.89
47.43
47.96
48.48
49.01
49.53
50.04
50.56
51.08
51.59
52.12
52.64
53.16
53.68
54.21
54.74
55.26
55.80
56.32
56.84
57.38
57.92
58.46
58.99
59.51
60.05
60.57
61.10
61.64
62.16
62.68
63.20
63.73
64.25
64.78
65.32
65.85
66.39
66.92
67.45
67.99
68.51
69.02
69.54
70.05
70.57
71.08
71.60
72.13
72.67
73.20
73.73
74.27
74.80
75.34
75.88
76.44
76.99
77.53
78.08
78.63
79.03
79.41
79.81
80.20
80.60
80.98
81.36
81.73
82.12
82.50
82.90
83.28
83.65
84.02
84.39
84.75
85.11
85.47
85.82
86.17
86.52
86.87
87.21
87.56
87.91
88.25
88.58
88.92
89.27
89.62
89.98
90.34
90.70
91.05
91.39
91.74
92.10
92.46
92.83
93.20
93.56
93.91
94.27
94.63
94.98
95.34
95.69
96.05
96.40
96.75
97.08
97.43
97.77
98.13
98.48
98.82
99.16
99.50
99.85
100.19
100.54
100.90
101.26
101.62
101.97
102.32
102.68
103.03
103.39
103.74
104.08
104.43
104.78
105.13
105.48
105.84
106.20
106.56
106.92
107.28
107.64
108.00
108.37
108.76
109.16
109.54
109.92
110.28
110.64
111.01
111.39
111.77
112.14
112.51
112.87
113.23
113.59
113.95
114.31
114.66
115.01
115.36
115.71
116.05
116.40
116.75
117.10
117.43
117.78
118.12
118.47
118.82
119.18
119.52
119.87
120.22
120.57
120.92
121.28
121.63
121.99
122.33
122.69
123.04
123.40
123.76
124.12
124.48
124.85
125.23
125.59
125.95
126.32
126.69
127.06
127.44
127.83
128.20
128.57
128.94
129.31
129.67
130.05
130.43
130.80
131.17
131.53
131.89
132.25
132.61
132.96
133.31
133.65
134.00
134.35
134.70
135.05
135.38
135.74
136.10
136.46
136.84
137.20
137.54
137.90
138.25
138.60
138.96
139.31
139.66
140.02
140.38
140.74
141.11
141.44
141.78
142.14
142.49
142.84
143.19
143.55
143.91
144.29
144.68
145.08
145.47
145.88
146.29
146.70
147.11
147.53
147.95
148.35
148.74
149.12
149.49
149.85
150.20
150.55
150.89
151.25
151.61
151.97
152.33
152.69
153.05
153.40
153.76
154.11
154.47
154.82
155.18
155.53
155.88
156.22
156.57
156.92
157.26
157.61
157.95
158.29
158.64
158.99
159.34
159.68
160.03
160.39
160.74
161.09
161.45
161.80
162.16
162.52
162.89
163.25
163.62
163.99
164.36
164.73
165.09
165.45
165.80
166.15
166.50
166.85
167.20
167.54
167.88
168.23
168.57
168.90
169.25
169.59
169.94
170.30
170.63
170.97
171.31
171.64
171.99
172.34
172.70
173.05
173.40
173.74
174.08
174.43
174.78
175.14
175.48
175.86
176.22
176.59
176.95
177.30
177.64
178.00
178.38
178.74
179.11
179.48
179.85
180.22
180.58
180.94
181.30
181.66
182.01
182.36
182.72
183.07
183.41
183.76
184.11
184.46
184.80
185.13
185.46
185.79
186.13
186.48
186.82
187.16
187.51
187.86
188.20
188.53
188.87
189.22
189.58
189.93
190.29
190.66
191.03
191.41
191.79
192.16
192.53
192.89
193.36
193.84
194.32
194.79
195.27
195.73
196.20
196.66
197.11
197.56
198.00
198.45
198.89
199.34
199.78
200.23
200.68
201.12
201.58
202.05
202.51
202.98
203.43
203.88
204.34
204.80
205.25
205.71
206.17
206.62
207.08
207.53
207.99
208.45
208.89
209.34
209.82
210.27
210.72
211.17
211.64
212.08
212.53
212.99
213.44
213.90
214.36
214.81
215.26
215.72
216.19
216.63
217.07
217.52
217.98
218.43
218.88
219.34
219.79
220.24
220.68
221.14
221.59
222.03
222.48
222.93
223.40
223.86
224.32
224.77
225.23
225.70
226.15
226.60
227.06
227.51
227.96
228.41
228.87
229.31
229.75
230.19
230.63
231.08
231.54
231.99
232.44
232.90
233.35
233.80
234.27
234.73
235.19
235.65
236.10
236.55
237.01
237.46
237.90
238.35
238.79
239.25
239.71
240.18
240.63
241.07
241.51
241.95
242.42
242.87
243.33
243.79
244.25
244.72
245.17
245.61
246.06
246.51
246.97
247.42
247.87
248.33
248.77
249.22
249.67
250.11
250.57
251.01
251.46
251.90
252.35
252.81
253.26
253.72
254.19
254.64
255.09
255.55
256.00
256.45
256.91
257.36
257.81
258.26
258.72
259.17
259.61
260.05
260.50
260.95
261.40
261.85
262.30
262.76
263.22
263.70
264.17
264.65
265.13
265.61
266.18
266.75
267.31
267.87
268.43
268.98
269.53
270.07
270.57
271.06
271.56
272.06
272.56
273.06
273.55
274.04
274.53
274.99
275.46
275.93
276.41
276.90
277.39
277.87
278.37
278.86
279.35
279.82
280.30
280.78
