# Beats
0.59
1.18
1.73
2.26
2.80
3.38
3.96
4.57
5.18
5.79
6.41
7.02
7.63
8.24
8.86
9.46
10.07
10.66
11.25
11.84
12.31
12.76
13.21
13.58
13.96
14.33
14.70
15.07
15.44
15.81
16.20
16.57
16.94
17.31
17.69
18.08
18.45
18.83
19.21
19.66
20.10
20.54
20.98
21.42
21.87
22.33
22.78
23.23
23.68
24.10
24.52
24.95
25.36
25.77
26.18
26.59
26.99
27.39
27.78
28.18
28.57
28.97
29.35
29.76
30.17
30.59
31.02
31.59
32.15
32.73
33.30
33.87
34.45
35.02
35.58
36.15
36.73
37.33
37.93
38.53
39.14
39.75
40.43
41.10
41.77
42.43
43.10
43.76
44.41
45.00
45.59
46.18
46.78
47.37
47.98
48.59
49.28
49.98
50.76
51.53
52.29
53.06
53.82
54.59
55.28
55.97
56.66
57.35
57.96
58.54
59.13
59.72
60.30
60.89
61.47
62.06
62.64
63.22
63.81
64.44
65.06
65.72
66.39
67.05
67.72
68.38
69.04
69.71
70.37
71.03
71.68
72.32
72.92
73.53
74.13
74.71
75.29
75.87
76.45
77.03
77.61
78.20
78.76
79.30
79.84
80.38
80.92
81.47
82.06
82.65
83.23
83.82
84.42
85.01
85.60
86.20
86.80
87.39
87.99
88.60
89.20
89.80
90.41
91.00
91.59
92.19
92.80
93.40
94.06
94.71
95.36
96.01
96.60
97.16
97.74
98.32
98.89
99.46
100.04
100.62
101.20
101.78
102.35
102.97
103.58
104.20
104.81
105.43
106.03
106.64
107.26
107.88
108.48
109.08
109.68
110.28
110.90
111.56
112.22
112.87
113.58
114.28
114.97
115.66
116.40
117.14
117.88
118.61
119.28
119.95
120.58
121.21
121.85
122.52
123.19
123.87
124.54
125.21
125.89
126.58
127.28
127.99
128.70
129.42
130.12
130.80
131.47
132.14
132.84
133.54
134.23
134.93
135.63
136.32
137.00
137.68
138.27
138.87
139.45
140.05
140.64
141.24
141.83
142.42
143.01
143.62
144.21
144.80
145.40
145.98
146.56
147.14
147.74
148.33
148.86
149.40
149.94
150.49
151.02
151.57
152.10
152.64
153.16
153.68
154.20
154.73
155.25
155.77
156.35
156.93
157.51
158.10
158.70
159.29
159.88
160.48
161.08
161.66
162.24
162.83
163.41
163.98
164.55
165.12
165.69
166.25
166.85
167.44
168.11
168.79
169.46
170.12
170.78
171.46
172.13
172.72
173.31
173.91
174.50
175.09
175.69
176.27
176.85
177.42
177.99
178.53
179.07
179.62
180.18
180.74
181.29
181.84
182.38
182.94
183.48
184.02
184.56
185.11
185.66
186.20
186.76
187.32
187.87
188.43
188.98
189.52
190.07
190.60
191.15
191.69
192.23
192.76
193.32
193.86
194.41
194.95
195.51
196.07
196.61
197.16
197.72
198.28
198.82
199.35
199.90
200.45
200.97
201.49
202.01
202.52
203.04
203.55
204.10
204.67
205.25
205.84
206.43
206.89
207.35
207.82
208.27
208.74
209.20
209.66
210.13
210.59
211.06
211.53
212.01
212.49
212.99
213.48
213.98
214.54
215.09
215.66
216.21
216.77
217.33
217.88
218.44
219.00
219.56
220.10
220.66
221.23
221.80
222.35
222.91
223.47
224.03
224.60
225.16
225.74
226.31
226.88
227.46
228.03
228.61
229.19
229.77
230.37
230.96
231.54
232.13
232.72
233.31
233.88
234.46
235.04
235.62
236.19
236.76
237.32
237.88
238.45
239.01
239.56
240.11
240.66
241.21
241.75
242.30
242.85
243.39
243.96
244.51
245.06
245.61
246.15
246.69
247.22
247.76
248.28
248.81
249.36
249.86
250.35
250.83
251.31
251.80
252.28
252.77
253.26
253.75
254.24
254.72
255.21
255.69
256.16
256.65
257.14
257.63
258.11
258.61
259.10
259.59
260.08
