# Beats
0.38
0.78
1.17
1.56
1.95
2.35
2.74
3.13
3.53
3.95
4.34
4.71
5.11
5.50
5.89
6.28
6.66
7.06
7.44
7.83
8.20
8.57
8.95
9.31
9.71
10.04
10.43
10.80
11.18
11.54
11.94
12.34
12.72
13.10
13.48
13.89
14.26
14.63
15.00
15.37
15.78
16.16
16.53
16.90
17.30
17.67
18.07
18.46
18.83
19.20
19.60
19.97
20.36
20.74
21.13
21.51
21.87
22.27
22.65
23.02
23.38
23.78
24.15
24.51
24.87
25.24
25.63
26.01
26.38
26.77
27.14
27.54
27.93
28.33
28.70
29.06
29.42
29.81
30.19
30.58
30.98
31.37
31.74
32.12
32.48
32.88
33.25
33.66
34.02
34.39
34.78
35.16
35.53
35.92
36.29
36.68
37.06
37.45
37.86
38.23
38.61
39.00
39.37
39.75
40.12
40.50
40.87
41.26
41.63
42.00
42.39
42.76
43.14
43.51
43.89
44.27
44.68
45.07
45.44
45.81
46.20
46.56
46.94
47.31
47.69
48.08
48.46
48.84
49.21
49.59
49.97
50.34
50.71
51.11
51.50
51.87
52.26
52.65
53.06
53.45
53.82
54.21
54.59
54.96
55.33
55.70
56.08
56.47
56.84
57.24
57.61
57.98
58.36
58.76
59.14
59.49
59.86
60.26
60.64
61.02
61.39
61.78
62.16
62.53
62.90
63.27
63.67
64.04
64.41
64.78
65.16
65.54
65.94
66.34
66.73
67.12
67.50
67.87
68.23
68.61
69.01
69.38
69.75
70.15
70.52
70.89
71.26
71.65
72.03
72.41
72.79
73.19
73.57
73.96
74.35
74.76
75.14
75.53
75.91
76.27
76.63
77.02
77.40
77.76
78.11
78.51
78.88
79.27
79.66
80.05
80.43
80.82
81.17
81.55
81.94
82.33
82.69
83.06
83.43
83.82
84.22
84.59
84.92
85.31
85.70
86.10
86.48
86.87
87.24
87.63
88.00
88.40
88.78
89.16
89.55
89.92
90.29
90.67
91.07
91.44
91.81
92.19
92.58
92.95
93.32
93.72
94.09
94.48
94.87
95.24
95.63
96.03
96.41
96.79
97.16
97.52
97.91
98.29
98.66
99.06
99.43
99.82
100.19
100.58
100.96
101.34
101.73
102.10
102.47
102.86
103.26
103.63
104.05
104.45
104.86
105.26
105.65
106.07
106.46
106.86
107.25
107.65
108.02
108.40
108.80
109.18
109.56
109.95
110.32
110.71
111.11
111.49
111.87
112.27
112.67
113.08
113.49
113.89
114.29
114.67
115.05
115.45
115.83
116.24
116.62
116.98
117.35
117.73
118.11
118.49
118.85
119.23
119.63
120.00
120.37
120.74
121.14
121.53
121.92
122.30
122.67
123.04
123.43
123.79
124.16
124.53
124.92
125.32
125.71
126.08
126.46
126.83
127.22
127.61
127.99
128.36
128.74
129.13
129.49
129.87
130.25
130.61
130.97
131.33
131.72
132.10
132.52
132.89
133.27
133.67
134.04
134.42
134.82
135.20
135.58
135.95
136.35
136.71
137.09
137.47
137.86
138.25
138.63
139.02
139.39
139.76
140.16
140.52
140.89
141.26
141.64
142.04
142.41
142.79
143.17
143.53
143.92
144.31
144.70
145.08
145.46
145.83
146.22
146.59
146.96
147.33
147.73
148.12
148.51
148.90
149.26
149.68
150.07
150.47
150.85
151.25
151.67
152.09
152.50
152.92
153.34
153.75
154.22
154.67
155.12
155.57
