# Beats
0.51
1.02
1.53
2.04
2.55
3.07
3.60
4.13
4.64
5.15
5.67
6.18
6.69
7.19
7.71
8.24
8.77
9.21
9.68
10.12
10.61
11.08
11.56
12.00
12.45
12.89
13.35
13.86
14.37
14.85
15.35
15.81
16.25
16.74
17.21
17.67
18.13
18.62
19.11
19.63
20.11
20.62
21.01
21.39
21.79
22.18
22.55
22.92
23.31
23.68
24.03
24.40
24.81
25.21
25.59
25.98
26.40
26.91
27.45
27.98
28.51
29.05
29.61
30.15
30.64
31.18
31.81
32.39
32.97
33.53
34.09
34.63
35.18
35.76
36.34
36.91
37.50
38.10
38.71
39.29
39.90
40.43
40.94
41.45
41.90
42.40
42.89
43.37
43.89
44.40
44.85
45.33
45.79
46.28
46.76
47.23
47.74
48.23
48.73
49.19
49.67
50.11
50.60
51.04
51.48
51.92
52.34
52.80
53.22
53.63
54.09
54.51
54.96
55.43
55.84
56.26
56.71
57.14
57.56
57.98
58.40
58.79
59.19
59.65
60.16
60.67
61.21
61.74
62.25
62.74
63.25
63.74
64.20
64.69
65.19
65.67
66.13
66.62
67.08
67.55
68.05
68.55
69.06
69.57
70.05
70.57
71.08
71.61
72.12
72.61
73.12
73.63
74.12
74.61
75.12
75.63
76.01
76.42
76.81
77.23
77.60
77.97
78.37
78.73
79.09
79.44
79.81
80.18
80.53
80.88
81.25
81.62
81.97
82.34
82.71
83.10
83.46
83.89
84.33
84.82
85.33
85.83
86.31
86.77
87.28
87.79
88.27
88.76
89.23
89.68
90.12
90.60
91.07
91.51
92.00
92.44
92.90
93.32
93.86
94.37
94.88
95.38
95.92
96.48
97.01
97.55
98.06
98.62
99.15
99.68
100.22
100.72
101.22
101.70
102.21
102.68
103.19
103.70
104.19
104.70
105.26
105.67
106.09
106.51
106.93
107.36
107.81
108.25
108.63
109.11
109.53
109.98
110.42
110.88
111.32
111.73
112.18
112.59
113.01
113.41
113.80
114.20
114.60
115.03
115.47
115.88
116.19
116.52
116.87
117.19
117.54
117.89
118.26
118.62
118.98
119.34
119.70
120.06
120.45
120.85
121.24
121.64
122.11
122.59
123.02
123.47
123.92
124.34
124.77
125.20
125.67
126.13
126.62
127.11
127.57
128.06
128.55
129.03
129.52
130.03
130.52
131.03
131.54
132.06
132.54
133.03
133.51
134.01
134.55
135.02
135.49
135.95
136.44
136.95
137.46
138.00
138.51
139.04
139.53
140.03
140.54
141.04
141.53
142.01
142.50
142.99
143.45
143.94
144.45
144.96
145.47
145.96
146.45
146.96
147.45
147.93
148.42
148.93
149.44
149.98
150.47
150.99
151.44
151.81
152.21
152.60
152.97
153.27
153.57
153.93
154.25
154.62
154.99
155.35
155.74
156.14
156.55
156.98
157.40
157.81
158.23
