# Beats
0.60
1.22
1.83
2.44
3.04
3.62
4.21
4.82
5.40
6.04
6.68
7.29
7.85
8.41
8.95
9.49
10.03
10.55
11.08
11.59
12.11
12.63
13.18
13.71
14.23
14.77
15.21
15.63
16.06
16.49
16.90
17.35
17.79
18.23
18.67
19.12
19.57
20.04
20.49
20.87
21.28
21.69
22.08
22.48
22.86
23.25
23.66
24.08
24.50
24.92
25.33
25.75
26.17
26.58
27.00
27.43
27.85
28.31
28.77
29.23
29.68
30.09
30.51
30.93
31.37
31.81
32.26
32.72
33.17
33.62
34.06
34.50
34.96
35.42
35.83
36.22
36.62
37.02
37.43
37.84
38.22
38.63
39.03
39.43
39.82
40.23
40.65
41.08
41.49
41.94
42.38
42.82
43.25
43.68
44.12
44.56
44.93
45.30
45.67
46.07
46.45
46.83
47.23
47.60
48.00
48.38
48.76
49.18
49.59
49.99
50.41
50.81
51.20
51.61
51.99
52.38
52.79
53.20
53.59
54.00
54.40
54.79
55.19
55.59
55.99
56.39
56.80
57.19
57.59
58.00
58.42
58.84
59.25
59.65
60.05
60.44
60.85
61.23
61.61
62.00
62.37
62.76
63.15
63.53
63.90
64.25
64.57
64.92
65.28
65.74
66.20
66.66
67.11
67.54
67.95
68.37
68.80
69.22
69.63
70.05
70.47
70.88
71.29
71.68
72.10
72.52
72.98
73.44
73.91
74.36
74.81
75.28
75.76
76.16
76.58
77.00
77.39
77.79
78.18
78.58
78.97
79.37
79.75
80.13
80.53
80.92
81.32
81.72
82.08
82.43
82.78
83.13
83.57
83.99
84.40
84.82
85.24
85.67
86.09
86.51
86.94
87.35
87.74
88.14
88.54
88.93
89.28
89.64
89.98
90.35
90.74
91.14
91.53
91.93
92.32
92.72
93.10
93.48
93.88
94.27
94.67
95.06
95.46
95.85
96.22
96.61
96.99
97.40
97.80
98.22
98.62
99.01
99.42
99.83
100.25
100.68
101.10
101.52
101.91
102.32
102.73
103.13
103.54
103.96
104.42
104.88
105.36
105.88
106.42
106.94
107.46
108.00
108.51
109.03
109.54
110.06
110.55
111.06
111.60
112.08
112.56
113.01
113.48
113.99
114.50
115.01
115.52
116.03
116.52
117.05
117.56
118.07
118.58
119.10
119.61
120.12
120.63
121.14
121.65
122.16
122.67
123.16
123.69
124.20
124.71
125.23
125.74
126.25
126.76
127.27
127.80
128.30
128.80
129.34
129.93
130.50
131.03
131.54
132.05
132.56
133.07
133.61
134.11
134.63
135.12
135.63
136.16
136.67
137.18
137.69
138.21
138.74
139.25
139.74
140.25
140.76
141.27
141.78
142.29
142.80
143.33
143.84
144.36
144.88
145.44
146.00
146.54
147.08
147.62
148.17
148.71
149.26
149.79
150.33
150.86
151.39
151.88
152.36
152.81
153.27
153.75
154.20
154.66
155.12
155.57
156.03
156.47
156.91
157.36
157.81
158.27
158.71
159.15
159.59
160.03
160.48
160.91
161.32
161.74
162.17
162.59
163.00
163.47
163.93
164.40
164.84
165.28
165.73
166.19
166.64
167.10
167.56
168.02
168.46
168.90
169.34
169.80
170.26
170.71
171.17
171.61
172.06
172.50
172.95
173.41
173.86
174.37
174.88
175.45
176.01
176.56
177.13
177.71
178.28
178.84
179.40
179.98
180.56
181.14
181.77
182.38
183.07
183.76
184.45
185.13
185.82
186.49
187.16
187.84
188.50
189.17
189.83
190.47
191.14
191.76
192.39
193.03
193.62
194.21
194.72
195.23
195.76
196.21
196.66
197.11
197.57
198.02
198.48
198.95
199.42
199.88
200.34
200.82
201.28
201.73
202.19
202.65
203.12
203.57
204.06
204.54
205.03
205.52
206.03
206.54
207.05
207.56
208.09
208.61
209.13
209.63
210.13
210.63
211.19
211.75
212.31
212.86
213.41
213.97
214.60
215.21
215.83
216.44
217.06
217.68
