# Beats
0.62
1.23
1.85
2.46
3.09
3.69
4.32
4.97
5.60
6.25
6.88
7.47
8.03
8.61
9.15
9.69
10.25
10.76
11.26
11.76
12.21
12.67
13.13
13.58
14.05
14.50
14.97
15.44
15.91
16.35
16.76
17.19
17.62
18.05
18.49
18.92
19.37
19.78
20.20
20.62
21.05
21.49
21.92
22.48
23.02
23.57
24.11
24.66
25.19
25.75
26.31
26.87
27.41
27.98
28.55
29.11
29.65
30.19
30.72
31.25
31.79
32.33
32.89
33.46
34.01
34.55
35.09
35.63
36.13
36.63
37.14
37.65
38.16
38.66
39.16
39.66
40.17
40.69
41.22
41.67
42.11
42.54
42.97
43.37
43.79
44.22
44.63
45.04
45.45
45.86
46.28
46.68
47.09
47.51
47.90
48.30
48.68
49.06
49.46
49.85
50.25
50.61
50.97
51.34
51.71
52.07
52.43
52.80
53.17
53.60
54.03
54.46
54.90
55.38
55.84
56.31
56.84
57.39
57.92
58.47
59.00
59.52
60.05
60.58
61.11
61.64
62.18
62.72
63.24
63.77
64.30
64.81
65.32
65.83
66.34
66.85
67.35
67.85
68.35
68.73
69.11
69.49
69.89
70.30
70.70
71.11
71.52
71.92
72.33
72.74
73.14
73.54
73.93
74.33
74.75
75.17
75.58
76.00
76.42
76.83
77.24
77.65
78.09
78.51
78.92
79.34
79.76
80.17
80.57
80.98
81.39
81.90
82.42
82.94
83.52
84.10
84.68
85.28
85.86
86.42
86.98
87.56
88.14
88.70
89.26
89.81
90.38
90.95
91.51
92.07
92.54
93.03
93.53
94.02
94.51
94.98
95.46
95.94
96.43
96.90
97.36
97.80
98.24
98.67
99.11
99.54
99.97
100.41
100.86
101.24
101.61
101.98
102.37
102.75
103.13
103.51
103.89
104.27
104.65
105.02
105.38
105.81
106.25
106.70
107.14
107.59
108.04
108.48
108.92
109.37
109.81
110.25
110.68
111.12
111.56
112.01
112.45
112.97
113.48
113.99
114.50
115.01
115.52
116.02
116.53
117.06
117.56
118.06
118.56
119.05
119.54
120.02
120.49
120.98
121.45
121.97
122.51
123.02
123.53
124.04
124.55
125.06
125.56
126.08
126.62
127.15
127.69
128.22
128.75
129.28
129.80
130.31
130.88
131.45
132.02
132.56
133.09
133.61
134.14
134.66
135.20
135.72
136.25
136.78
137.29
137.81
138.37
138.90
139.44
140.00
140.56
141.13
141.70
142.26
142.83
143.38
143.94
144.47
145.02
145.57
146.08
146.60
147.11
147.56
148.02
148.47
148.91
149.35
149.80
150.26
150.69
151.12
151.56
151.99
152.42
152.86
153.25
153.65
154.04
154.45
154.84
155.25
155.64
156.04
156.44
156.86
157.27
157.69
158.08
158.48
158.88
159.29
159.71
160.11
160.57
161.03
161.49
161.96
162.42
162.89
163.35
163.81
164.26
164.75
165.20
165.65
166.09
166.49
166.88
167.28
167.67
168.07
168.45
168.83
169.22
169.60
169.97
170.34
170.69
171.08
171.44
171.83
172.22
172.62
173.01
173.38
173.77
174.16
174.54
174.93
175.31
175.71
176.10
176.49
176.94
177.39
177.84
178.35
178.89
179.39
179.91
180.43
180.95
181.44
181.92
182.40
182.87
183.34
183.83
184.33
184.84
185.34
185.90
186.46
187.01
187.61
188.17
188.76
189.34
189.92
190.50
191.08
191.67
192.24
192.80
193.35
193.92
194.49
195.07
195.65
196.21
196.78
197.35
197.80
198.25
198.73
199.19
199.66
200.12
200.62
201.12
201.62
202.12
202.62
203.12
