# Beats
0.59
1.20
1.79
2.31
2.83
3.37
3.90
4.41
4.95
5.46
5.99
6.50
7.01
7.55
8.06
8.59
9.10
9.61
10.15
10.67
11.19
11.69
12.23
12.75
13.26
13.79
14.29
14.81
15.33
15.86
16.39
16.93
17.44
17.96
18.48
18.99
19.50
20.04
20.56
21.08
21.62
22.13
22.64
23.17
23.70
24.22
24.73
25.26
25.77
26.30
26.82
27.34
27.86
28.37
28.91
29.42
29.93
30.46
30.98
31.51
32.03
32.55
33.07
33.59
34.11
34.63
35.16
35.68
36.20
36.71
37.24
37.76
38.27
38.80
39.31
39.85
40.38
40.89
41.40
41.91
42.42
42.96
43.49
44.00
44.54
45.06
45.58
46.11
46.64
47.16
47.68
48.20
48.73
49.25
49.76
50.27
50.78
51.29
51.80
52.34
52.87
53.41
53.93
54.45
54.97
55.50
56.01
56.54
57.07
57.59
58.11
58.63
59.15
59.68
60.19
60.71
61.22
61.72
62.24
62.76
63.30
63.81
64.33
64.85
65.38
65.90
66.41
66.93
67.45
67.96
68.48
69.01
69.54
70.05
70.59
71.10
71.62
72.14
72.66
73.19
73.70
74.23
74.75
75.26
75.79
76.30
76.83
77.36
77.88
78.39
78.91
79.42
79.96
80.48
81.00
81.53
82.05
82.57
83.08
83.60
84.13
84.66
85.18
85.70
86.22
86.73
87.24
87.76
88.28
88.82
89.35
89.87
90.40
90.91
91.42
91.94
92.46
92.97
93.51
94.02
94.55
95.06
95.60
96.11
96.63
97.15
97.66
98.19
98.71
99.24
99.78
100.29
100.80
101.31
101.83
102.33
102.85
103.38
103.90
104.42
104.94
105.47
105.98
106.50
107.02
107.54
108.07
108.59
109.11
109.63
110.16
110.68
111.19
111.71
112.25
112.76
113.28
113.80
114.32
114.85
115.36
115.88
116.41
116.94
117.47
118.00
118.51
119.03
119.56
120.09
120.60
121.12
121.65
122.16
122.68
123.21
123.73
124.25
124.76
125.29
125.81
126.34
126.85
127.38
127.90
128.41
128.94
129.45
129.99
130.50
131.02
131.54
132.05
132.57
133.10
133.63
134.15
134.66
135.19
135.70
136.23
136.75
137.28
137.79
138.31
138.83
139.34
139.88
140.39
140.91
141.43
141.96
142.48
143.00
143.52
144.03
144.57
145.08
145.61
146.12
146.65
147.17
147.68
148.21
148.74
149.26
149.77
150.30
150.81
151.34
151.86
152.38
152.90
153.41
153.94
154.46
154.97
155.50
156.01
156.55
157.06
157.58
158.10
158.63
159.15
159.66
160.19
160.71
161.23
161.75
162.28
162.80
163.31
163.84
164.36
164.88
165.40
165.93
166.44
166.95
167.47
168.00
168.52
169.04
169.55
170.06
170.57
171.08
171.62
172.16
172.69
173.22
173.75
174.27
174.76
175.28
175.78
176.30
176.82
177.35
177.88
178.40
178.93
179.44
179.97
180.49
181.02
181.55
182.07
182.60
183.11
183.62
184.13
184.67
185.19
185.71
186.22
186.73
187.25
187.76
188.29
188.82
189.35
189.88
190.40
190.94
191.46
191.99
192.52
193.04
193.56
194.08
194.61
195.12
195.65
196.16
196.70
197.21
197.74
198.26
198.77
199.30
199.81
200.33
200.85
201.38
201.90
202.41
202.94
203.45
203.99
204.50
205.01
205.53
206.05
206.56
207.10
207.63
208.18
208.70
209.21
209.72
210.23
210.76
211.28
211.81
212.33
212.85
213.36
213.88
214.39
214.92
215.43
215.97
216.48
217.00
217.52
218.05
218.57
219.10
219.64
220.15
220.66
221.18
221.70
222.21
222.73
223.26
223.78
224.30
224.83
225.35
225.87
226.39
226.91
227.43
227.95
228.47
229.00
229.52
230.04
230.56
231.10
231.62
232.14
232.66
233.20
233.72
234.24
234.79
235.33
235.88
236.43
236.97
237.49
238.03
238.55
239.07
239.60
240.12
240.63
241.15
241.67
242.23
242.79
243.36
243.90
244.45
244.99
245.53
246.04
246.57
247.08
247.61
248.13
248.65
249.17
249.68
250.21
250.74
251.26
251.80
252.34
252.89
253.42
253.93
254.44
254.97
255.49
256.02
256.55
257.07
257.58
258.10
258.62
259.13
259.67
260.20
260.71
261.24
261.76
262.27
262.79
263.31
263.83
264.36
264.87
265.39
265.91
266.43
266.96
267.49
268.00
268.52
269.03
269.56
270.07
270.61
271.12
271.65
272.16
272.70
273.21
273.72
274.25
274.76
275.30
275.81
276.33
276.85
277.36
277.90
278.41
278.93
279.45
279.97
280.50
281.01
281.54
282.06
282.59
283.10
283.62
284.14
284.67
285.19
285.71
286.23
286.74
287.28
287.79
288.31
288.83
289.34
289.88
290.39
290.91
291.45
291.97
292.48
293.00
293.55
294.24
294.95
295.62
296.32
296.99
297.71
298.42
