# Beats
0.39
0.79
1.18
1.61
2.04
2.47
2.97
3.46
3.92
4.40
4.88
5.35
5.83
6.28
6.72
7.17
7.67
8.17
8.66
9.24
9.82
10.40
10.96
11.54
12.12
12.71
13.31
13.87
14.43
15.01
15.59
16.20
16.76
17.32
17.88
18.44
18.97
19.50
20.05
20.60
21.11
21.62
22.13
22.65
23.17
23.68
24.15
24.61
25.08
25.55
26.03
26.51
26.98
27.45
27.92
28.41
28.91
29.40
29.92
30.42
30.93
31.46
31.97
32.48
33.00
33.51
34.04
34.57
35.10
35.71
36.34
36.95
37.66
38.38
39.13
39.88
40.61
41.35
42.09
42.79
43.51
44.23
44.97
45.70
46.42
47.14
47.83
48.53
49.25
49.97
50.67
51.39
52.08
52.78
53.49
54.13
54.78
55.38
55.98
56.47
56.95
57.42
57.90
58.37
58.84
59.30
59.79
60.27
60.74
61.22
61.71
62.21
62.69
63.18
63.66
64.13
64.62
65.11
65.60
66.07
66.56
67.06
67.55
68.02
68.42
68.80
69.18
69.57
69.95
70.33
70.73
71.13
71.54
71.95
72.35
72.76
73.14
73.55
73.96
74.35
74.75
75.15
75.56
75.98
76.38
76.78
77.17
77.57
77.96
78.36
78.75
79.13
