# Beats
0.46
0.94
1.42
1.89
2.37
2.84
3.30
3.75
4.20
4.64
5.09
5.51
5.94
6.37
6.80
7.22
7.64
8.06
8.48
8.90
9.32
9.74
10.16
10.58
10.99
11.41
11.83
12.25
12.67
13.08
13.50
13.92
14.34
14.74
15.16
15.58
16.00
16.42
16.83
17.25
17.66
18.08
18.49
18.91
19.33
19.75
20.17
20.58
21.00
21.42
21.84
22.26
22.67
23.09
23.50
23.92
24.33
24.75
25.16
25.58
25.99
26.41
26.82
27.24
27.65
28.07
28.49
28.91
29.33
29.74
30.16
30.58
30.99
31.40
31.82
32.24
32.66
33.08
33.49
33.91
34.33
34.75
35.17
35.58
35.99
36.41
36.83
37.24
37.66
38.08
38.50
38.91
39.32
39.74
40.16
40.58
40.99
41.41
41.83
42.25
42.66
43.07
43.49
43.91
44.33
44.74
45.16
45.58
46.00
46.42
46.83
47.24
47.66
48.08
48.49
48.91
49.32
49.74
50.16
50.57
50.99
51.41
51.83
52.24
52.66
53.08
53.50
53.92
54.33
54.75
55.16
55.58
55.99
56.41
56.83
57.24
57.66
58.07
58.49
58.91
59.33
59.74
60.16
60.58
61.00
61.42
61.82
62.24
62.66
63.07
63.48
63.90
64.32
64.74
65.16
65.57
65.99
66.41
66.83
67.24
67.66
68.08
68.49
68.91
69.32
69.74
70.16
70.58
71.00
71.41
71.83
72.25
72.68
73.12
73.56
73.99
74.39
74.77
75.15
75.55
75.98
76.41
76.83
77.25
77.68
78.10
78.53
78.96
79.39
79.81
80.22
80.64
81.05
81.47
81.87
82.29
82.71
83.13
83.53
83.94
84.35
84.88
85.43
85.97
86.61
87.24
87.86
88.49
89.13
89.77
90.41
91.09
91.78
92.47
93.16
93.90
94.63
95.38
96.11
96.98
97.85
98.72
99.60
100.48
101.38
102.27
103.15
104.04
104.92
105.80
106.67
107.57
108.46
109.37
110.25
111.13
112.01
112.88
113.75
114.65
115.53
116.40
117.27
118.17
119.06
119.95
120.84
121.72
122.59
123.34
124.09
124.83
125.59
126.32
127.05
127.79
128.55
129.29
130.03
130.76
131.42
132.10
132.76
133.43
134.11
134.78
135.47
136.14
136.82
137.51
138.19
138.86
139.52
140.18
140.84
141.44
142.05
142.65
143.21
143.75
144.29
144.82
145.37
145.97
146.58
147.18
147.78
148.39
148.99
149.59
150.19
150.78
151.36
151.86
152.37
152.87
153.32
153.77
154.23
154.68
155.12
155.57
156.01
156.46
156.91
157.35
157.79
158.23
158.67
159.11
159.56
160.01
160.46
160.91
161.37
161.82
162.27
162.73
163.18
163.62
164.06
164.50
164.93
165.37
165.81
166.25
166.70
167.13
167.58
168.02
168.47
168.91
169.35
169.81
170.25
170.69
171.14
171.60
172.05
172.51
172.98
173.44
173.95
174.46
174.97
175.47
175.98
176.49
177.01
177.52
178.03
178.55
179.07
179.59
180.12
180.64
181.16
181.70
182.22
182.74
183.28
183.81
184.27
184.73
185.19
185.64
186.10
186.55
187.00
187.44
187.90
188.35
188.85
189.35
189.86
190.45
191.04
191.62
192.21
192.81
193.40
193.99
194.58
195.20
195.81
196.42
197.02
197.63
198.23
198.83
199.42
200.01
200.60
201.08
201.57
202.06
202.55
203.02
203.50
203.98
204.46
204.95
205.48
206.02
206.54
207.06
207.59
208.11
208.62
209.14
