# Beats
0.55
1.10
1.65
2.21
2.76
3.33
3.90
4.46
5.02
5.54
5.94
6.32
6.70
7.11
7.48
7.87
8.27
8.66
9.03
9.43
9.81
10.19
10.58
10.96
11.35
11.75
12.16
12.56
12.97
13.36
13.75
14.14
14.54
14.93
15.33
15.71
16.10
16.49
16.88
17.28
17.67
18.09
18.48
18.85
19.24
19.62
20.02
20.42
20.83
21.23
21.64
22.06
22.48
22.89
23.31
23.71
24.11
24.51
24.92
25.32
25.72
26.11
26.52
26.91
27.33
27.75
28.15
28.55
28.96
29.35
29.76
30.14
30.53
30.93
31.38
31.83
32.28
32.74
33.20
33.65
34.20
34.74
35.27
35.87
36.50
37.13
37.76
38.38
39.01
39.62
40.25
40.89
41.61
42.33
43.04
43.76
44.49
45.26
46.02
46.79
47.54
48.30
49.04
49.78
50.53
51.28
52.01
52.76
53.49
54.18
54.89
55.54
56.19
56.84
57.49
58.14
58.77
59.42
60.02
60.65
61.16
61.67
62.18
62.69
63.20
63.70
64.20
64.70
65.20
65.71
66.22
66.73
67.24
67.74
68.24
68.74
69.25
69.75
70.28
70.77
71.29
71.80
72.31
72.82
73.33
73.84
74.34
74.84
75.34
75.85
76.37
76.88
77.39
77.89
78.40
78.91
79.41
79.92
80.43
80.94
81.44
81.94
82.47
82.99
83.52
84.06
84.57
85.08
85.61
86.15
86.67
87.19
87.71
88.24
88.77
89.28
89.80
90.33
90.81
91.31
91.81
92.33
92.84
93.34
93.88
94.41
94.96
95.47
95.97
96.48
96.99
97.48
97.96
98.48
99.00
99.52
100.03
100.54
101.05
101.56
102.07
102.59
103.08
103.61
104.12
104.63
105.14
105.69
106.23
106.77
107.35
107.94
108.54
109.13
109.71
110.27
110.83
111.37
111.94
112.49
113.05
113.60
114.15
114.71
115.25
115.80
116.33
116.85
117.38
117.89
118.40
118.93
119.47
119.99
120.51
121.05
121.58
122.18
122.79
123.39
123.99
124.59
125.19
125.81
126.36
126.92
127.48
128.01
128.53
129.04
129.54
130.07
130.59
131.10
131.61
132.26
132.89
133.51
134.14
134.76
135.38
136.01
136.64
137.28
137.93
138.48
139.03
139.56
140.06
140.56
141.08
141.57
142.06
142.56
143.06
143.58
144.08
144.58
145.08
145.58
146.09
146.59
147.10
147.59
148.07
148.54
149.08
149.63
150.19
150.76
151.30
151.81
152.32
152.86
153.31
153.76
154.22
154.68
155.13
155.59
156.04
156.50
156.97
157.43
157.90
158.35
158.82
159.24
159.64
160.04
160.47
160.90
161.33
161.75
162.12
162.52
162.90
163.28
163.67
164.05
164.43
164.82
165.20
165.58
165.95
166.30
166.65
167.00
167.35
167.67
168.14
168.62
169.13
169.66
170.18
170.69
171.25
171.80
172.38
172.97
173.55
174.11
174.68
175.24
175.80
176.36
176.90
177.46
177.99
178.54
179.08
179.63
180.16
180.71
181.25
181.77
182.28
182.79
183.30
183.81
184.32
184.83
185.34
185.76
186.20
186.64
187.07
187.48
187.91
188.34
188.77
189.20
189.60
190.03
190.45
190.88
191.31
191.73
192.13
192.55
192.98
193.42
193.84
194.26
194.65
195.06
195.47
195.87
196.29
196.70
197.09
197.49
197.88
198.28
198.69
199.13
199.55
199.97
200.40
200.83
201.27
201.69
202.09
202.50
202.91
203.33
203.73
204.15
204.57
204.97
205.38
205.79
206.18
206.59
206.99
207.39
207.80
208.21
208.63
209.06
209.49
209.94
210.38
210.81
211.21
211.63
212.03
212.46
212.88
213.29
213.69
214.11
214.51
214.90
215.30
215.70
216.11
216.53
216.93
217.34
217.76
218.17
218.58
218.98
219.38
219.78
220.18
220.59
220.98
221.39
221.81
222.21
222.63
223.04
223.46
223.86
224.28
224.70
225.13
225.56
225.98
226.39
226.81
227.24
227.69
228.12
228.54
228.95
229.36
229.76
230.16
230.55
230.96
231.36
231.77
232.16
232.57
232.97
233.38
233.80
234.21
234.61
235.01
235.40
235.81
236.22
236.62
237.03
237.45
237.85
238.26
238.68
239.10
239.51
239.92
240.33
240.73
241.14
241.55
241.93
242.34
242.76
243.18
243.61
244.03
244.44
244.85
245.27
245.70
246.13
246.55
246.96
247.36
247.78
248.19
248.59
249.01
249.41
249.81
250.23
250.64
251.05
251.46
251.89
252.31
252.80
253.27
253.76
254.37
254.98
255.59
256.21
256.81
257.44
258.07
258.68
259.30
