# Beats
0.74
1.50
2.25
3.00
3.66
4.34
5.03
5.72
6.46
7.17
7.91
8.66
9.40
10.12
10.86
11.59
12.28
12.96
13.62
14.30
14.95
15.60
16.25
16.90
17.59
18.20
18.83
19.46
20.10
20.71
21.34
21.97
22.64
23.32
23.93
24.53
25.12
25.70
26.31
26.91
27.54
28.14
28.77
29.42
30.12
30.81
31.46
32.12
32.76
33.39
34.03
34.66
35.29
35.92
36.57
37.15
37.74
38.31
38.88
39.45
40.02
40.52
41.01
41.49
41.87
42.25
42.63
43.00
43.36
43.72
44.07
44.41
44.77
45.13
45.49
45.82
46.20
46.56
46.90
47.26
47.68
48.11
48.55
49.11
49.64
50.20
50.76
51.29
51.85
52.41
52.95
53.53
54.13
54.71
55.29
55.87
56.45
57.05
57.64
58.29
58.93
59.55
60.16
60.78
61.39
62.00
62.60
63.19
63.79
64.38
64.97
65.55
66.14
66.72
67.31
67.91
68.51
69.13
69.85
70.55
71.26
71.96
72.66
73.31
73.94
74.57
75.19
75.81
76.43
77.03
77.62
78.23
78.88
79.51
80.16
80.79
81.43
82.02
82.62
83.20
83.75
84.30
84.86
85.41
85.98
86.49
87.01
87.54
88.05
88.56
89.08
89.59
90.09
90.59
91.09
91.58
92.07
92.55
93.05
93.55
94.02
94.46
94.92
95.40
95.88
96.35
96.83
97.29
97.77
98.24
98.72
99.20
99.64
100.09
100.54
100.98
101.42
101.87
102.31
102.89
103.46
104.07
104.68
105.27
105.85
106.44
107.03
107.64
108.24
108.84
109.44
110.04
110.67
111.30
111.92
112.50
113.15
113.82
114.43
115.03
115.64
116.31
116.97
117.74
118.50
119.28
120.06
120.84
121.61
122.37
123.14
123.91
124.67
125.33
125.99
126.65
127.32
127.97
128.62
129.28
129.94
130.61
131.27
131.94
132.60
133.26
133.92
