# Beats
0.52
1.06
1.59
2.12
2.66
3.22
3.77
4.33
4.86
5.40
5.93
6.50
7.07
7.64
8.20
8.75
9.29
9.83
10.38
11.08
11.78
12.49
13.21
13.93
14.63
15.33
16.02
16.72
17.41
18.09
18.81
19.53
20.25
20.94
21.62
22.31
22.99
23.66
24.36
25.03
25.70
26.39
27.07
27.78
28.47
29.16
29.86
30.58
31.30
32.00
32.72
33.44
34.16
34.85
35.57
36.28
36.99
37.73
38.45
39.21
39.96
40.70
41.46
42.26
43.03
43.77
44.56
45.30
46.02
46.76
47.50
48.22
48.92
49.68
50.41
51.14
51.87
52.62
53.34
54.17
55.01
55.84
56.65
57.46
58.26
59.05
59.80
60.57
61.24
61.93
62.60
63.27
63.95
64.64
65.35
66.05
66.73
67.40
68.06
68.64
69.22
69.80
70.31
70.82
71.33
71.84
72.35
72.86
73.38
73.89
74.40
74.91
75.42
75.99
76.56
77.14
77.72
78.30
78.85
79.42
79.99
80.55
81.12
81.69
82.28
82.87
83.45
84.03
84.61
85.21
85.80
86.47
87.14
87.83
88.50
89.16
89.84
90.50
91.18
91.88
92.59
93.30
93.99
94.67
95.33
95.99
96.60
97.20
97.80
98.27
98.73
99.21
99.58
99.94
100.30
100.66
101.03
101.40
101.77
102.14
102.52
102.86
103.22
103.57
103.93
104.29
104.66
105.02
105.40
105.79
106.16
106.54
106.93
107.31
107.69
108.09
108.46
108.86
109.23
109.61
110.02
110.41
110.81
111.19
111.69
112.19
112.70
113.19
113.66
114.15
114.64
115.10
115.57
116.05
116.54
117.04
117.54
118.03
118.49
118.98
119.48
119.97
120.44
120.92
121.39
121.85
122.25
122.68
123.11
123.56
124.02
124.47
124.91
125.34
125.78
126.22
126.68
127.12
127.55
127.99
128.42
128.85
129.28
129.71
130.14
130.57
130.98
131.42
131.85
132.33
132.81
133.28
133.77
134.25
134.72
135.21
135.59
135.96
136.32
136.70
137.04
137.39
137.74
138.09
138.46
138.83
139.20
139.56
139.92
140.31
140.67
141.04
141.40
141.76
142.15
142.54
142.93
143.34
143.75
144.15
144.53
144.93
145.31
145.69
146.08
146.48
146.87
147.23
147.59
147.96
148.33
148.71
149.12
149.47
149.84
150.21
150.58
150.95
151.32
151.71
152.08
152.46
152.85
153.29
153.72
154.16
154.60
155.05
155.50
155.93
156.36
156.80
157.25
157.69
158.13
158.58
159.08
159.58
160.08
160.57
161.07
161.56
162.13
162.69
163.24
163.86
164.49
165.13
165.77
166.41
167.03
167.65
168.23
168.81
169.38
169.94
170.50
171.11
171.71
172.32
172.94
173.55
174.13
174.72
175.32
175.94
176.54
177.16
177.77
178.38
178.98
179.58
180.20
180.81
181.39
181.97
182.56
183.05
183.57
184.08
184.55
185.04
185.55
186.06
186.56
187.07
187.57
188.07
188.56
189.06
189.56
190.07
190.64
191.17
191.70
192.26
192.81
193.36
193.91
194.47
195.02
195.56
196.09
196.64
197.18
197.71
198.24
198.79
199.32
199.83
200.36
200.90
201.43
201.97
202.48
202.99
203.51
204.03
204.53
205.03
205.54
206.07
206.59
207.10
207.61
208.12
208.64
209.17
209.69
210.21
210.72
211.24
211.75
212.28
212.81
213.36
213.88
214.46
215.04
215.60
216.15
216.74
217.30
217.87
218.49
219.10
219.71
220.24
220.78
221.29
221.81
222.35
222.89
223.42
223.96
224.49
225.02
225.56
226.01
226.44
226.87
227.30
227.72
228.15
228.55
228.97
229.39
229.83
230.25
230.67
231.08
231.51
231.93
232.34
232.76
233.16
233.57
233.99
234.41
234.80
235.22
235.62
236.03
236.45
236.87
237.28
237.71
238.12
238.52
238.91
239.28
239.68
240.07
240.45
240.86
241.26
241.67
242.08
242.46
242.85
243.25
243.66
244.05
244.46
244.85
245.25
245.64
246.05
246.44
246.83
247.22
247.61
248.01
248.41
248.80
249.22
249.66
250.09
250.57
251.15
251.68
252.22
252.75
253.31
253.86
254.41
254.96
255.51
256.09
256.67
257.28
257.85
258.44
259.02
259.60
260.13
260.67
261.18
261.71
262.25
262.78
263.24
263.74
264.24
264.74
265.24
265.74
266.24
