# Beats
0.46
0.94
1.42
1.88
2.36
2.83
3.32
3.81
4.28
4.78
5.27
5.76
6.21
6.66
7.12
7.57
8.02
8.49
8.95
9.40
9.86
10.31
10.70
11.11
11.52
11.92
12.33
12.72
13.11
13.50
13.91
14.30
14.70
15.12
15.52
15.94
16.36
16.78
17.19
17.61
18.03
18.45
18.87
19.27
19.70
20.12
20.54
20.98
21.41
21.85
22.28
22.70
23.12
23.53
23.95
24.37
24.79
25.21
25.60
25.98
26.38
26.75
27.11
27.48
27.85
28.22
28.60
28.98
29.36
29.74
30.12
30.49
30.86
31.24
31.61
31.99
32.36
32.82
33.29
33.75
34.30
34.83
35.36
35.97
36.57
37.19
37.80
38.42
39.02
39.64
40.24
40.84
41.46
42.06
42.68
43.29
43.91
44.52
45.15
45.79
46.39
46.99
47.60
48.20
48.79
49.38
49.98
50.60
51.21
51.84
52.37
52.91
53.41
53.86
54.31
54.78
55.19
55.62
56.05
56.46
56.94
57.41
57.90
58.41
58.92
59.43
59.93
60.42
60.92
61.46
62.01
62.55
63.11
63.68
64.30
64.91
65.52
66.12
66.72
67.34
67.94
68.57
69.23
69.89
70.57
71.24
71.87
72.48
73.11
73.72
74.34
74.95
75.57
76.18
76.79
77.39
78.00
78.60
79.20
79.82
80.41
81.03
81.65
82.27
82.87
83.50
84.13
84.76
85.39
86.03
86.61
87.18
87.78
88.39
88.98
89.57
90.17
90.80
91.42
92.02
92.64
93.25
93.89
94.52
95.11
95.69
96.26
96.86
97.47
98.07
98.67
99.28
99.89
100.51
101.13
101.76
102.40
102.99
103.60
104.14
104.68
105.22
105.77
106.31
106.86
107.33
107.80
108.26
108.67
109.08
109.48
109.89
110.29
110.70
111.12
111.53
111.93
112.34
112.73
113.13
113.53
113.94
114.35
114.85
115.35
115.84
116.33
116.81
117.28
117.77
118.26
118.76
119.37
119.99
120.60
121.22
121.84
122.44
123.04
123.66
124.27
124.89
125.50
126.12
126.73
127.35
127.97
128.58
129.20
129.80
130.40
131.01
131.61
132.21
132.83
133.45
134.08
134.73
135.50
136.25
137.00
137.75
138.51
139.27
139.92
140.56
141.19
141.82
142.44
143.05
143.66
144.28
144.89
145.50
146.12
146.76
147.40
148.02
148.64
149.27
149.90
150.51
151.13
151.75
152.38
153.02
153.66
154.30
154.83
155.36
155.88
156.40
156.91
157.44
158.00
158.56
159.18
159.81
160.44
161.09
161.74
162.38
163.02
163.56
164.10
164.64
165.07
165.50
165.93
166.35
166.77
167.16
167.57
167.97
168.37
168.77
169.18
169.59
169.99
170.40
170.81
171.21
171.62
172.03
172.43
172.84
173.24
173.66
174.06
174.47
174.88
175.29
175.69
176.10
176.49
176.90
177.31
177.71
178.12
178.53
178.93
179.34
179.75
180.15
180.56
180.96
181.37
181.78
182.18
182.59
183.00
183.40
183.81
184.22
184.62
185.03
185.43
185.85
186.27
186.70
187.12
187.54
187.95
188.37
188.78
189.18
189.61
190.03
190.47
190.91
191.36
191.79
192.20
192.62
193.04
193.46
193.86
194.26
194.65
195.06
195.47
195.86
196.27
196.66
197.07
197.47
197.90
198.33
198.76
199.19
199.62
200.04
200.48
200.91
201.34
201.77
202.19
202.59
203.01
203.43
203.86
204.30
204.73
205.15
205.57
205.98
206.39
206.80
207.21
207.63
208.04
208.45
208.86
209.27
209.69
210.11
210.51
210.92
211.32
211.73
212.14
212.54
212.95
213.36
213.76
214.25
214.75
215.25
215.75
216.25
216.74
217.22
217.71
218.20
218.80
219.41
220.01
220.61
221.20
221.72
222.23
222.75
223.26
223.77
224.27
224.71
225.16
225.62
226.08
226.53
226.99
227.46
227.93
228.38
228.86
229.33
229.82
230.30
230.77
231.25
231.74
232.20
232.66
233.13
233.66
234.20
234.73
235.31
235.88
236.45
237.02
237.60
238.13
238.67
239.20
239.69
240.19
240.69
241.19
241.68
242.18
242.68
243.19
243.71
244.20
244.70
245.20
