# Beats
0.46
0.94
1.42
1.89
2.38
2.86
3.32
3.80
4.28
4.76
5.25
5.72
6.20
6.69
7.16
7.64
8.12
8.60
9.10
9.59
10.08
10.50
10.91
11.33
11.75
12.17
12.59
12.99
13.43
13.89
14.34
14.80
15.27
15.73
16.20
16.66
17.12
17.59
18.05
18.53
19.01
19.48
19.96
20.43
20.91
21.39
21.86
22.33
22.80
23.27
23.74
24.22
24.69
25.17
25.65
26.13
26.62
27.10
27.56
28.03
28.49
28.96
29.43
29.93
30.42
30.91
31.40
31.90
32.39
32.88
33.36
33.84
34.31
34.77
35.25
35.74
36.21
36.70
37.18
37.65
38.14
38.63
39.10
39.58
40.07
40.55
41.04
41.53
42.04
42.54
43.05
43.56
44.06
44.56
45.05
45.52
46.01
46.50
46.99
47.47
47.96
48.45
48.94
49.41
49.89
50.38
50.86
51.34
51.82
52.28
52.74
53.20
53.66
54.13
54.58
55.02
55.45
55.89
56.33
56.81
57.28
57.77
58.26
58.73
59.20
59.68
60.15
60.64
61.13
61.61
62.10
62.59
63.08
63.55
64.03
64.51
64.98
65.46
65.93
66.41
66.89
67.36
67.84
68.31
68.80
69.29
69.76
70.24
70.73
71.20
71.69
72.18
72.66
73.14
73.62
74.12
74.63
75.15
75.67
76.18
76.68
77.18
77.62
78.08
78.52
78.98
79.44
79.89
80.35
80.81
81.26
81.71
82.16
82.60
83.06
83.53
84.01
84.50
84.99
85.47
85.95
86.45
86.95
87.45
87.95
88.43
88.92
89.41
89.90
90.37
90.85
91.32
91.80
92.29
92.78
93.26
93.74
94.23
94.71
95.20
95.69
96.17
96.63
97.11
97.58
98.06
98.52
99.00
99.47
99.95
100.44
100.91
101.40
101.88
102.37
102.84
103.32
103.80
104.28
104.76
105.23
105.71
106.18
106.66
107.14
107.61
108.09
108.56
109.05
109.54
110.03
110.52
110.99
111.48
111.96
112.44
112.92
113.41
113.88
114.37
114.85
115.31
115.79
116.26
116.73
117.20
117.68
118.15
118.64
119.12
119.59
120.08
120.58
121.06
121.53
122.01
122.49
122.96
123.45
123.94
124.42
124.90
125.38
125.85
126.33
126.80
127.29
127.78
128.26
128.73
129.22
129.70
130.18
130.66
131.13
131.61
132.09
132.56
133.03
133.49
133.96
134.42
134.88
135.36
135.85
136.34
136.82
137.31
137.80
138.29
138.77
139.26
139.76
140.24
140.71
141.19
141.66
142.14
142.62
143.12
143.60
144.08
144.56
145.03
145.50
145.97
146.45
146.92
147.40
147.86
148.34
148.83
149.32
149.80
150.29
150.79
151.28
151.75
152.23
152.71
153.19
153.67
154.15
154.62
155.10
155.57
156.06
156.55
157.02
157.49
157.97
158.44
158.92
159.39
159.86
160.32
160.81
161.30
161.77
162.26
162.75
163.24
163.71
164.20
164.69
165.19
165.70
166.20
166.65
167.11
167.58
168.08
168.57
169.05
169.54
170.04
170.53
171.01
171.50
171.99
172.47
172.94
173.42
173.89
174.37
174.85
175.32
175.80
176.27
176.75
177.24
177.74
178.22
178.71
179.20
179.68
180.15
180.63
181.10
181.59
182.08
182.56
183.01
183.46
183.91
184.37
184.82
185.28
185.74
186.27
186.79
187.35
187.91
188.46
188.95
189.46
189.95
190.45
190.94
191.44
191.85
192.26
192.67
193.07
193.49
193.92
194.34
194.75
195.16
195.58
196.00
196.41
196.80
197.20
197.60
198.00
198.40
198.81
199.22
199.61
200.03
200.45
200.88
201.31
201.73
202.16
202.58
203.01
203.44
203.85
204.27
204.67
205.08
205.48
205.89
206.30
206.69
207.09
207.49
207.90
208.31
208.70
209.11
209.51
209.90
210.29
210.66
211.03
211.41
211.78
212.14
212.50
212.90
213.31
213.72
214.12
214.53
214.94
215.34
215.74
216.13
216.53
216.92
217.32
217.71
218.11
218.50
218.89
219.30
219.71
220.10
220.51
220.93
221.34
221.76
222.18
222.60
223.03
223.45
223.85
224.26
224.66
225.06
225.45
225.85
226.24
226.64
227.04
227.45
227.87
228.30
228.73
229.16
229.58
229.98
230.40
230.81
231.21
231.62
232.01
232.42
232.83
233.23
233.63
234.03
234.44
234.87
235.30
235.73
236.16
236.63
237.11
237.56
238.02
238.47
238.92
239.37
