# Beats
0.70
1.40
2.05
2.69
3.41
4.13
4.86
5.58
6.30
7.04
7.77
8.49
9.20
9.91
10.63
11.37
12.10
12.83
13.50
14.18
14.85
15.46
16.09
16.74
17.39
18.04
18.68
19.31
19.88
20.45
21.00
21.55
22.09
22.64
23.19
23.78
24.36
24.94
25.55
26.17
26.78
27.39
27.99
28.62
29.22
29.83
30.44
31.06
31.67
32.29
32.90
33.52
34.13
34.76
35.39
36.00
36.62
37.15
37.66
38.19
38.68
39.18
39.69
40.22
40.75
41.27
41.77
42.28
42.78
43.27
43.77
44.26
44.69
45.12
45.55
45.99
46.43
46.87
47.31
47.74
48.17
48.59
49.02
49.38
49.74
50.09
50.53
50.96
51.40
51.84
52.28
52.72
53.17
53.60
54.03
54.46
54.89
55.28
55.66
56.04
56.42
56.88
57.34
57.81
58.27
58.72
59.19
59.68
60.16
60.65
61.15
61.65
62.14
62.62
63.11
63.59
64.16
64.73
65.28
65.86
66.46
67.04
67.62
68.20
68.78
69.36
