# Beats
0.58
1.17
1.76
2.36
2.94
3.53
4.11
4.69
5.29
5.92
6.50
7.08
7.65
8.22
8.80
9.33
9.89
10.44
10.98
11.52
12.05
12.60
13.14
13.70
14.25
14.80
15.29
15.77
16.25
16.68
17.11
17.55
17.98
18.40
18.83
19.26
19.69
20.12
20.55
21.01
21.50
21.99
22.49
22.99
23.50
24.02
24.54
25.05
25.58
26.08
26.59
27.11
27.63
28.17
28.69
29.21
29.74
30.26
30.77
31.34
31.90
32.51
33.18
33.85
34.53
35.18
35.87
36.57
37.27
37.96
38.64
39.33
40.01
40.70
41.39
42.00
42.62
43.21
43.79
44.40
45.00
45.59
46.18
46.78
47.37
47.95
48.53
49.10
49.67
50.25
50.83
51.41
51.99
52.55
53.10
53.70
54.28
54.86
55.44
56.03
56.55
57.07
57.61
58.12
58.63
59.16
59.68
60.17
60.70
61.21
61.70
62.21
62.60
62.98
63.38
63.76
64.15
64.53
64.90
65.27
65.64
66.01
66.40
66.78
67.15
67.52
67.90
68.36
68.81
69.27
69.73
70.18
70.62
71.08
71.54
71.99
72.45
72.91
73.35
73.79
74.25
74.75
75.24
75.74
76.30
76.83
77.46
78.09
78.72
79.35
79.99
80.62
81.25
81.90
82.55
83.21
83.86
84.50
85.18
85.87
86.49
87.12
87.76
88.39
89.03
89.64
90.28
90.88
91.51
92.13
92.74
93.33
93.92
94.53
95.17
95.83
96.48
97.12
97.74
98.39
99.04
99.58
100.10
100.64
101.17
101.70
102.24
102.75
103.26
103.75
104.23
104.75
105.27
105.77
106.27
