# Beats
0.64
1.28
1.92
2.55
3.20
3.87
4.55
5.22
5.90
6.64
7.38
8.20
9.01
9.81
10.61
11.42
12.24
13.04
13.82
14.61
15.37
16.13
16.86
17.59
18.32
19.04
19.76
20.49
21.21
21.93
22.71
23.49
24.24
25.00
25.76
26.53
27.27
28.03
28.67
29.29
29.91
30.53
31.16
31.80
32.44
33.01
33.59
34.17
34.75
35.32
35.89
36.47
37.04
37.63
38.22
38.86
39.49
40.11
40.66
41.20
41.74
42.27
42.79
43.33
43.87
44.42
44.98
45.52
46.08
46.64
47.19
47.76
48.33
48.90
49.49
50.09
50.70
51.32
51.92
52.52
53.13
53.73
54.32
54.93
55.52
56.11
56.70
57.30
57.89
58.47
59.05
59.63
60.22
60.82
61.43
62.03
62.72
63.40
64.10
64.81
65.52
66.21
66.87
67.49
68.12
68.71
69.30
69.90
70.51
71.12
71.71
72.30
72.89
73.47
74.06
74.65
75.24
75.85
76.45
77.06
77.66
78.25
78.85
79.46
80.06
80.65
81.26
81.86
82.45
83.05
83.64
84.23
84.86
85.47
86.10
86.69
87.28
87.88
88.48
89.08
89.69
90.29
90.89
91.50
92.10
92.72
93.34
93.97
94.60
95.25
95.90
96.55
97.20
97.85
98.46
99.08
99.69
100.30
100.91
101.53
102.16
102.78
103.40
104.01
104.63
105.23
105.84
106.44
107.02
107.62
108.23
108.82
109.41
110.02
110.63
111.24
111.84
112.43
113.00
113.55
114.09
114.59
115.09
115.58
116.05
116.55
117.05
117.54
118.03
118.51
118.99
119.47
119.95
120.43
120.91
121.38
121.87
122.37
122.86
123.36
123.86
124.35
124.85
125.35
125.84
126.33
126.82
127.32
127.80
128.28
128.77
129.24
129.78
130.31
130.80
131.30
131.78
132.26
132.73
133.19
133.64
134.14
134.64
135.14
135.63
136.12
136.61
137.11
137.61
138.12
138.61
139.10
139.59
140.07
140.56
141.04
141.54
142.04
142.52
143.02
143.52
144.02
144.51
144.99
145.46
145.95
146.44
146.92
147.41
147.90
148.40
148.91
149.42
149.94
150.34
150.72
151.10
151.50
151.89
152.28
152.68
153.09
153.50
153.88
154.27
154.67
155.06
155.47
155.86
156.29
156.72
157.14
157.55
157.97
158.39
158.82
159.23
159.64
160.06
160.47
160.89
161.31
161.74
162.17
162.60
163.03
163.45
163.87
164.30
164.73
165.14
165.55
165.95
166.36
166.78
167.18
167.58
167.97
168.37
168.76
169.17
169.56
169.96
170.35
170.75
171.15
171.55
171.96
172.36
172.76
173.15
173.55
173.94
174.34
174.73
175.12
175.52
175.90
176.30
176.69
177.09
177.48
177.88
178.26
178.67
179.06
179.46
179.86
180.26
180.67
181.09
181.49
181.88
182.27
182.66
183.07
183.46
183.86
184.24
184.63
185.03
185.42
185.81
186.19
186.57
186.96
187.35
187.74
188.14
188.52
188.93
189.34
189.74
190.14
190.52
190.90
191.30
191.69
192.09
192.48
192.86
193.26
193.67
194.06
194.46
194.85
195.24
195.64
196.05
196.45
196.86
197.27
197.67
198.07
198.47
198.87
199.26
199.66
200.05
200.45
200.84
201.24
201.63
202.01
202.40
202.79
203.19
203.58
204.00
204.41
204.81
205.19
205.58
205.97
206.36
206.75
207.15
207.54
207.93
208.33
208.72
209.12
209.51
209.91
210.30
210.69
211.08
211.48
211.86
212.25
212.66
213.05
213.46
213.87
214.27
214.68
215.07
215.48
215.89
216.28
216.68
217.07
217.47
217.85
218.23
218.63
219.01
219.41
219.80
220.19
220.58
220.96
221.36
221.75
222.15
222.54
222.93
223.33
223.74
224.13
224.54
224.94
225.35
225.74
226.15
226.55
226.94
227.33
227.74
228.14
228.54
228.95
229.36
229.75
230.14
230.54
230.95
231.35
231.76
232.18
232.59
233.01
233.42
233.82
234.22
234.61
235.02
235.44
235.86
236.27
236.70
237.13
237.55
237.96
238.36
238.77
239.17
239.57
239.98
240.37
240.76
241.15
241.55
241.94
242.35
242.75
243.17
243.72
244.24
244.75
245.27
245.81
246.34
246.93
247.52
248.12
248.71
249.30
249.86
250.40
250.95
251.50
252.03
252.56
253.11
253.65
