# Beats
0.45
0.91
1.32
1.74
2.18
2.62
3.05
3.48
3.90
4.31
4.74
5.15
5.57
5.99
6.43
6.87
7.31
7.73
8.17
8.61
8.99
9.38
9.76
10.15
10.54
10.92
11.31
11.68
12.05
12.43
12.83
13.24
13.64
14.05
14.44
14.86
15.28
15.70
16.11
16.53
16.95
17.37
17.79
18.20
18.61
19.02
19.41
19.83
20.22
20.64
21.04
21.46
21.87
22.30
22.71
23.13
23.56
23.99
24.40
24.82
25.22
25.62
26.03
26.45
26.85
27.26
27.67
28.07
28.47
28.89
29.28
29.69
30.09
30.49
30.89
31.30
31.72
32.12
32.53
32.94
33.34
33.74
34.14
34.55
34.96
35.36
35.77
36.18
36.57
36.98
37.38
37.80
38.20
38.60
39.01
39.43
39.82
40.24
40.63
41.05
41.46
41.87
42.28
42.69
43.10
43.49
43.90
44.30
44.71
45.12
45.51
45.93
46.35
46.74
47.14
47.53
47.94
48.34
48.76
49.18
49.60
49.99
50.40
50.79
51.20
51.61
52.01
52.41
52.83
53.23
53.63
54.03
54.44
54.85
55.25
55.66
56.05
56.47
56.88
57.28
57.68
58.07
58.48
58.89
59.29
59.70
60.10
60.51
60.93
61.35
61.77
62.18
62.60
63.03
63.46
63.88
64.28
64.69
65.10
65.52
65.92
66.33
66.73
67.13
67.54
67.93
68.32
68.74
69.15
69.54
69.95
70.36
70.77
71.18
71.59
71.98
72.40
72.79
73.21
73.61
74.01
74.43
74.85
75.28
75.70
76.05
76.39
76.74
77.10
77.46
77.81
78.15
78.51
78.83
79.18
79.53
79.88
80.26
80.63
81.01
81.39
81.78
82.19
82.57
82.96
83.36
83.73
84.10
84.50
84.90
85.31
85.70
86.10
86.49
