# Beats
0.49
0.99
1.47
1.96
2.45
2.94
3.45
3.97
4.50
5.04
5.56
6.07
6.58
7.11
7.62
8.13
8.64
9.15
9.66
10.16
10.67
11.18
11.69
12.20
12.70
13.21
13.72
14.25
14.74
15.26
15.75
16.27
16.78
17.28
17.79
18.30
18.81
19.31
19.83
20.35
20.86
21.36
21.88
22.40
22.91
23.42
23.93
24.44
24.94
25.45
25.96
26.47
26.98
27.48
27.98
28.49
29.00
29.52
30.04
30.56
31.08
31.59
32.10
32.61
33.12
33.63
34.14
34.66
35.17
35.68
36.19
36.70
37.21
37.72
38.23
38.75
39.28
39.79
40.33
40.89
41.44
41.95
42.48
43.01
43.56
44.09
44.63
45.15
45.67
46.18
46.70
47.21
47.72
48.23
48.74
49.25
49.75
50.25
50.76
51.27
51.77
52.28
52.79
53.29
53.81
54.32
54.85
55.36
55.87
56.39
56.92
57.46
57.99
58.53
59.06
59.58
60.10
60.63
61.14
61.64
62.14
62.65
63.16
63.67
64.19
64.70
65.21
65.74
66.25
66.76
67.27
67.77
68.28
68.79
69.30
69.80
70.30
70.81
71.32
71.84
72.35
72.86
73.36
73.87
74.39
74.90
75.41
75.91
76.41
76.92
77.43
77.94
78.45
78.96
79.47
79.97
80.48
80.99
81.49
82.00
82.51
83.02
83.55
84.07
84.59
85.11
85.62
86.15
86.66
87.17
87.68
88.18
88.69
89.19
89.70
90.21
90.73
91.25
91.77
92.26
92.76
93.26
93.77
94.28
94.78
95.29
95.81
96.32
96.83
97.35
97.87
98.38
98.89
99.40
99.92
100.43
100.94
101.45
101.97
102.49
103.00
103.51
104.04
104.55
105.05
105.55
106.05
106.53
107.04
107.54
108.04
108.54
109.04
109.54
110.05
110.56
111.08
111.60
112.12
112.65
113.16
113.67
114.18
114.69
115.21
115.71
116.22
116.74
117.24
117.74
118.25
118.75
119.25
119.76
120.27
120.79
121.31
121.82
122.35
122.87
123.38
123.89
124.41
124.91
125.42
125.92
126.43
126.94
127.45
127.97
128.46
128.98
129.49
129.99
130.50
131.01
131.52
132.03
132.54
133.05
133.56
134.07
134.58
135.09
135.60
136.12
136.63
137.14
137.65
138.16
138.67
139.18
139.69
140.20
140.70
141.20
141.70
142.20
142.72
143.23
143.74
144.25
144.76
145.28
145.79
146.31
146.82
147.33
147.85
148.38
148.90
149.42
149.93
150.42
150.91
151.41
151.90
152.42
152.95
153.34
153.74
154.13
154.52
154.90
155.28
155.65
156.03
156.40
156.77
157.14
157.51
157.88
158.26
158.62
158.98
159.34
159.68
160.03
160.38
160.74
161.10
161.46
161.82
162.19
162.55
162.91
163.27
163.64
164.01
164.39
164.76
165.13
165.50
165.87
166.24
166.61
166.99
167.36
167.73
168.10
168.46
168.83
169.20
169.58
169.94
170.30
170.66
171.03
171.40
171.76
172.13
172.49
172.86
173.23
173.62
173.98
174.35
174.71
175.07
175.44
175.80
176.16
176.52
176.88
177.24
177.60
177.96
178.46
178.96
179.46
179.97
180.48
180.98
181.49
182.00
182.50
183.01
183.52
184.02
184.53
185.04
185.56
186.07
186.58
187.09
187.62
188.14
188.66
189.17
189.70
190.21
190.74
191.27
191.80
192.32
192.85
193.38
193.91
194.46
195.00
195.54
196.06
196.59
197.14
197.66
198.18
198.69
199.24
199.80
200.35
200.92
201.50
202.08
202.65
203.24
203.95
204.65
205.35
206.04
206.69
207.33
207.98
208.62
209.27
209.93
210.59
