# Beats
0.55
1.10
1.65
2.21
2.76
3.31
3.85
4.39
4.90
5.40
5.90
6.39
6.88
7.38
7.89
8.37
8.87
9.35
9.82
10.31
10.81
11.28
11.77
12.27
12.79
13.31
13.79
14.28
14.74
15.23
15.72
16.18
16.70
17.19
17.69
18.19
18.68
19.17
19.67
20.15
20.64
21.13
21.59
22.08
22.58
23.08
23.57
24.04
24.52
25.01
25.50
25.99
26.47
26.96
27.47
27.96
28.44
28.96
29.45
29.93
30.43
30.93
31.45
31.95
32.45
32.94
33.41
33.90
34.39
34.88
35.36
35.87
36.36
36.84
37.33
37.83
38.30
38.80
39.29
39.80
40.30
40.79
41.29
41.77
42.26
42.75
43.21
43.70
44.20
44.69
45.19
45.70
46.18
46.66
47.14
47.62
48.11
48.58
49.04
49.52
50.00
50.50
51.00
51.48
51.95
52.40
52.83
53.25
53.68
54.13
54.57
55.01
55.45
55.88
56.31
56.74
57.17
57.62
58.07
58.54
58.98
59.43
59.87
60.31
60.77
61.21
61.66
62.11
62.55
63.01
63.47
63.92
64.38
64.83
65.28
65.74
66.22
66.70
67.18
67.64
68.09
68.55
69.00
69.45
69.88
70.31
70.74
71.17
71.51
71.87
72.21
72.56
72.91
73.25
73.62
73.98
74.34
74.70
75.06
75.42
75.79
76.16
76.53
76.90
77.26
77.62
77.98
78.34
78.76
79.17
79.57
79.98
80.39
80.79
81.20
81.61
82.05
82.49
82.93
83.38
83.84
84.29
84.74
85.19
85.61
86.03
86.46
86.89
87.31
87.79
88.28
88.77
89.26
89.75
90.23
90.71
91.18
91.67
92.14
92.60
93.05
93.53
93.99
94.47
94.96
95.43
95.91
96.39
96.80
97.25
97.66
98.09
98.52
98.96
99.40
99.85
100.28
100.73
101.19
101.66
102.10
102.63
103.17
103.70
104.23
104.77
105.30
105.84
106.37
106.93
107.54
108.16
108.72
109.26
109.81
110.31
110.81
111.32
111.79
112.27
112.73
113.13
113.52
113.93
114.36
114.80
115.24
115.66
116.10
116.54
116.98
117.41
117.86
118.29
118.72
119.16
119.59
120.02
120.47
120.92
121.35
121.79
122.23
122.65
123.10
123.54
123.99
124.45
124.90
125.36
125.81
126.25
126.68
127.11
127.57
128.01
128.45
128.92
129.38
129.82
130.25
130.71
131.15
131.59
132.03
132.47
132.91
133.35
133.79
134.26
134.70
135.13
135.56
136.02
136.46
136.90
137.35
137.81
138.25
138.70
139.16
139.60
140.04
140.46
140.92
141.36
141.83
142.27
142.71
143.14
143.59
144.03
144.47
144.94
145.38
145.82
146.25
146.70
147.14
147.59
148.03
148.48
148.92
149.35
149.79
150.23
150.69
151.12
151.53
151.96
152.39
152.81
153.25
153.69
154.13
154.59
155.04
155.48
155.92
156.35
156.78
157.22
157.65
158.08
158.52
158.96
159.40
159.83
160.26
160.71
161.17
161.60
162.03
162.46
162.91
163.35
163.79
164.23
164.65
165.09
165.55
166.00
166.44
166.89
167.35
167.81
168.26
168.74
169.23
169.71
170.23
170.72
171.20
171.67
172.15
172.65
