# Beats
0.38
0.78
1.16
1.54
1.93
2.31
2.69
3.17
3.65
4.12
4.59
5.04
5.49
5.93
6.40
6.86
7.33
7.74
8.16
8.58
9.00
9.42
9.85
10.27
10.72
11.16
11.59
12.02
12.45
12.88
13.31
13.75
14.19
14.63
15.07
15.51
15.95
16.39
16.83
17.29
17.74
18.20
18.65
19.10
19.53
19.97
20.40
20.84
21.28
21.72
22.16
22.58
23.01
23.44
23.86
24.29
24.72
25.15
25.61
26.08
26.54
27.00
27.46
27.92
28.36
28.79
29.22
29.65
30.09
30.55
31.00
31.44
31.87
32.30
32.73
33.16
33.59
34.02
34.46
34.93
35.38
35.82
36.26
36.70
37.14
37.57
38.01
38.45
38.89
39.32
39.75
40.18
40.61
41.04
41.49
41.95
42.39
42.83
43.31
43.77
44.22
44.64
45.06
45.48
45.88
46.34
46.79
47.25
47.69
48.13
48.58
49.02
49.46
49.90
50.33
50.76
51.20
51.63
52.07
52.51
52.96
53.41
53.85
54.29
54.72
55.16
55.59
56.02
56.46
56.90
57.34
57.78
58.21
58.65
59.09
59.54
59.97
60.41
60.85
61.29
61.73
62.16
62.60
63.04
63.48
63.94
64.39
64.83
65.27
65.70
66.13
66.57
67.02
67.47
67.92
68.36
68.79
69.22
69.66
70.09
70.52
70.96
71.40
71.84
72.27
72.71
73.14
73.58
74.01
74.44
74.88
75.33
75.77
76.20
76.64
77.08
77.52
77.96
78.40
78.84
79.28
79.71
80.14
80.57
81.01
81.46
81.90
82.33
82.77
83.21
83.64
84.08
84.52
84.96
85.39
85.81
86.24
86.67
87.11
87.55
88.00
88.44
88.89
89.33
89.76
90.20
90.64
91.08
91.52
91.96
92.39
92.83
93.26
93.70
94.13
94.57
95.02
95.46
95.90
96.34
96.78
97.22
97.67
98.10
98.53
98.98
99.40
99.83
100.28
100.72
101.16
101.59
102.02
102.46
102.90
103.33
103.76
104.20
104.64
105.08
105.52
105.96
106.41
106.86
107.31
107.76
108.20
108.65
109.09
109.53
109.97
110.42
110.86
111.32
111.76
112.21
112.65
113.09
113.53
113.98
114.43
114.86
115.30
115.73
116.17
116.60
117.04
117.49
117.93
118.38
118.82
119.26
119.70
120.14
120.59
121.05
121.50
121.94
122.38
122.83
123.29
123.74
124.18
124.63
125.09
125.54
125.98
126.42
126.86
127.32
127.77
128.22
128.67
129.13
129.57
130.02
130.46
130.91
131.36
131.80
132.25
132.71
133.17
133.60
134.05
134.49
134.93
135.36
135.80
136.24
136.70
137.14
137.59
138.03
138.48
138.92
139.38
139.83
140.27
140.72
141.18
141.63
142.07
142.51
142.95
143.39
143.82
144.27
144.72
145.16
145.61
146.07
146.51
146.95
147.40
147.84
148.28
148.72
149.18
149.63
150.07
150.50
150.93
151.36
151.79
152.23
152.67
153.11
153.55
153.99
154.44
154.89
155.34
155.78
156.22
156.67
157.09
157.54
157.99
158.43
158.87
159.32
159.76
160.21
160.64
161.07
161.51
161.95
162.39
162.84
163.29
163.74
164.19
164.64
165.08
165.54
165.98
166.42
166.85
167.28
167.71
168.15
168.59
169.03
169.47
169.92
170.36
170.81
171.25
171.70
172.14
172.56
172.99
173.43
173.88
174.34
174.79
175.24
175.69
176.16
176.61
177.04
177.48
177.91
178.35
178.78
179.21
179.64
180.19
180.72
181.24
181.78
182.31
182.79
183.22
183.66
184.10
184.58
185.06
185.55
186.05
186.55
187.04
187.51
187.99
188.46
188.93
189.41
189.88
190.32
190.78
191.24
191.69
192.17
192.66
193.14
193.64
194.12
194.59
195.06
195.54
196.00
196.45
196.91
197.37
197.86
198.33
198.80
199.26
199.73
200.19
200.64
201.10
201.55
202.00
202.39
202.77
203.15
203.55
203.94
204.32
204.72
205.09
205.46
205.84
206.22
206.66
207.10
207.54
207.98
208.43
208.89
209.36
209.85
210.34
210.83
211.28
211.72
212.16
212.61
213.07
213.52
213.97
214.40
214.83
215.26
215.69
216.12
216.55
217.01
217.48
217.94
218.41
218.86
219.30
219.77
220.22
220.67
221.12
221.59
222.05
222.53
222.98
223.43
223.88
224.33
224.78
225.23
225.70
226.15
226.59
227.03
227.49
227.94
228.39
228.84
229.32
229.78
230.25
230.68
231.10
231.51
231.97
232.43
232.88
233.34
233.79
234.25
234.71
235.16
235.61
236.08
236.54
237.01
237.46
237.91
238.35
238.79
239.25
239.70
240.15
240.59
241.03
241.48
241.92
242.35
242.78
243.21
243.65
244.09
244.52
244.95
245.39
245.83
246.27
246.70
247.14
247.58
248.02
248.48
248.93
249.37
249.81
250.25
250.69
251.14
251.58
252.02
252.46
252.90
253.33
253.77
254.20
254.64
255.08
255.52
255.97
256.41
256.84
257.28
257.71
258.15
258.59
259.03
259.47
259.91
260.35
260.78
261.22
261.68
262.12
262.57
263.02
263.52
264.01
264.51
264.93
265.33
265.74
266.19
266.65
267.10
267.55
268.00
268.47
268.92
269.37
269.83
270.28
270.68
271.06
271.44
271.84
272.23
272.63
273.02
273.40
273.79
274.18
274.56
274.94
275.31
275.68
276.05
276.42
276.81
277.19
277.57
277.98
278.37
278.76
279.14
279.55
279.94
280.35
280.74
281.15
281.55
281.96
282.35
282.75
283.14
283.55
284.03
284.50
285.00
285.49
285.98
286.44
286.91
287.36
287.82
288.29
