# Beats
0.79
1.59
2.39
3.18
3.97
4.71
5.46
6.19
6.91
7.65
8.39
9.13
9.86
10.60
11.34
12.09
12.82
13.54
14.27
14.98
15.71
16.43
17.14
17.83
18.55
19.27
20.00
20.74
21.33
21.91
22.43
22.95
23.46
23.99
24.52
25.05
25.55
26.06
26.56
27.04
27.52
27.99
28.43
28.87
29.30
29.72
30.14
30.56
30.98
31.40
31.83
32.25
32.67
33.09
33.51
33.92
34.35
34.78
35.22
35.65
36.08
36.52
36.95
37.38
37.81
38.23
38.65
39.06
39.49
39.92
40.34
40.76
41.19
41.61
42.03
42.43
42.84
43.26
43.67
44.08
44.50
44.93
45.36
45.80
46.22
46.64
47.07
47.50
47.94
48.38
48.81
49.23
49.64
50.07
50.50
50.94
51.39
51.83
52.26
52.67
53.10
53.55
53.99
54.43
54.87
55.30
55.74
56.18
56.61
57.04
57.47
57.91
58.34
58.76
59.18
59.61
60.04
60.45
60.88
61.31
61.73
62.16
62.59
63.02
63.45
63.88
64.32
64.76
65.20
65.63
66.06
66.49
66.92
67.34
67.77
68.19
68.60
69.03
69.46
69.89
70.32
70.75
71.18
71.73
72.26
72.81
73.40
73.99
74.57
75.14
75.72
76.31
76.90
77.55
78.19
78.83
79.46
80.10
80.74
81.37
82.01
82.65
83.34
84.01
84.71
85.39
86.08
86.81
87.54
88.22
88.92
89.63
90.34
91.03
91.73
92.44
93.15
93.83
94.53
95.20
95.89
96.56
97.21
97.86
98.39
98.93
99.49
100.02
100.54
101.05
101.56
102.07
102.57
103.07
103.57
104.03
104.48
104.92
105.35
105.78
106.21
106.65
107.08
107.51
107.94
108.38
108.82
109.27
109.73
110.19
110.64
111.08
111.53
111.96
112.38
112.83
113.26
113.70
114.13
114.57
115.00
115.44
115.87
116.32
116.76
117.21
117.69
118.18
118.65
119.12
119.57
120.01
120.47
120.91
121.35
121.79
122.22
122.65
123.09
123.52
123.96
124.39
124.82
125.26
125.70
126.14
126.57
127.00
127.44
127.88
128.33
128.77
129.21
129.64
130.07
130.51
130.95
131.39
131.83
132.26
132.68
133.12
133.56
134.00
134.44
134.88
135.31
135.76
136.20
136.63
137.06
137.49
137.91
138.32
138.74
139.16
139.60
140.03
140.47
140.91
141.35
141.79
142.23
142.69
143.14
143.60
144.06
144.52
145.00
145.47
145.94
146.40
146.87
147.33
147.78
148.25
148.71
149.18
149.64
150.13
150.62
151.10
151.59
152.08
152.57
153.04
153.52
154.01
154.49
154.96
155.42
155.89
156.34
156.79
157.23
157.74
158.26
158.75
159.18
159.61
160.03
160.45
160.87
161.29
161.70
162.11
162.53
162.95
163.38
163.82
164.26
164.71
165.15
165.59
166.02
166.45
166.88
167.31
167.75
168.18
168.62
169.06
169.56
170.06
170.56
171.05
171.54
172.01
172.44
172.87
173.30
173.74
174.17
174.59
175.01
175.43
175.84
176.26
176.68
177.09
177.49
177.92
178.35
178.79
179.23
179.68
180.09
180.51
180.92
181.32
181.73
182.15
182.57
183.00
183.43
183.86
184.30
184.73
185.14
185.57
186.00
186.44
186.87
187.30
187.73
188.16
188.59
189.02
189.44
189.86
190.28
190.69
191.12
191.55
191.98
192.41
192.84
193.27
193.70
194.13
194.56
195.00
195.43
195.87
196.31
196.77
197.22
197.69
198.17
198.65
199.12
199.60
200.06
200.53
200.97
201.40
201.83
202.26
202.68
203.10
203.52
203.95
204.37
204.79
205.22
205.65
206.09
206.52
206.96
207.39
207.81
208.22
208.64
209.07
209.50
209.94
210.37
210.81
211.24
211.68
212.10
212.52
212.94
213.37
213.80
214.22
214.63
215.06
215.49
215.92
216.34
216.77
217.20
217.64
218.07
218.51
218.94
219.37
219.81
220.24
220.67
221.09
221.51
221.95
222.38
222.81
223.23
223.64
224.07
224.50
224.93
225.36
225.79
226.22
226.65
227.07
227.50
227.92
228.35
228.79
229.22
229.63
230.05
230.46
230.86
231.27
231.68
232.07
232.47
232.87
233.28
233.67
234.07
234.46
234.87
235.29
235.71
236.12
236.54
236.96
237.38
237.80
238.21
238.63
239.05
239.47
239.89
240.30
240.72
241.16
241.60
242.03
242.46
242.89
243.32
243.75
244.18
244.61
245.05
245.49
245.92
246.36
246.80
247.25
247.68
248.12
248.55
248.98
249.41
249.84
250.26
250.69
251.12
251.56
252.01
252.46
252.91
253.36
253.82
254.28
254.73
255.19
255.64
256.10
256.56
257.02
257.51
257.99
258.47
258.91
259.36
259.81
260.23
260.63
261.05
261.47
261.87
262.28
262.69
263.09
263.49
263.89
264.29
264.66
265.04
265.43
265.82
266.23
266.63
267.05
267.46
267.92
268.38
268.83
269.25
269.66
270.08
270.52
270.95
271.37
271.80
272.22
272.64
273.07
273.51
273.95
274.38
274.82
275.25
275.68
276.11
276.53
276.94
277.36
277.77
278.20
278.62
279.05
279.48
279.90
280.35
280.79
281.23
281.67
282.10
282.52
282.95
283.36
283.79
284.21
284.62
285.02
285.47
285.91
286.34
286.77
287.20
287.64
288.07
288.50
288.94
289.40
289.85
290.31
290.76
291.21
291.69
292.17
292.63
293.11
293.58
294.06
294.52
294.97
295.43
295.88
