# Beats
0.63
1.27
1.93
2.57
3.23
3.90
4.57
5.25
5.90
6.55
7.20
7.74
8.28
8.82
9.37
9.93
10.40
10.88
11.33
11.78
12.25
12.71
13.19
13.65
14.11
14.56
15.02
15.51
15.98
16.42
16.87
17.32
17.79
18.24
18.69
19.14
19.62
20.09
20.50
20.97
21.44
21.90
22.36
22.84
23.31
23.85
24.38
24.94
25.50
26.06
26.64
27.26
27.84
28.35
28.85
29.32
29.79
30.27
30.74
31.23
31.70
32.18
32.67
33.13
33.61
34.09
34.60
35.11
35.60
36.11
36.59
37.08
37.57
38.08
38.59
39.09
39.59
40.08
40.60
41.15
41.73
42.31
42.89
43.44
44.00
44.59
45.19
45.75
46.32
46.90
47.48
47.98
48.48
48.98
49.48
49.96
50.46
50.94
51.43
51.94
52.41
52.87
53.36
53.85
54.33
54.82
55.26
55.73
56.19
56.61
57.04
57.45
57.88
58.26
58.68
59.07
59.47
59.86
60.23
60.63
61.02
61.38
61.79
62.16
62.60
63.07
63.53
64.05
64.55
65.06
65.57
66.08
66.62
67.13
67.64
68.15
68.66
69.17
69.71
70.18
70.68
71.18
71.82
72.45
73.05
73.64
74.23
74.80
75.38
75.93
76.49
77.03
77.60
78.16
78.72
79.34
79.97
80.56
81.15
81.73
82.31
82.92
83.52
84.11
84.69
85.36
85.98
86.61
87.25
87.85
88.49
89.14
89.84
90.57
91.29
