# Beats
0.48
0.95
1.42
1.86
2.32
2.77
3.20
3.63
4.06
4.47
4.89
5.32
5.74
6.13
6.55
6.97
7.38
7.79
8.19
8.59
9.02
9.43
9.83
10.24
10.66
11.08
11.49
11.92
12.35
12.77
13.19
13.61
14.00
14.41
14.83
15.23
15.65
16.08
16.54
17.00
17.44
17.88
18.32
18.76
19.20
19.66
20.11
20.54
20.96
21.40
21.83
22.27
22.70
23.13
23.56
24.04
24.53
25.02
25.55
26.09
26.62
27.16
27.68
28.24
28.78
29.32
29.84
30.35
30.88
31.39
31.92
32.44
32.94
33.45
33.95
34.44
34.92
35.43
35.94
36.46
36.97
37.49
38.01
38.53
39.04
39.57
40.09
40.59
41.12
41.64
42.17
42.69
43.25
43.80
44.36
44.90
45.43
45.96
46.49
47.01
47.53
48.03
48.53
49.03
49.53
50.03
50.52
51.00
51.49
52.02
52.55
53.07
53.59
54.11
54.64
55.16
55.61
56.10
56.59
57.07
57.56
58.03
58.50
58.96
59.40
59.79
60.19
60.58
60.93
61.29
61.65
62.00
62.36
62.72
63.08
63.44
63.79
64.11
64.45
64.76
65.09
65.55
66.01
66.48
66.97
67.45
67.95
68.49
69.02
69.54
70.01
70.47
70.96
71.45
71.94
72.41
72.91
73.39
73.89
74.39
74.88
75.37
75.82
76.28
76.73
77.18
77.67
78.17
78.66
79.15
79.64
80.12
80.61
81.06
81.53
82.02
82.51
83.01
83.50
84.00
84.47
84.93
85.41
85.89
86.36
86.84
87.33
87.81
88.27
88.75
89.23
89.72
90.21
90.67
91.16
91.65
92.14
92.60
93.09
93.58
94.04
94.53
95.02
95.50
95.98
96.46
96.94
97.42
97.90
98.37
98.85
99.33
99.82
100.29
100.77
101.26
101.74
102.21
102.70
103.18
103.65
104.14
104.62
105.09
105.58
106.07
106.56
107.02
107.51
107.98
108.46
108.92
109.41
109.90
110.39
110.86
111.34
111.83
112.31
112.80
113.27
113.75
114.24
114.71
115.19
115.67
116.15
116.63
117.12
117.60
118.07
118.56
119.05
119.51
120.00
120.48
120.95
121.44
121.93
122.42
122.93
123.43
123.92
124.44
124.92
125.41
125.90
126.40
126.90
127.41
127.90
128.39
128.88
129.37
129.86
130.35
130.83
