# Beats
0.46
0.94
1.40
1.83
2.30
2.74
3.18
3.62
4.05
4.50
4.97
5.41
5.85
6.33
6.78
7.28
7.76
8.23
8.71
9.15
9.59
10.03
10.47
10.91
11.37
11.80
12.23
12.65
13.08
13.51
13.96
14.40
14.83
15.27
15.71
16.16
16.63
17.09
17.57
18.03
18.49
18.95
19.39
19.84
20.29
20.75
21.18
21.62
22.06
22.49
22.92
23.35
23.78
24.22
24.64
25.05
25.48
25.91
26.33
26.77
27.20
27.64
28.07
28.50
28.92
29.34
29.77
30.19
30.63
31.05
31.49
31.90
32.33
32.75
33.17
33.60
34.02
34.46
34.88
35.32
35.74
36.15
36.55
36.99
37.43
37.84
38.28
38.72
39.15
39.58
40.03
40.48
40.94
41.38
41.89
42.40
42.91
43.43
43.94
44.47
44.98
45.49
45.99
46.41
46.83
47.25
47.67
48.09
48.48
48.90
49.32
49.71
50.11
50.53
50.94
51.36
51.78
52.23
52.69
53.13
53.57
53.99
54.40
54.83
55.26
55.70
56.15
56.56
57.00
57.43
57.86
58.31
58.72
59.14
59.56
59.99
60.42
60.85
61.27
61.68
62.11
62.53
62.95
63.39
63.82
64.25
64.69
65.12
65.53
65.92
66.33
66.72
67.18
67.62
68.06
68.50
68.94
69.38
69.82
70.26
70.72
71.17
71.60
72.05
72.49
72.95
73.40
73.85
74.30
74.77
75.21
75.65
76.07
76.51
76.95
77.39
77.83
78.29
78.72
79.15
79.59
80.02
80.45
80.86
81.29
81.73
82.18
82.60
83.02
83.45
83.88
84.31
84.73
85.15
85.58
86.01
86.42
86.87
87.30
87.74
88.17
88.61
89.05
89.40
89.75
90.09
90.45
90.80
91.15
91.49
91.83
92.28
92.73
93.19
93.73
94.26
94.80
95.32
95.83
96.34
96.84
97.35
97.87
98.38
98.89
99.44
99.96
100.47
101.00
101.37
101.73
102.10
102.47
102.84
103.19
103.54
103.89
104.23
104.61
104.97
105.33
105.77
106.18
106.61
107.07
107.53
107.96
108.38
108.81
109.24
109.68
110.16
110.62
111.08
111.57
112.08
112.59
113.07
113.55
114.02
114.50
114.97
115.45
115.93
