# Beats
0.52
1.07
1.59
2.11
2.64
3.13
3.65
4.18
4.66
5.15
5.67
6.18
6.68
7.17
7.72
8.27
8.77
9.33
9.89
10.45
11.01
11.56
12.12
12.68
13.25
13.80
14.37
14.92
15.46
16.02
16.56
17.09
17.62
18.15
18.67
19.21
19.78
20.35
20.91
21.48
22.06
22.62
23.17
23.73
24.36
24.98
25.66
26.34
27.00
27.65
28.33
29.00
29.68
30.35
31.02
31.52
32.04
32.57
33.09
33.60
34.13
34.63
35.16
35.67
36.19
36.71
37.29
37.87
38.45
39.08
39.71
40.24
40.77
41.32
41.81
42.28
42.77
43.24
43.70
44.18
44.72
45.27
45.81
46.36
46.90
47.45
48.00
48.53
49.06
