# Beats
0.57
1.15
1.73
2.30
2.88
3.46
4.04
4.62
5.20
5.78
6.41
7.02
7.59
8.15
8.71
9.29
9.86
10.43
11.01
11.61
12.20
12.79
13.37
13.93
14.52
15.12
15.70
16.28
16.86
17.45
18.03
18.61
19.19
19.76
20.34
20.92
21.50
22.11
22.69
23.27
23.85
24.43
25.01
25.59
26.17
26.76
27.34
27.93
28.39
28.83
29.28
29.72
30.15
30.57
31.00
31.44
31.89
32.35
32.79
33.25
33.70
34.16
34.61
35.07
35.54
36.03
36.50
36.99
37.45
37.94
38.43
38.92
39.40
39.88
40.36
40.83
41.31
41.87
42.42
42.99
43.56
44.14
44.72
45.28
45.86
46.43
47.02
47.60
48.18
48.75
49.30
49.80
50.31
50.69
51.07
51.46
51.82
52.15
52.52
52.90
53.25
53.61
53.96
54.31
54.68
55.03
55.39
55.75
56.10
56.47
56.84
57.21
57.56
57.91
58.28
58.65
58.99
59.35
59.72
60.09
60.46
60.82
61.21
61.56
61.93
62.28
62.65
63.00
63.37
63.73
64.11
64.46
64.81
65.16
65.50
65.86
66.22
66.59
66.97
67.31
67.69
68.02
68.38
68.75
69.10
69.45
69.83
70.17
70.52
70.88
71.26
71.61
71.98
72.34
72.70
73.07
73.43
73.80
74.20
74.58
74.98
75.37
75.77
76.16
76.56
76.94
77.32
77.71
78.09
78.46
78.83
79.20
79.59
79.97
80.43
80.91
81.39
81.87
82.37
82.87
83.43
83.97
84.52
85.05
85.58
86.12
86.67
87.19
87.72
88.28
88.82
89.35
89.88
90.42
90.96
91.51
92.04
92.58
93.10
93.63
94.15
94.67
95.19
95.71
96.25
96.78
97.31
97.85
98.38
98.92
99.43
99.96
100.50
101.04
101.59
102.12
102.66
103.18
103.69
104.22
104.76
105.28
105.84
106.39
106.96
107.53
108.09
108.62
109.17
109.73
110.27
110.83
111.39
111.94
112.50
113.03
113.58
114.13
114.67
115.22
115.75
116.30
116.84
117.38
117.95
118.49
119.05
119.62
120.17
120.67
121.18
121.68
122.17
122.65
123.12
123.60
124.08
124.55
125.11
125.65
126.20
126.73
127.27
127.80
128.36
128.92
129.47
130.05
130.61
131.16
131.70
132.28
132.86
133.45
134.03
134.63
135.21
135.79
136.37
136.88
137.37
137.86
138.36
138.86
139.37
139.84
140.32
140.78
141.26
141.73
142.20
142.66
143.13
143.59
144.04
144.50
144.96
145.43
145.90
146.40
146.89
147.38
147.86
148.36
148.86
149.35
149.84
150.38
150.92
151.46
152.00
152.53
153.07
153.60
154.11
154.64
155.18
155.71
156.25
156.78
157.32
157.85
158.39
158.94
159.49
160.03
160.59
161.16
161.73
162.31
162.90
163.50
164.10
164.68
165.27
165.85
166.44
167.03
167.62
168.23
168.83
169.44
170.04
170.64
171.22
171.78
172.37
172.87
173.38
173.87
174.36
174.86
175.33
175.80
176.26
176.74
177.23
177.73
178.24
178.64
179.05
179.44
179.86
180.28
180.70
181.12
181.57
182.02
182.46
182.89
183.32
183.74
184.17
184.60
185.03
185.47
185.92
186.36
186.80
187.25
187.69
188.13
188.57
189.01
189.45
189.87
190.26
190.68
191.10
191.54
191.96
192.40
192.82
193.25
193.65
194.07
194.49
194.92
195.35
195.77
196.19
196.60
197.02
197.46
197.88
198.29
198.72
199.15
199.56
199.98
200.40
200.83
201.26
201.69
202.21
202.73
203.24
203.78
204.28
204.78
205.29
205.78
206.24
206.72
207.20
207.70
208.21
208.70
209.19
209.70
210.21
210.74
211.30
211.86
212.39
212.93
213.46
214.04
214.61
215.18
215.76
216.34
216.99
217.64
218.30
219.03
219.77
220.52
221.29
222.05
222.82
223.58
224.33
225.08
225.83
226.56
227.30
228.04
228.77
229.53
230.27
231.00
231.75
232.49
233.24
233.96
234.73
235.47
236.20
236.83
237.47
238.11
238.75
239.39
240.00
240.63
241.26
241.88
242.56
243.21
243.86
244.48
245.11
245.74
246.36
247.01
247.70
248.27
248.83
249.38
249.90
250.43
250.96
251.47
251.96
252.45
252.93
253.45
253.95
254.42
254.90
255.37
255.86
256.35
256.84
257.31
257.81
258.30
258.72
259.13
259.55
259.97
260.39
260.83
261.25
261.68
262.12
262.55
262.98
263.41
263.85
264.28
264.71
