# Beats
0.55
1.10
1.65
2.17
2.67
3.17
3.67
4.18
4.69
5.20
5.72
6.20
6.66
7.13
7.62
8.09
8.57
8.99
9.40
9.85
10.26
10.62
10.98
11.31
11.66
12.00
12.35
12.72
13.10
13.44
13.82
14.16
14.51
14.88
15.26
15.60
15.95
16.32
16.71
17.07
17.41
17.79
18.18
18.58
18.97
19.41
19.85
20.29
20.74
21.16
21.61
22.06
22.48
22.92
23.32
23.73
24.17
24.64
25.09
25.60
26.10
26.56
27.07
27.59
28.08
28.58
29.06
29.54
29.99
30.44
30.91
31.36
31.80
32.24
32.69
33.16
33.59
34.02
34.46
34.90
35.34
35.78
36.22
36.66
37.08
37.52
37.96
38.41
38.85
39.24
39.66
40.05
40.47
40.91
41.33
41.75
42.17
42.59
42.99
43.49
43.98
44.44
44.94
45.43
45.93
46.39
46.85
47.30
47.76
48.23
48.69
49.25
49.83
50.41
50.99
51.57
52.22
52.87
53.51
54.15
54.80
55.43
56.08
56.70
57.35
57.96
58.55
59.15
59.77
60.37
60.98
61.58
62.16
62.79
63.39
