# Beats
0.56
1.13
1.70
2.26
2.83
3.41
3.99
4.56
5.13
5.68
6.23
6.80
7.44
8.06
8.68
9.31
9.91
10.52
11.12
11.74
12.35
12.97
13.55
14.14
14.71
15.29
15.86
16.42
16.99
17.55
18.10
18.67
19.23
19.80
20.35
20.90
21.48
22.04
22.62
23.17
23.73
24.31
24.89
25.47
26.05
26.64
27.21
27.77
28.33
28.89
29.44
30.00
30.56
31.09
31.67
32.23
32.81
33.39
33.95
34.53
35.10
35.67
36.23
36.80
37.36
37.92
38.49
39.06
39.61
40.17
40.75
41.35
41.92
42.48
43.03
43.60
44.16
44.70
45.21
45.71
46.25
46.80
47.35
47.88
48.41
48.95
49.48
50.02
50.55
