# Beats
0.42
0.85
1.28
1.70
2.11
2.53
2.97
3.40
3.83
4.26
4.71
5.17
5.62
6.06
6.51
6.97
7.43
7.89
8.35
8.80
9.25
9.71
10.16
10.63
11.11
11.60
12.07
12.55
13.04
13.51
13.98
14.45
14.94
15.44
15.93
16.43
16.92
17.41
17.91
18.41
18.91
19.41
19.91
20.41
21.10
21.78
22.47
23.14
23.79
24.44
25.08
25.72
26.35
26.98
27.62
28.25
28.87
29.50
30.12
30.73
31.37
32.01
32.64
33.27
33.90
34.53
35.16
35.79
36.44
37.09
37.73
38.37
39.00
39.62
40.26
40.90
41.54
42.18
42.82
43.46
44.09
44.72
45.35
45.99
46.63
47.26
47.90
48.54
49.18
49.81
50.45
51.06
51.69
52.34
53.00
53.65
54.29
54.94
55.57
56.19
56.82
57.45
58.10
58.75
59.39
60.02
60.66
61.30
61.94
62.58
63.22
63.85
64.49
65.13
65.77
66.41
67.05
67.69
68.32
68.95
69.57
70.19
70.82
71.45
72.09
72.72
73.36
73.99
74.63
75.27
75.91
76.54
77.18
77.81
78.45
79.08
79.70
80.34
80.97
81.59
82.23
82.86
83.50
84.15
84.82
85.50
86.19
86.89
87.60
88.28
88.97
89.64
90.31
90.92
91.52
92.13
92.69
93.25
93.84
94.44
95.03
95.43
95.84
96.25
96.65
97.06
97.44
97.83
98.21
98.59
98.98
99.36
99.75
100.15
100.54
100.93
101.31
101.69
102.07
102.46
102.84
103.22
103.61
104.00
104.40
104.78
105.17
105.56
105.94
106.32
106.71
107.09
107.47
107.86
108.24
108.61
108.98
109.35
109.74
110.11
110.49
110.88
111.26
111.65
112.04
112.43
112.84
113.22
113.62
114.00
114.38
114.75
115.14
115.52
115.89
116.27
116.66
117.04
117.42
117.81
118.19
118.58
118.98
119.36
119.76
120.14
120.52
120.89
121.28
121.66
122.06
122.44
122.83
123.22
123.60
123.98
124.38
124.77
125.16
125.54
125.92
126.30
126.69
127.07
127.45
127.84
128.22
128.60
128.99
129.38
129.78
130.18
130.59
130.95
131.31
131.67
132.04
132.45
132.84
133.24
133.62
134.00
134.40
134.79
135.17
135.56
135.94
136.32
136.71
137.09
137.49
137.87
138.25
138.63
139.02
139.40
139.80
140.18
140.57
140.97
141.36
141.76
142.15
142.55
142.94
143.34
143.73
144.14
144.53
144.94
145.35
145.75
146.16
146.56
146.97
147.39
147.81
148.22
148.64
149.06
149.48
149.91
150.34
150.77
151.19
151.60
152.02
152.44
152.86
153.26
153.67
154.08
154.48
154.89
155.30
155.70
156.06
156.42
156.79
157.16
157.54
157.91
158.28
158.66
159.07
159.46
159.86
160.25
