# Beats
0.42
0.86
1.30
1.73
2.16
2.59
3.03
3.51
3.95
4.38
4.83
5.28
5.72
6.13
6.57
7.01
7.41
7.83
8.27
8.71
9.17
9.62
10.08
10.50
10.91
11.33
11.75
12.17
12.61
13.05
13.57
14.07
14.59
15.12
15.64
16.14
16.67
17.18
17.72
18.11
18.53
18.92
19.33
19.81
20.22
20.62
21.00
21.39
21.76
22.15
22.52
22.92
23.30
23.70
24.08
24.47
24.87
25.25
25.63
26.02
26.41
26.80
27.18
27.56
27.95
28.33
28.71
29.08
29.47
29.85
30.23
30.62
31.00
31.38
31.76
32.16
32.55
32.95
33.33
33.72
34.09
34.48
34.86
35.25
35.64
36.03
36.41
36.80
37.20
37.62
38.03
38.45
38.87
39.28
39.68
40.08
40.46
40.84
41.24
41.63
42.04
42.42
42.79
43.17
43.54
43.92
44.32
44.72
45.12
45.50
45.88
46.27
46.64
47.02
47.42
47.81
48.18
48.55
48.95
49.34
49.73
50.11
50.50
50.89
51.28
51.66
52.05
52.43
52.83
53.21
53.59
53.99
54.36
54.75
55.12
55.52
55.89
56.29
56.68
57.07
57.48
57.89
58.31
58.73
59.14
59.56
59.97
60.40
60.82
61.23
61.63
62.03
62.45
62.86
63.26
63.67
64.06
64.46
64.86
65.27
65.67
66.06
66.47
66.86
67.24
67.64
68.02
68.39
68.78
69.15
69.54
69.95
70.36
70.74
71.12
71.53
71.94
72.33
