# Beats
0.64
1.29
1.93
2.57
3.25
3.94
4.64
5.36
6.07
6.79
7.50
8.21
8.92
9.64
10.36
11.06
11.77
12.52
13.26
14.01
14.78
15.48
16.17
16.87
17.57
18.31
19.05
19.82
20.57
21.33
22.08
22.84
23.60
24.23
24.86
25.43
26.01
26.59
27.03
27.48
27.93
28.31
28.68
29.06
29.44
29.81
30.20
30.57
30.94
31.32
31.70
32.07
32.44
32.80
33.17
33.53
33.88
34.25
34.62
34.99
35.36
35.71
36.05
36.39
36.72
37.07
37.42
37.77
38.12
38.46
38.80
39.14
39.47
39.80
40.12
40.46
40.81
41.16
41.51
41.85
42.19
42.53
42.86
43.27
43.68
44.07
44.48
44.87
45.27
45.65
46.03
46.45
46.88
47.31
47.74
48.17
48.60
49.03
49.44
49.84
50.25
50.65
51.07
51.49
51.90
52.30
52.71
53.13
53.53
53.94
54.35
54.75
55.16
55.58
55.99
56.41
56.94
57.45
57.96
58.46
58.96
59.44
59.94
60.43
60.93
61.43
61.93
62.42
62.90
63.39
63.89
64.28
64.67
65.05
65.43
65.82
66.21
66.61
67.07
67.54
68.00
68.45
68.89
69.33
69.79
70.24
70.68
71.11
71.54
71.97
72.39
72.81
73.22
73.67
74.11
74.55
74.99
75.43
75.87
76.31
76.75
77.21
77.71
78.20
78.70
79.18
79.67
80.14
80.54
80.93
81.33
81.71
82.11
82.48
82.87
83.24
83.62
83.97
84.35
84.71
85.09
85.46
85.83
86.19
86.55
86.90
87.26
87.61
87.98
88.34
88.70
89.06
89.43
89.79
90.16
90.52
90.87
91.23
91.60
91.97
92.36
92.75
93.16
93.55
93.92
94.31
94.68
95.05
95.42
95.79
96.17
96.53
96.87
97.22
97.57
97.92
98.27
98.62
98.96
99.31
99.65
99.99
100.35
100.72
101.12
101.54
101.95
102.35
102.75
103.15
103.56
103.96
104.36
104.75
105.13
105.51
105.89
106.27
106.65
107.09
107.54
108.00
108.45
108.90
109.37
109.83
110.27
110.70
111.13
111.60
112.06
112.52
113.07
113.60
114.14
114.66
115.18
115.71
116.26
116.81
117.37
117.91
118.46
119.00
119.55
120.09
120.66
121.24
121.81
122.39
122.97
123.54
124.12
124.71
125.32
125.92
126.53
127.13
127.73
128.31
128.91
129.54
130.18
130.81
131.45
132.08
132.70
133.32
134.06
134.80
135.56
136.31
137.04
137.78
138.50
139.23
140.03
140.84
141.65
142.44
143.20
143.95
144.72
145.48
146.23
146.97
147.70
148.43
149.12
149.80
150.35
150.89
151.44
151.97
152.53
153.07
153.59
154.11
154.63
155.16
155.67
156.04
156.40
156.75
157.08
157.42
157.76
158.10
158.45
158.80
159.14
159.47
159.82
160.17
160.51
160.84
161.18
161.52
161.87
162.21
162.55
162.89
163.22
163.54
163.85
164.18
164.50
164.83
165.23
165.64
166.05
166.46
166.88
167.29
167.71
168.07
168.43
168.77
169.13
169.48
169.83
170.19
170.56
170.91
171.26
171.60
171.93
172.27
172.62
172.97
173.30
173.64
174.03
174.42
174.81
175.22
175.61
176.01
176.40
176.81
177.25
177.70
178.14
178.58
179.03
179.47
179.91
180.38
180.86
181.32
