# Beats
0.41
0.82
1.23
1.65
2.08
2.51
2.95
3.37
3.78
4.20
4.66
5.09
5.48
5.90
6.34
6.78
7.22
7.66
8.10
8.52
8.94
9.38
9.80
10.23
10.62
11.03
11.47
11.91
12.34
12.72
13.14
13.55
13.97
14.40
14.83
15.27
15.69
16.11
16.50
16.93
17.35
17.77
18.20
18.62
19.01
19.50
20.03
20.50
20.98
21.43
21.90
22.36
22.83
23.25
23.73
24.22
24.68
25.12
25.54
25.91
26.33
26.77
27.21
27.64
28.07
28.53
28.96
29.37
29.80
30.19
30.59
31.02
31.43
31.82
32.23
32.67
33.07
33.44
33.81
34.23
34.62
35.02
35.43
35.85
36.28
36.68
37.08
37.48
37.89
38.32
38.71
39.04
39.46
39.89
40.23
40.51
40.84
41.18
41.52
41.84
42.17
42.52
42.84
43.18
43.48
43.84
44.19
44.56
44.94
45.29
45.60
45.93
46.24
46.63
46.97
47.32
47.67
48.04
48.41
48.79
49.15
49.50
49.86
50.22
50.60
50.97
51.34
51.70
52.07
52.44
52.81
53.15
53.52
53.92
54.31
54.71
55.26
55.83
56.40
56.96
57.55
58.13
58.68
59.23
59.78
60.34
60.86
61.42
61.97
62.58
63.18
63.79
64.37
64.95
65.39
65.85
66.32
66.76
67.22
67.71
68.15
68.57
68.99
69.40
69.83
70.19
70.54
70.89
71.25
71.66
72.03
72.35
72.68
73.00
73.32
73.67
73.98
74.40
74.84
75.29
75.76
76.14
76.53
76.94
77.45
77.96
78.47
78.98
79.49
80.00
80.53
81.05
81.57
82.05
82.52
82.99
83.41
83.82
84.24
84.66
85.04
85.47
85.87
86.23
86.55
86.94
87.30
87.61
87.92
88.24
88.57
88.90
89.23
89.58
89.93
90.28
90.64
91.05
91.44
91.83
92.22
92.68
93.15
93.61
94.06
94.51
94.92
95.32
95.71
96.13
96.55
96.97
97.37
97.83
98.24
98.64
99.03
99.47
99.82
100.19
100.57
100.96
101.41
101.87
102.31
102.75
103.20
103.58
103.96
104.35
104.75
105.12
105.49
105.86
106.28
106.65
107.13
107.59
108.04
108.53
108.97
109.44
109.90
110.34
110.82
111.30
111.76
112.25
112.73
113.17
113.59
114.03
114.45
114.87
115.31
115.75
116.22
116.73
117.19
117.63
118.07
118.54
118.94
119.40
119.81
120.23
120.69
121.09
121.49
121.88
122.32
122.72
123.09
123.53
123.97
124.44
124.88
125.32
125.76
126.24
126.66
127.11
127.52
127.99
128.45
128.88
129.31
129.75
130.22
130.71
131.22
131.70
132.20
132.63
133.10
133.54
134.00
134.44
134.86
135.26
135.67
136.12
136.53
136.96
137.44
137.91
138.37
138.82
139.27
139.75
140.23
140.70
141.19
141.68
142.16
142.65
143.10
143.56
144.01
144.43
144.85
145.26
145.68
146.10
146.52
146.94
147.35
147.77
148.19
148.60
148.98
149.36
149.75
150.13
150.51
150.89
151.28
151.70
152.11
152.53
152.95
153.34
153.74
154.12
154.55
154.97
155.39
155.81
156.20
156.60
156.99
157.38
157.77
158.14
158.51
158.89
159.25
159.61
159.97
160.33
160.72
161.12
161.48
161.89
162.26
162.66
163.03
163.41
163.75
164.11
164.48
164.87
165.30
165.74
166.21
166.68
167.15
167.60
168.04
168.51
168.97
169.40
169.78
170.18
170.60
171.01
171.43
171.87
172.27
172.69
173.08
173.46
173.89
174.34
174.74
175.19
175.66
176.10
176.56
177.02
177.42
177.84
178.26
178.65
179.07
179.46
179.82
180.21
180.58
180.95
181.37
181.77
182.14
182.53
182.93
183.34
183.72
184.09
184.48
184.85
185.23
185.60
186.08
186.57
187.01
187.50
188.01
188.48
188.93
189.44
189.89
190.29
190.73
191.15
191.58
192.05
192.49
192.91
193.38
193.79
194.26
194.70
195.16
195.60
196.03
196.42
196.81
197.16
197.53
197.95
198.37
198.79
199.18
199.58
200.01
200.39
200.74
201.04
201.39
201.76
202.14
202.48
202.83
203.15
203.48
203.82
204.20
204.57
204.93
205.28
205.61
205.96
206.32
206.67
207.06
207.44
207.80
208.18
208.54
208.91
209.27
209.68
210.07
210.43
210.81
211.21
211.59
211.97
212.31
212.69
213.04
213.39
213.76
214.16
214.53
214.94
215.27
215.64
216.02
216.38
216.76
217.15
217.52
217.90
218.28
218.63
219.01
219.38
219.78
220.14
220.47
220.80
221.17
221.59
222.01
222.42
222.84
223.24
223.61
223.98
224.35
224.75
225.14
225.55
225.91
226.26
226.65
227.04
227.46
227.85
228.21
228.58
228.95
229.32
229.65
229.97
230.26
230.60
230.97
231.32
231.83
232.32
232.85
233.38
233.92
234.43
234.94
235.45
235.94
236.38
236.87
237.37
237.84
238.31
238.77
239.24
239.72
240.21
240.67
241.14
241.65
242.14
242.65
243.14
243.64
244.20
