# Beats
0.38
0.78
1.16
1.56
1.94
2.32
2.71
3.09
3.46
3.85
4.24
4.62
5.03
5.43
5.86
6.27
6.68
7.08
7.49
7.89
8.29
8.66
9.06
9.45
9.85
10.25
10.63
11.03
11.42
11.81
12.19
12.57
12.97
13.35
13.73
14.12
14.51
14.88
15.27
15.66
16.04
16.43
16.81
17.18
17.55
17.94
18.31
18.69
19.09
19.46
19.83
20.20
20.57
20.97
21.36
21.75
22.13
22.52
22.89
23.29
23.66
24.06
24.45
24.83
25.22
25.60
25.98
26.35
26.74
27.12
27.52
27.90
28.28
28.68
29.06
29.44
29.84
30.22
30.60
30.98
31.37
31.75
32.14
32.53
32.94
33.33
33.74
34.18
34.63
35.09
35.53
36.00
36.48
36.97
37.48
37.99
38.50
38.95
39.40
39.86
40.29
40.72
41.15
41.61
42.06
42.52
42.97
43.43
43.90
44.36
44.79
45.22
45.64
46.06
46.46
46.87
47.28
47.68
48.09
48.49
48.90
49.30
49.69
50.09
50.53
50.94
51.36
51.78
52.21
52.64
53.07
53.49
53.91
54.32
54.74
55.17
55.60
56.03
56.46
56.89
57.32
57.75
58.14
58.56
58.98
59.41
59.84
60.26
60.70
61.09
61.51
61.93
62.35
62.78
63.20
63.62
64.10
64.55
64.99
65.43
65.89
66.33
66.78
67.23
67.67
68.14
68.61
69.08
69.54
70.01
70.47
70.94
71.41
71.89
72.36
72.84
73.31
73.77
74.22
74.61
75.00
75.37
75.76
76.14
76.51
76.88
77.25
77.61
77.97
78.33
78.69
79.05
79.41
79.76
80.13
80.50
80.85
81.22
81.59
81.97
82.34
82.70
83.06
83.42
83.77
84.11
84.47
84.87
85.26
85.65
86.03
86.42
86.82
87.20
87.61
87.99
88.36
88.75
89.12
89.49
89.86
90.24
90.59
90.95
91.32
91.70
92.06
92.43
92.81
93.18
93.54
93.90
94.27
94.64
95.02
95.38
95.75
96.11
96.48
96.85
97.21
97.57
97.94
98.30
98.66
99.02
99.38
99.75
100.12
100.50
100.88
101.24
101.59
101.96
102.31
102.68
103.05
103.44
103.82
104.28
104.75
105.21
105.74
106.32
106.90
107.47
108.04
108.60
109.16
109.71
110.27
110.83
111.39
111.86
112.34
112.81
113.29
113.78
114.25
114.73
115.19
115.66
116.10
116.54
117.01
117.47
117.93
118.40
118.86
119.32
119.77
120.22
120.67
121.12
121.56
122.00
122.45
122.90
123.37
123.81
124.26
124.71
125.17
125.61
126.04
126.46
126.87
127.32
127.73
128.14
128.57
128.99
129.40
129.82
130.26
130.68
131.16
131.62
132.08
132.54
133.00
133.47
133.89
134.33
134.77
135.20
135.65
136.09
136.53
136.99
137.45
137.91
138.37
138.83
139.30
139.75
140.20
140.67
141.13
141.60
142.06
142.51
142.97
