# Beats
0.39
0.79
1.18
1.59
1.99
2.38
2.77
3.12
3.48
3.84
4.19
4.66
5.12
5.58
6.06
6.54
7.01
7.49
7.96
8.43
8.89
9.36
9.82
10.27
10.74
11.22
11.68
12.16
12.63
13.11
13.56
14.02
14.48
14.97
15.45
15.95
16.44
16.90
17.38
17.88
18.38
18.85
19.32
19.75
20.19
20.63
21.08
21.54
21.99
22.45
22.92
23.41
24.08
24.74
25.43
26.10
26.75
27.38
27.99
28.54
29.08
29.63
30.12
30.60
31.09
31.58
32.07
32.55
33.04
33.53
34.04
34.53
35.00
35.48
35.96
36.43
36.90
37.35
37.79
38.23
38.68
39.15
39.62
40.15
40.65
41.13
41.60
42.09
42.56
43.04
43.50
43.97
44.43
44.91
45.40
45.89
46.36
46.82
47.29
47.78
48.27
48.75
49.23
49.69
50.13
50.58
51.04
51.48
51.93
52.40
52.87
53.35
53.88
54.42
54.95
55.46
55.96
56.47
56.98
57.48
57.97
58.47
58.97
59.48
60.00
60.52
60.96
61.41
61.85
62.28
62.71
63.14
63.56
63.99
64.44
64.88
65.31
65.75
66.18
66.62
67.12
67.60
68.09
68.59
69.09
69.59
70.04
70.50
70.94
71.35
71.78
72.21
72.64
73.07
73.51
73.96
74.39
74.81
75.27
75.72
76.15
76.58
77.01
77.44
77.87
78.31
78.74
79.18
79.61
80.06
80.52
80.97
81.41
81.90
82.38
82.87
83.48
84.08
84.71
85.32
85.93
86.52
87.12
87.68
88.21
88.74
89.16
89.59
90.01
90.44
90.87
91.30
91.72
92.14
92.55
92.97
93.39
93.82
94.25
94.68
95.10
95.57
96.05
96.53
96.97
97.41
97.86
98.32
98.78
99.23
99.68
100.14
100.59
101.08
101.59
102.10
102.60
103.10
103.60
104.10
104.59
105.08
105.58
106.08
106.60
107.14
107.68
108.22
108.66
109.12
109.59
110.05
110.50
110.96
111.41
111.86
112.33
112.79
113.31
113.82
114.35
114.88
115.41
115.94
116.46
116.97
117.48
117.99
