# Beats
0.41
0.84
1.25
1.67
2.09
2.51
2.93
3.34
3.76
4.18
4.59
4.99
5.40
5.80
6.19
6.57
6.97
7.36
7.78
8.19
8.58
9.06
9.53
10.01
10.47
10.95
11.42
11.90
12.38
12.84
13.31
13.79
14.28
14.86
15.43
16.01
16.58
17.16
17.83
18.48
19.13
19.85
20.57
21.29
22.01
22.66
23.31
23.95
24.62
25.26
25.90
26.54
27.12
27.69
28.26
28.82
29.37
29.95
30.52
31.09
31.70
32.30
32.89
33.48
34.09
34.67
35.25
35.83
36.41
36.98
37.64
38.30
38.96
39.62
40.29
40.94
41.61
42.27
42.92
43.58
44.26
44.85
45.44
46.02
46.51
47.03
47.53
48.02
48.51
49.01
49.50
49.99
50.48
50.87
51.26
51.64
52.02
52.42
52.81
53.21
53.59
53.95
54.32
54.71
55.08
55.44
55.80
56.17
56.54
56.92
57.31
57.68
58.05
58.42
58.79
59.16
59.54
59.92
60.29
60.66
61.05
61.42
61.80
62.18
62.57
62.93
63.32
63.70
64.08
64.47
64.85
65.21
65.60
65.97
66.34
66.70
67.06
67.43
67.80
68.19
68.57
68.93
69.29
69.67
70.05
70.44
70.82
71.19
71.56
71.94
72.31
72.68
73.05
73.42
73.80
74.18
74.55
74.93
75.30
75.67
76.06
76.44
76.81
77.18
77.54
77.91
78.30
78.68
79.06
79.44
79.80
80.16
80.53
80.90
81.27
81.65
82.02
82.38
82.76
83.14
83.52
83.91
84.29
84.67
85.05
85.43
85.80
86.17
86.56
86.95
87.33
87.70
88.06
88.43
88.82
89.21
89.59
89.98
90.36
90.72
91.09
91.46
91.86
92.22
92.58
92.95
93.32
93.68
94.06
94.44
94.80
95.18
95.55
95.92
96.29
96.66
97.05
97.41
97.77
98.15
98.52
98.89
99.27
99.64
100.03
100.40
100.77
101.16
101.54
101.91
102.28
102.66
103.03
103.40
103.77
104.15
104.54
104.91
105.28
105.65
106.03
106.42
106.79
107.16
107.53
107.90
108.27
108.65
109.03
109.41
109.78
110.16
110.53
110.90
111.27
111.64
112.02
112.40
112.78
113.17
113.57
113.98
114.39
114.75
115.14
115.51
115.91
116.33
116.75
117.17
117.59
117.99
118.40
118.82
119.20
119.58
119.98
120.35
120.74
121.15
121.56
122.00
122.42
122.85
123.30
123.79
124.27
124.76
125.25
125.74
126.24
126.73
127.23
127.72
128.20
128.66
129.11
129.59
130.05
130.52
130.96
131.40
131.85
132.30
132.73
133.14
133.57
134.03
134.48
134.93
135.38
135.83
136.29
136.74
137.21
137.67
138.12
138.60
139.08
139.55
140.02
140.46
140.91
141.36
141.83
142.30
142.78
143.29
143.79
144.31
144.85
145.36
145.87
146.38
146.88
147.34
147.82
148.28
148.76
149.25
149.72
150.20
150.66
151.13
151.59
152.06
152.53
153.00
153.51
154.02
154.51
154.99
155.49
155.99
156.48
156.97
157.52
158.06
158.59
159.10
159.61
160.12
160.65
161.17
161.69
162.25
162.81
163.36
163.98
164.59
165.21
165.79
166.36
166.93
167.53
168.21
168.88
169.62
170.36
171.11
171.84
172.51
173.17
173.87
174.57
175.26
175.96
176.66
177.32
177.97
178.63
179.29
179.97
180.64
181.32
182.00
182.67
183.34
184.02
184.69
185.36
186.05
186.71
187.39
188.06
188.73
189.41
190.08
190.75
191.41
192.03
192.64
193.24
193.83
194.44
194.98
195.49
196.00
196.53
197.04
197.56
198.07
198.57
199.09
199.61
200.13
200.63
201.12
201.61
202.09
202.57
203.05
203.52
204.03
204.53
205.03
205.52
206.01
206.50
206.98
207.47
207.96
208.43
208.90
209.37
209.85
210.34
210.81
211.29
211.77
212.24
212.71
213.17
213.65
214.18
214.71
215.25
215.74
216.22
216.71
217.20
217.69
218.20
218.71
219.22
219.73
220.24
220.75
221.25
221.77
222.28
222.77
223.26
223.76
224.26
224.79
225.30
225.83
226.32
226.81
227.31
227.81
228.31
228.81
229.30
229.78
230.30
230.78
231.29
231.83
232.36
232.92
233.45
233.99
234.52
235.03
235.57
236.10
236.63
237.15
237.66
238.17
238.67
239.17
239.68
240.19
240.67
241.16
241.67
242.18
242.69
243.22
243.75
244.30
244.83
245.38
245.90
246.42
246.92
247.43
247.94
248.43
248.95
249.48
249.99
250.47
250.97
251.47
251.97
252.47
253.00
253.54
254.07
254.61
255.14
255.66
256.19
256.71
257.23
257.74
258.25
258.76
259.26
259.78
260.27
260.78
261.28
261.78
262.29
262.80
263.34
263.87
264.38
264.89
265.39
265.90
266.44
266.98
267.51
268.03
268.54
269.04
269.56
270.09
270.61
271.10
271.63
272.13
272.63
273.14
273.65
274.15
274.67
275.18
275.68
276.18
276.68
277.20
277.71
278.22
278.73
279.24
279.75
280.26
280.78
281.26
281.77
282.28
282.80
283.31
283.82
284.33
284.84
285.35
285.84
286.37
286.87
287.39
287.88
288.39
288.90
289.44
289.95
290.47
290.96
291.48
291.99
292.52
293.06
293.57
294.09
294.64
295.17
295.71
296.24
