# Beats
0.44
0.91
1.37
1.83
2.25
2.69
3.13
3.56
3.99
4.42
4.84
5.27
5.70
6.13
6.56
6.99
7.42
7.86
8.28
8.71
9.14
9.57
10.01
10.45
10.88
11.32
11.76
12.21
12.68
13.14
13.57
14.01
14.44
14.88
15.33
15.77
16.21
16.60
17.00
17.39
17.79
18.18
18.58
18.97
19.34
19.71
20.10
20.48
20.86
21.26
21.65
22.04
22.59
23.15
23.71
24.25
24.81
25.34
25.89
26.44
26.98
27.52
28.04
28.54
29.04
29.55
30.12
30.67
31.23
31.79
32.35
32.90
33.46
34.03
34.61
35.19
35.77
36.35
36.93
37.45
37.96
38.48
38.95
39.42
39.88
40.34
40.81
41.27
41.74
42.21
42.69
43.15
