# Beats
0.70
1.37
2.07
2.76
3.41
4.06
4.75
5.41
5.94
6.50
7.05
7.62
8.14
8.63
9.15
9.71
10.25
10.81
11.33
11.85
12.35
12.84
13.28
13.72
14.19
14.65
15.05
15.43
15.79
16.13
16.51
16.90
17.28
17.65
18.04
18.41
18.76
19.11
19.46
19.83
20.22
20.63
21.01
21.37
21.76
22.20
22.62
23.00
23.38
23.75
24.15
24.58
24.97
25.36
25.75
26.15
26.52
26.91
27.26
27.59
27.93
28.28
28.65
29.00
29.37
29.76
30.19
30.58
30.98
31.37
31.79
32.19
32.65
33.09
33.48
33.88
34.25
34.66
35.06
35.46
35.86
36.30
36.70
37.20
37.71
38.22
38.73
39.25
39.75
40.26
40.77
41.31
41.91
42.52
43.10
43.67
44.27
44.84
45.42
46.02
46.60
47.21
47.79
48.40
48.99
49.57
50.16
50.74
51.32
51.91
52.49
53.10
53.71
54.29
54.87
55.43
56.02
56.63
57.24
57.82
58.40
58.99
59.58
60.17
60.74
61.25
61.77
62.31
62.80
63.34
63.83
64.32
64.78
65.29
65.74
66.18
66.66
67.05
67.41
67.79
68.15
68.50
68.89
69.27
69.61
69.96
70.31
70.64
70.97
71.38
71.75
72.17
72.61
72.98
73.38
73.77
74.19
74.56
74.95
75.35
75.74
76.12
76.49
76.87
77.31
77.69
78.09
78.48
78.83
79.20
79.53
79.88
80.25
80.60
80.96
81.32
81.66
82.01
82.36
82.71
83.07
83.55
83.99
84.40
84.85
85.24
85.68
86.11
86.49
86.88
87.27
87.68
88.07
88.49
88.89
89.32
89.70
90.11
90.49
90.88
91.28
91.67
92.07
92.50
92.95
93.39
93.84
94.32
94.78
95.19
95.62
96.01
96.41
96.76
97.11
97.45
97.83
98.17
98.55
98.94
99.33
99.73
100.15
100.57
100.98
101.42
101.84
102.24
102.63
103.00
103.38
103.79
104.19
104.58
104.98
105.37
105.86
106.32
106.77
107.25
107.69
108.18
108.69
109.16
109.64
110.11
110.57
111.01
111.50
111.99
112.47
112.98
113.48
113.99
114.43
114.85
115.29
115.68
116.19
116.70
117.21
117.68
118.19
118.68
119.16
119.65
120.16
120.70
121.21
121.74
122.25
122.76
123.25
123.72
124.19
124.69
125.18
125.64
126.12
126.62
127.13
127.62
128.03
128.46
128.86
129.31
129.78
130.21
130.64
131.05
131.45
131.87
132.32
132.73
133.17
133.61
134.05
134.47
134.88
135.30
135.74
136.14
136.53
136.92
137.30
137.72
138.24
138.73
139.18
139.71
140.27
140.83
141.39
141.94
142.52
143.06
143.59
144.14
144.52
144.88
145.28
145.69
146.08
146.45
146.82
147.19
147.56
147.95
148.35
148.79
149.21
149.61
149.98
150.30
150.64
150.98
151.31
151.65
151.96
152.31
152.61
153.09
153.53
153.95
154.39
154.81
155.23
155.64
156.01
156.40
156.83
157.22
157.62
158.01
158.44
158.82
159.34
159.82
160.33
160.84
161.38
161.88
162.38
162.89
163.38
163.86
164.37
164.87
165.28
165.67
166.05
166.42
166.91
167.39
167.86
168.37
168.88
169.39
169.90
170.41
170.89
171.37
171.82
172.29
172.73
173.20
173.64
174.08
174.52
174.94
175.36
175.78
176.22
176.65
177.05
177.45
177.89
178.32
178.65
179.00
179.35
179.72
180.09
180.45
180.81
181.21
181.60
182.00
182.39
182.79
183.16
183.55
183.95
184.34
184.74
185.13
185.53
185.92
186.34
186.78
187.20
187.62
188.06
188.50
188.94
189.35
