# Beats
0.41
0.82
1.24
1.66
2.09
2.52
2.95
3.39
3.83
4.27
4.70
5.13
5.57
6.01
6.46
6.90
7.33
7.76
8.16
8.59
9.01
9.44
9.86
10.29
10.72
11.15
11.56
11.98
12.39
12.81
13.21
13.63
14.04
14.44
14.85
15.26
15.66
16.07
16.47
16.89
17.31
17.74
18.15
18.55
18.95
19.35
19.76
20.17
20.56
20.97
21.37
21.79
22.21
22.63
23.05
23.49
23.97
24.46
24.95
25.36
25.76
26.17
26.58
27.00
27.43
27.85
28.29
28.71
29.13
29.54
29.95
30.36
30.78
31.20
31.63
32.04
32.46
32.90
33.34
33.79
34.18
34.55
34.93
35.32
35.69
36.06
36.44
36.83
37.26
37.69
38.12
38.55
38.97
39.39
39.82
40.25
40.68
41.10
41.52
41.92
42.34
42.76
43.27
43.79
44.33
44.97
45.60
46.25
46.89
47.54
48.27
49.01
49.82
50.64
51.46
52.38
53.41
54.43
55.30
56.16
56.82
57.48
58.11
58.73
59.36
59.87
60.37
60.87
61.36
61.85
62.33
62.81
63.29
63.76
64.25
64.75
65.25
65.71
66.17
66.62
67.08
67.55
68.01
68.46
68.92
69.36
69.80
70.28
70.74
71.33
71.90
72.47
73.05
73.63
74.21
74.79
75.37
75.93
76.47
77.02
77.45
77.87
78.30
78.72
79.15
79.59
80.03
80.47
80.92
81.37
81.80
82.23
82.66
83.09
83.46
83.84
84.22
84.60
84.97
85.36
85.74
86.11
86.52
86.92
87.32
87.79
88.26
88.74
89.16
89.59
90.02
90.45
90.87
91.29
91.72
92.14
92.54
92.96
93.38
93.81
94.21
94.62
95.03
95.45
95.85
96.27
96.71
97.16
97.59
98.02
98.45
98.89
99.32
99.80
100.26
100.72
101.16
101.60
102.05
102.50
102.95
103.40
103.84
104.27
104.69
105.12
105.55
105.96
106.39
106.81
107.23
107.64
108.05
108.46
108.88
109.30
109.71
110.13
110.56
110.99
111.42
111.85
112.27
112.69
113.09
113.49
113.88
114.28
114.67
115.08
115.50
115.93
116.37
116.80
117.23
117.66
118.09
118.51
118.94
119.37
119.81
120.26
120.70
121.14
121.57
122.11
122.68
123.24
123.77
124.32
124.85
125.39
125.92
126.44
126.99
127.55
128.10
128.65
129.24
129.80
130.35
130.95
131.54
132.14
132.73
133.31
133.89
