# Beats
0.46
0.95
1.44
1.86
2.28
2.69
3.11
3.54
3.97
4.39
4.81
5.21
5.64
6.05
6.44
6.85
7.24
7.65
8.06
8.48
8.88
9.28
9.67
10.08
10.50
10.89
11.30
11.71
12.13
12.54
12.93
13.35
13.76
14.18
14.58
14.98
15.38
15.79
16.20
16.60
17.01
17.41
17.82
18.22
18.62
19.03
19.44
19.84
20.27
20.69
21.08
21.48
21.88
22.28
22.70
23.10
23.51
23.92
24.32
24.73
25.14
25.55
25.97
26.38
26.80
27.21
27.62
28.01
28.41
28.80
29.21
29.62
30.02
30.44
30.86
31.27
31.67
32.08
32.48
32.89
33.30
33.70
34.11
34.52
34.92
35.33
35.74
36.14
36.55
36.95
37.43
37.89
38.36
38.88
39.40
39.93
40.45
40.96
41.47
41.99
42.53
43.05
43.58
44.12
44.69
45.27
45.85
46.39
46.94
47.48
48.03
48.59
49.16
49.71
50.28
50.92
51.56
52.20
52.83
53.46
54.21
54.95
55.70
56.46
57.17
57.89
58.60
59.30
60.00
60.71
61.30
61.90
62.51
63.11
63.70
64.28
64.86
65.43
66.00
66.58
67.16
67.74
68.32
68.89
69.46
70.03
70.59
71.16
71.71
72.27
72.83
73.40
73.97
74.52
75.09
75.66
76.28
76.89
77.65
78.40
79.26
80.12
80.97
81.82
82.65
83.50
84.33
85.18
86.03
86.87
87.69
88.51
89.35
90.20
91.06
91.90
92.73
93.55
94.38
95.23
96.08
96.93
97.78
98.63
99.47
100.29
101.08
101.87
102.66
103.44
104.28
105.12
105.96
106.82
107.67
108.48
109.27
110.06
110.85
111.66
112.49
113.30
114.13
114.96
115.80
116.65
117.40
118.12
118.84
119.44
120.06
120.62
121.17
121.73
122.30
122.87
123.44
124.01
124.58
125.06
125.55
126.04
126.54
127.04
127.54
128.05
128.56
129.07
129.58
130.09
130.60
131.20
131.80
132.39
132.99
133.60
134.21
134.82
135.41
136.00
136.59
137.18
137.79
138.38
138.97
139.56
140.17
140.77
141.33
141.87
142.41
142.95
143.49
144.03
144.65
145.26
145.88
146.49
147.11
147.69
148.27
148.86
149.46
150.05
150.59
151.15
151.70
152.25
152.81
153.36
153.90
154.45
155.00
155.56
156.12
156.68
157.25
157.81
158.39
158.95
159.52
160.09
160.72
161.33
161.97
162.61
163.25
163.85
164.46
165.05
165.64
166.23
166.87
167.51
168.15
168.77
169.40
169.97
170.55
171.12
171.69
172.26
172.72
173.17
173.63
174.01
174.41
174.80
175.19
175.59
175.98
176.39
176.79
177.18
177.56
177.96
178.35
178.76
179.17
179.57
180.02
180.48
180.93
181.52
182.10
182.68
183.30
183.93
184.55
185.18
185.81
186.43
187.06
187.69
188.30
188.91
189.51
190.10
190.69
191.29
191.87
192.45
193.03
193.56
194.10
194.63
195.20
195.77
196.34
196.91
197.47
198.00
198.52
199.05
199.46
199.87
200.27
200.70
201.11
201.51
201.93
202.35
202.77
203.17
203.58
204.00
204.41
204.82
205.25
205.67
206.09
206.51
206.87
207.23
207.57
207.92
208.27
208.62
208.96
209.30
209.64
209.97
210.30
210.63
211.02
211.41
211.79
212.17
