# Beats
0.67
1.36
2.04
2.73
3.39
4.06
4.73
5.40
6.06
6.72
7.40
8.08
8.77
9.46
10.16
10.88
11.61
12.28
12.96
13.60
14.23
14.88
15.51
16.15
16.76
17.39
17.91
18.44
18.97
19.50
20.04
20.56
21.08
21.59
22.14
22.73
23.31
23.89
24.50
25.08
25.67
26.26
26.84
27.42
28.00
28.60
29.21
29.86
30.51
31.16
31.78
32.42
33.04
33.68
34.34
34.99
35.63
36.27
36.90
37.51
38.14
38.74
39.33
39.94
40.54
41.13
41.73
42.32
42.93
43.51
44.12
44.87
45.60
46.34
47.07
47.80
48.53
49.25
49.98
50.72
51.46
52.19
52.92
53.64
54.36
55.08
55.81
56.52
57.25
57.98
58.71
59.43
60.07
60.71
61.30
61.90
62.42
62.90
63.39
63.88
64.31
64.74
65.14
65.55
65.97
66.40
66.82
67.20
67.57
67.95
68.34
68.71
69.10
69.50
69.90
70.29
70.68
71.09
71.48
71.89
72.31
72.70
73.08
73.44
73.82
74.19
74.61
75.04
75.44
75.96
76.50
77.02
77.55
78.11
78.67
79.20
79.74
80.29
80.85
81.40
81.94
82.50
83.06
83.64
84.23
84.80
85.37
85.94
86.40
86.87
87.33
87.77
88.21
88.65
89.11
89.56
90.00
90.43
90.86
91.30
91.74
92.16
92.58
93.01
93.44
93.79
94.13
94.49
94.85
95.20
95.56
95.92
96.27
96.63
97.00
97.36
97.71
98.07
98.42
98.78
99.13
99.50
99.87
100.24
100.61
100.98
101.37
101.75
102.12
102.49
102.85
103.24
103.61
103.98
104.35
104.72
105.09
105.48
105.84
106.21
106.59
106.97
107.32
107.68
108.04
108.41
108.76
109.11
109.45
109.78
110.13
110.48
110.82
111.15
111.48
111.83
112.18
112.52
112.86
113.22
113.57
113.91
114.23
114.66
115.08
115.48
115.96
116.44
116.92
117.54
118.14
118.75
119.35
119.95
120.56
121.16
121.77
122.39
123.01
123.59
124.17
124.74
125.29
125.85
126.41
126.99
127.57
128.15
128.74
129.29
129.85
130.41
130.89
131.38
131.85
132.33
132.79
133.28
133.77
134.26
134.73
135.21
135.70
136.19
136.67
137.14
137.60
138.07
138.55
139.05
139.54
140.04
140.53
141.00
141.47
141.94
142.43
142.92
143.42
143.91
144.43
144.96
145.50
146.03
146.54
147.05
147.48
147.91
148.35
148.79
149.23
149.68
150.13
150.57
151.00
151.43
151.86
152.31
152.74
153.22
153.69
154.16
154.62
155.09
155.55
156.04
156.50
156.98
157.45
157.93
158.42
158.89
159.38
159.87
160.38
160.90
161.43
161.95
162.47
163.00
163.54
164.06
164.61
165.13
165.65
166.16
166.70
167.22
167.76
168.34
168.93
169.54
170.16
170.77
171.35
171.94
172.57
173.17
173.78
174.38
174.99
175.57
176.15
176.74
177.26
177.81
178.35
178.91
179.44
180.00
180.56
181.12
181.67
182.23
