# Beats
0.48
0.98
1.46
1.95
2.40
2.84
3.26
3.68
4.10
4.50
4.91
5.32
5.71
6.11
6.51
6.93
7.35
7.74
8.14
8.53
8.93
9.33
9.73
10.12
10.52
10.91
11.31
11.71
12.11
12.50
12.90
13.29
13.69
14.08
14.48
14.87
15.26
15.65
16.04
16.45
16.85
17.25
17.65
18.03
18.43
18.82
19.21
19.61
20.00
20.40
20.79
21.19
21.58
21.98
22.37
22.77
23.16
23.56
23.95
24.33
24.73
25.12
25.52
25.91
26.31
26.70
27.10
27.48
27.88
28.26
28.64
29.02
29.42
29.80
30.19
30.58
30.98
31.37
31.76
32.16
32.54
32.94
33.33
33.73
34.12
34.52
34.91
35.31
35.70
36.10
36.48
36.87
37.26
37.64
38.02
38.42
38.80
39.18
39.57
39.96
40.36
40.74
41.12
41.51
41.89
42.26
42.63
43.00
43.39
43.78
44.16
44.56
44.97
45.35
45.73
46.11
46.49
46.87
47.25
47.64
48.02
48.39
48.77
49.16
49.54
49.92
50.31
50.69
51.07
51.46
51.84
52.22
52.59
52.98
53.36
53.75
54.15
54.54
54.93
55.30
55.68
56.06
56.45
56.83
57.21
57.60
57.98
58.36
58.76
59.14
59.52
59.91
60.29
60.69
61.08
61.49
61.90
62.42
62.93
63.39
63.84
64.28
64.74
65.18
65.63
66.07
66.53
66.97
67.42
67.87
68.31
68.75
69.20
69.65
70.10
70.54
70.98
71.42
71.88
72.32
72.77
73.21
73.65
74.11
74.55
74.99
75.44
75.88
76.34
76.78
77.23
77.67
78.12
78.56
79.01
79.45
79.90
80.34
80.79
81.24
81.68
82.13
82.57
83.01
83.46
83.91
84.36
84.80
85.25
85.69
86.15
86.59
87.03
87.48
87.92
88.36
88.80
89.27
89.72
90.16
90.60
91.05
91.49
91.94
92.38
92.83
93.27
93.72
94.17
94.61
95.05
95.50
95.96
96.40
96.84
97.28
97.72
98.16
98.62
99.07
99.52
99.97
100.41
100.86
101.31
101.75
102.20
102.66
103.11
103.55
103.99
104.43
104.88
105.33
105.78
106.22
106.66
107.10
107.55
108.00
108.45
108.89
109.34
109.78
110.23
110.68
111.13
111.57
112.01
112.47
112.91
113.35
113.79
114.23
114.67
115.12
115.58
116.18
116.78
117.38
117.98
118.60
119.26
119.92
120.55
121.16
121.78
122.40
123.02
123.62
124.23
124.83
125.41
125.99
126.58
127.18
127.76
128.36
128.96
129.57
130.17
130.76
131.20
131.66
132.10
132.55
132.99
133.43
133.87
134.33
134.77
135.21
135.65
136.09
136.54
137.01
137.45
137.90
138.34
138.79
139.23
139.67
140.12
140.57
141.01
141.46
141.90
142.35
142.80
143.26
143.70
144.15
144.59
145.03
145.47
145.91
146.37
146.81
147.26
147.70
148.14
148.60
149.04
149.49
149.93
150.38
150.83
151.28
151.72
152.17
152.61
153.05
153.50
153.94
154.38
154.82
155.27
155.72
156.18
156.63
157.07
157.52
157.97
158.41
158.85
159.30
159.74
160.19
160.64
161.09
161.53
161.97
162.42
162.88
163.32
163.77
164.21
164.65
165.09
165.55
165.99
166.44
166.89
167.35
167.79
168.23
168.67
169.11
169.55
170.00
170.46
170.90
171.35
171.80
172.25
172.69
173.13
173.57
174.01
174.45
174.90
175.36
175.80
176.24
176.68
177.13
177.59
178.04
178.48
178.92
179.36
179.80
180.26
180.72
181.17
181.61
182.07
182.51
182.96
183.41
183.87
184.31
184.76
185.23
185.69
186.05
186.42
186.78
187.13
187.48
187.81
188.16
188.50
188.85
189.20
189.53
189.88
190.23
190.58
190.94
191.29
191.65
191.99
192.34
192.69
193.03
193.36
193.71
194.05
194.39
194.82
195.26
195.70
196.14
196.60
197.07
197.52
197.98
198.45
198.91
