# Beats
0.50
1.00
1.51
2.01
2.51
3.01
3.51
4.02
4.53
5.00
5.48
5.97
6.44
6.91
7.49
8.06
8.65
9.23
9.81
10.40
10.99
11.59
12.17
12.75
13.33
13.92
14.51
15.07
15.63
16.18
16.73
17.28
17.82
18.33
18.83
19.33
19.83
20.33
20.83
21.30
21.80
22.28
22.70
23.13
23.57
23.96
24.36
24.75
25.14
25.54
25.95
26.33
26.69
27.07
27.45
27.82
28.20
28.60
28.98
29.37
29.79
30.19
30.60
31.01
31.42
31.81
32.22
32.62
33.03
33.44
33.84
34.24
34.64
35.04
35.43
35.82
36.21
36.61
36.99
37.37
37.74
38.13
38.50
38.87
39.24
39.62
40.01
40.50
40.99
41.49
42.03
42.56
43.10
43.63
44.16
44.70
45.23
45.75
46.18
46.64
47.09
47.53
47.87
48.20
48.55
48.89
49.23
49.56
49.90
50.24
50.60
50.92
51.27
51.59
51.93
52.27
52.59
52.92
53.25
53.59
53.92
54.24
54.57
54.98
55.39
55.80
56.20
56.59
56.97
57.35
57.74
58.15
58.57
58.99
59.44
59.87
60.30
60.73
61.15
61.57
61.99
62.40
62.80
63.18
63.56
63.89
64.23
64.57
64.91
65.25
65.57
65.92
66.26
66.59
66.93
67.27
67.59
67.92
68.26
68.58
68.92
69.24
69.57
69.89
70.22
70.54
70.88
71.22
71.56
71.91
72.25
72.59
73.03
73.49
73.93
74.42
74.94
75.46
75.98
76.50
77.02
77.54
78.07
78.60
79.11
79.62
80.12
80.67
81.21
81.78
82.34
82.90
83.30
83.72
84.15
84.58
84.92
85.24
85.58
85.91
86.24
86.55
86.87
87.18
87.49
87.82
88.14
88.49
88.82
89.13
89.44
89.78
90.12
90.42
90.76
91.06
91.37
91.70
92.02
92.33
92.66
92.97
93.30
93.62
93.94
94.27
94.60
94.92
95.23
95.55
95.88
96.19
96.51
96.85
97.21
97.55
97.90
98.28
98.66
99.06
99.44
99.87
100.29
100.73
101.09
101.42
101.75
102.09
102.41
102.75
103.07
103.40
103.76
104.10
104.42
104.75
105.07
105.37
105.66
105.98
106.29
106.60
106.93
107.25
107.58
107.93
108.27
108.68
109.09
109.49
109.90
110.34
110.76
111.20
111.63
112.06
112.48
112.90
113.31
113.73
114.15
114.58
115.00
115.43
115.83
116.23
116.63
117.06
117.41
117.81
118.20
118.60
119.00
119.41
119.81
120.22
120.67
121.12
121.56
122.00
122.44
122.88
123.34
123.80
124.25
124.70
125.14
125.59
126.03
126.49
126.96
127.42
127.88
128.35
128.81
129.28
129.70
130.11
130.53
130.98
131.44
131.89
132.34
132.79
133.25
133.75
134.25
134.73
135.22
135.63
136.05
136.48
136.93
137.37
137.82
138.25
138.68
139.11
139.55
139.98
140.40
140.82
141.22
141.62
142.04
142.43
142.83
143.22
143.64
144.06
144.47
144.89
145.31
145.73
146.16
146.59
147.01
147.42
147.84
148.25
148.68
149.11
149.54
149.97
150.40
150.84
151.27
151.70
152.11
152.56
153.01
153.48
153.97
154.46
154.96
155.46
155.93
156.51
157.08
157.80
158.51
159.22
159.92
160.62
161.32
161.98
162.63
163.28
163.84
164.40
164.94
165.42
165.89
166.37
166.80
167.23
167.66
168.09
168.52
168.95
169.38
169.80
170.21
170.63
171.04
171.42
171.83
172.21
172.59
172.99
173.36
173.74
174.11
174.47
174.85
175.23
175.59
175.95
176.32
176.68
177.17
177.66
178.13
178.60
179.06
179.57
180.06
180.55
181.00
181.46
181.91
182.35
182.79
183.25
183.70
184.16
184.60
185.03
185.46
185.88
186.33
186.78
187.22
187.68
188.16
188.63
189.03
189.44
189.85
190.31
190.78
191.23
191.69
192.12
192.55
192.99
193.45
193.91
194.36
194.83
195.28
195.72
196.19
196.65
197.14
197.63
198.02
198.40
198.79
199.23
199.67
200.11
200.62
201.11
201.60
202.08
202.57
203.06
203.55
204.02
204.50
204.97
205.40
205.83
206.26
206.69
207.12
207.54
207.98
208.45
208.92
209.41
209.89
210.36
210.83
211.28
211.74
212.18
212.65
213.09
213.53
213.98
214.41
214.84
215.26
215.67
216.07
216.48
216.89
217.29
217.71
218.13
218.55
218.94
219.35
219.73
220.14
220.57
220.98
221.41
221.81
222.21
222.62
223.03
223.43
223.84
224.26
224.68
225.07
225.47
225.86
226.24
226.66
227.04
227.44
227.83
228.23
228.62
229.04
229.46
229.84
230.24
230.64
231.05
231.46
231.85
232.26
232.68
233.08
233.55
234.01
234.46
234.88
235.30
235.72
236.14
236.56
236.99
237.42
237.88
238.33
238.78
239.27
239.76
240.25
240.73
241.19
241.64
242.09
242.54
243.00
243.41
243.86
244.27
244.69
245.11
245.53
245.93
246.34
246.75
247.15
247.57
247.99
248.38
248.80
249.22
249.64
250.03
250.43
250.82
251.24
251.65
252.05
252.45
252.85
253.26
253.68
254.10
254.53
254.97
255.40
255.84
256.27
256.70
257.23
257.74
258.24
258.76
259.27
259.78
260.39
261.00
261.62
262.23
262.85
263.45
264.07
264.64
265.22
265.80
266.38
266.96
267.58
