# Beats
0.64
1.29
1.93
2.55
3.18
3.81
4.42
5.04
5.65
6.27
6.90
7.51
8.13
8.75
9.23
9.71
10.18
10.60
11.02
11.44
11.84
12.21
12.60
12.98
13.36
13.75
14.13
14.51
15.00
15.49
15.98
16.45
16.93
17.41
17.88
18.34
18.81
19.26
19.70
20.14
20.57
20.99
21.41
21.83
22.24
22.66
23.08
23.49
23.90
24.31
24.71
25.12
25.52
25.91
26.32
26.73
27.14
27.56
28.03
28.49
28.92
29.35
29.78
30.20
30.60
31.01
31.42
31.82
32.22
32.61
33.01
33.40
33.79
34.18
34.57
34.98
35.39
35.79
36.20
36.61
37.01
37.42
37.84
38.24
38.66
39.08
39.50
39.90
40.31
40.73
41.15
41.56
41.96
42.35
42.75
43.15
43.56
43.96
44.35
44.73
45.12
45.50
45.89
46.31
46.74
47.16
47.59
48.02
48.45
48.88
49.28
49.68
50.07
50.53
50.97
51.43
51.90
52.37
52.85
53.32
53.85
54.37
54.89
55.41
55.94
56.46
56.96
57.46
57.95
58.43
58.91
59.39
59.77
60.15
60.53
60.92
61.30
61.67
62.03
62.39
62.75
63.11
63.47
63.90
64.32
64.74
65.17
65.62
66.07
66.53
66.98
67.41
67.84
68.27
68.70
69.13
69.56
69.93
70.31
70.69
71.08
71.53
71.98
72.43
73.04
73.63
74.30
74.95
75.60
76.32
77.04
77.76
78.48
79.20
79.93
80.67
81.40
82.05
82.70
83.34
83.97
84.61
85.23
85.84
86.45
87.05
87.66
88.27
88.89
89.51
90.14
90.78
91.42
92.06
92.58
93.10
93.62
94.15
94.67
95.20
95.74
96.27
96.85
97.43
98.01
98.60
99.20
99.79
100.38
100.96
101.46
101.96
102.47
102.89
103.31
103.74
104.08
104.44
104.80
105.16
105.51
105.86
106.21
106.56
106.90
107.25
107.60
107.95
108.30
108.65
108.98
109.32
109.64
109.99
110.35
110.71
111.07
111.48
111.87
112.27
112.67
113.06
113.43
113.80
114.17
114.54
114.92
115.29
115.67
116.10
116.53
116.96
117.39
117.81
118.22
118.64
119.06
119.48
119.90
120.31
120.73
121.15
121.57
122.03
122.50
122.96
123.43
123.89
124.34
124.80
125.25
125.70
126.15
126.55
126.94
127.34
127.73
128.12
128.50
128.88
129.29
129.68
130.08
130.47
130.87
131.26
131.66
132.05
132.45
132.84
133.24
133.63
134.04
134.44
134.84
135.22
135.60
135.99
136.37
136.75
137.14
137.52
137.90
138.30
138.68
139.08
139.47
139.85
140.23
140.61
140.99
141.46
141.92
142.38
142.85
143.31
143.78
144.23
144.68
145.14
145.60
145.98
146.37
146.75
147.16
147.55
147.95
148.33
148.71
149.10
149.47
149.84
150.21
150.59
150.99
151.38
151.79
152.21
152.62
153.04
153.46
153.87
154.26
154.66
155.05
155.45
155.84
156.22
156.62
157.00
157.38
157.77
158.15
158.53
158.93
159.35
159.75
160.16
160.55
160.95
161.36
161.75
162.14
162.54
162.93
163.32
163.71
164.11
164.50
164.88
165.30
165.71
166.12
166.53
166.95
167.37
167.79
168.18
168.58
168.97
169.37
169.76
170.16
170.55
170.95
171.34
171.73
172.13
172.54
172.94
173.35
173.75
174.15
174.54
174.94
175.33
175.73
176.11
176.49
176.88
177.26
177.66
178.05
178.45
178.84
179.22
179.61
179.99
180.37
180.77
181.16
181.56
181.95
182.33
182.73
183.11
183.51
183.90
184.29
184.67
185.05
185.43
185.83
186.22
186.62
187.00
187.39
187.77
188.15
188.53
188.94
189.35
189.75
190.16
190.55
190.94
191.33
191.73
192.12
192.52
192.91
193.31
193.69
194.07
194.46
194.84
195.23
195.63
196.02
196.42
196.81
197.20
197.58
197.97
198.37
198.76
199.18
199.61
200.04
200.46
200.90
201.34
201.78
202.23
202.69
203.14
203.58
204.01
204.46
204.92
205.35
205.78
206.22
206.72
207.23
207.73
208.24
208.75
209.26
209.89
210.51
211.16
211.81
212.46
213.10
213.74
214.39
215.04
215.66
216.27
216.89
217.49
218.09
218.69
219.28
219.87
220.45
221.03
221.62
222.23
222.82
223.38
223.93
224.48
225.02
225.57
226.12
226.65
227.20
227.74
228.29
228.83
229.38
229.92
230.47
231.02
