# Beats
0.43
0.87
1.30
1.67
2.08
2.48
2.89
3.30
3.69
4.10
4.50
4.90
5.29
5.69
6.04
6.39
6.76
7.11
7.48
7.83
8.17
8.53
8.87
9.21
9.57
9.91
10.25
10.60
10.94
11.27
11.61
11.97
12.31
12.64
13.00
13.35
13.71
14.08
14.44
14.80
15.16
15.53
15.91
16.39
16.86
17.32
17.81
18.33
18.85
19.41
19.96
20.49
21.07
21.66
22.24
22.79
23.34
23.92
24.52
25.11
25.61
26.11
26.61
27.11
27.61
28.10
28.60
29.12
29.63
30.13
30.63
31.14
31.64
32.14
32.62
33.12
33.63
34.16
34.62
35.10
35.55
35.99
36.43
36.88
37.33
37.77
38.20
38.63
39.02
39.39
39.76
40.15
40.53
40.89
41.26
41.63
41.99
42.36
42.72
43.08
43.44
43.82
44.19
44.56
44.93
45.28
45.63
46.00
46.37
46.75
47.14
47.51
47.88
48.25
48.62
48.99
49.37
49.75
50.13
50.52
50.89
51.26
51.62
52.01
52.38
52.76
53.13
53.50
53.87
54.24
54.61
54.98
55.34
55.69
56.05
56.42
56.80
57.17
57.54
57.91
58.28
58.65
59.03
59.42
59.80
60.19
60.56
60.95
61.35
61.72
62.09
62.47
62.86
63.23
63.60
63.98
64.37
64.74
65.13
65.58
66.03
66.48
66.94
67.40
67.85
68.29
68.75
69.20
69.66
70.12
70.59
71.05
71.52
71.99
72.47
72.93
73.40
73.89
74.37
74.84
75.30
75.77
76.25
76.75
77.23
77.66
78.09
78.53
78.99
79.46
79.92
80.39
80.85
81.32
81.82
82.31
82.81
83.31
83.81
84.31
84.85
85.38
85.91
86.42
86.94
87.45
87.92
88.40
88.87
89.34
89.80
90.27
90.73
91.20
91.66
92.13
92.53
92.94
93.34
93.79
94.23
94.67
95.11
95.55
95.99
96.43
96.83
97.25
97.66
98.07
98.46
98.85
99.24
99.67
100.12
100.58
101.02
101.48
101.94
102.40
102.84
103.29
103.75
104.20
104.64
105.07
105.53
106.00
106.46
106.93
107.43
107.93
108.44
108.96
109.48
110.04
110.57
111.11
111.71
112.34
112.97
113.60
114.24
114.85
115.46
116.09
116.70
117.33
117.96
118.60
119.13
119.66
120.21
120.74
121.27
121.79
122.31
122.83
123.40
123.97
124.52
125.09
125.65
126.22
126.76
127.29
127.81
128.36
128.91
129.43
129.96
130.51
131.08
131.65
132.21
132.78
133.35
133.90
134.47
135.04
135.60
136.19
136.75
137.32
137.90
138.40
138.90
139.40
139.91
140.41
140.95
141.48
141.99
142.51
143.03
143.55
144.16
144.78
145.39
146.01
146.63
147.20
147.77
148.35
148.84
149.33
149.82
150.28
150.73
151.19
151.67
152.16
152.65
153.15
153.65
154.16
154.74
155.31
155.90
156.50
157.08
157.66
158.24
158.82
159.36
159.88
160.42
160.94
161.45
161.98
162.52
163.05
163.70
164.36
165.05
165.72
166.46
167.20
167.94
168.66
169.39
170.10
170.83
171.57
172.30
173.01
173.73
174.47
175.19
175.80
176.39
176.94
177.49
178.05
178.61
179.17
179.71
180.26
180.81
181.38
181.95
182.53
183.09
183.65
184.23
184.83
185.43
185.98
186.54
187.11
187.66
188.24
188.73
189.20
189.67
190.17
190.64
191.10
191.56
191.97
192.38
192.78
193.18
193.58
193.99
194.40
194.79
195.19
195.58
195.93
196.29
196.64
197.00
197.36
197.72
198.07
198.40
198.75
199.09
199.44
199.78
200.13
200.47
200.82
201.15
201.50
201.86
202.22
202.57
202.92
203.26
203.60
203.94
204.27
204.59
204.92
205.26
205.59
205.93
206.26
206.59
206.91
207.25
207.59
207.93
208.28
208.63
208.98
209.32
209.64
209.98
210.30
210.62
210.93
211.26
211.56
211.87
212.18
212.51
212.82
213.14
213.46
213.79
214.11
214.44
214.76
215.09
215.40
215.71
216.04
216.36
216.69
217.04
217.37
217.71
218.04
218.35
218.69
219.00
219.31
219.64
219.96
220.29
220.61
220.94
221.26
221.60
221.91
222.24
222.56
222.90
223.24
223.58
223.91
224.24
224.56
224.86
225.18
225.49
225.80
226.14
226.45
226.77
227.09
227.39
227.72
228.03
228.35
228.67
229.00
229.31
229.62
229.94
230.25
230.68
231.11
231.55
232.11
232.66
233.22
233.78
234.35
234.90
235.46
236.02
236.58
237.13
237.77
238.41
239.05
239.68
240.30
240.93
241.56
242.20
242.83
243.48
244.05
244.62
245.20
245.77
246.34
246.82
247.29
247.76
248.22
248.70
249.17
249.65
250.15
250.66
251.16
251.66
252.15
252.63
253.12
253.63
254.19
254.73
255.28
255.87
256.46
257.06
257.65
258.25
258.86
259.45
260.04
260.62
261.21
261.83
262.46
263.15
263.84
264.52
265.20
265.89
266.59
267.27
267.91
268.54
269.21
269.89
270.56
271.24
271.93
272.61
273.30
273.88
274.48
275.11
275.71
276.32
276.93
277.55
278.16
278.78
279.39
280.01
280.62
281.25
281.87
282.52
283.17
283.83
284.49
285.16
285.81
286.48
287.16
287.81
288.50
289.18
289.88
290.57
291.28
291.99
292.69
293.38
294.07
294.77
295.45
296.15
296.87
297.58
298.26
