# Beats
0.37
0.74
1.11
1.49
1.83
2.18
2.53
2.87
3.22
3.58
3.94
4.30
4.73
5.15
5.60
6.03
6.46
6.87
7.29
7.71
8.12
8.53
8.94
9.36
9.76
10.17
10.58
10.99
11.42
11.85
12.34
12.83
13.32
13.80
14.29
14.77
15.28
15.79
16.31
16.83
17.35
17.88
18.41
18.96
19.50
20.05
20.60
21.25
21.90
22.62
23.32
24.08
24.83
25.53
26.23
26.91
27.61
28.31
29.00
29.70
30.30
30.91
31.51
32.11
32.73
33.36
33.98
34.56
35.16
35.74
36.32
36.90
37.47
38.02
38.58
39.14
39.69
40.25
40.81
41.35
41.97
42.59
43.17
43.75
44.33
44.94
45.56
46.15
46.74
47.33
47.93
48.52
49.08
49.66
50.24
50.85
51.47
52.11
52.74
53.38
54.02
54.66
55.33
55.99
56.66
57.32
57.97
58.63
59.29
59.95
60.60
61.27
61.94
62.59
63.24
63.89
64.55
65.21
65.86
66.51
67.19
67.86
68.61
69.37
70.11
70.86
71.61
72.36
73.12
73.86
74.62
75.37
76.12
76.85
77.58
78.30
79.10
79.96
80.81
81.65
82.44
83.23
84.03
84.76
85.48
86.20
86.92
87.66
88.43
89.20
89.97
90.65
91.32
92.00
92.58
93.16
93.70
94.25
94.80
95.33
95.88
96.41
96.98
97.55
98.10
98.65
99.21
99.76
100.31
100.87
101.51
102.14
102.78
103.42
104.03
104.61
105.19
105.78
106.36
106.95
107.55
108.16
108.77
109.39
109.99
110.61
111.22
111.79
112.36
112.94
113.51
114.08
114.64
115.19
115.75
116.34
116.95
117.55
118.15
118.76
119.36
119.98
120.55
121.12
121.68
122.20
122.69
123.19
123.70
124.20
124.70
125.20
125.71
126.21
126.70
127.20
127.69
128.16
128.64
129.11
129.60
130.09
130.58
131.07
131.56
132.06
132.48
132.90
133.33
133.77
134.20
134.64
135.07
135.50
135.94
136.38
136.95
137.52
138.08
138.63
139.19
139.75
140.31
140.85
141.41
141.97
142.52
143.00
143.48
143.95
144.40
144.86
145.32
145.73
146.13
146.55
146.97
147.39
147.81
148.21
148.64
149.07
149.50
149.93
150.40
150.86
151.32
151.80
152.28
152.75
153.21
153.66
154.11
154.55
154.99
155.43
155.88
156.29
156.70
157.11
157.51
157.90
158.28
158.66
159.06
159.44
159.82
160.21
160.59
160.97
161.36
161.74
162.17
162.60
163.03
163.46
163.87
164.29
164.71
165.11
165.50
165.89
166.29
166.65
167.01
167.37
167.73
168.09
168.45
168.81
169.17
169.53
169.89
170.24
170.56
170.88
171.19
171.50
171.83
172.15
172.54
172.93
173.33
173.71
174.09
174.47
174.86
175.24
175.62
176.01
176.39
176.77
177.18
177.59
177.99
178.40
178.81
179.21
179.63
180.09
180.56
181.02
181.49
181.95
182.42
182.88
183.33
183.77
184.23
184.68
185.13
185.59
186.05
186.53
187.00
187.49
187.97
188.44
188.94
189.44
189.95
190.47
191.00
191.52
192.03
192.54
193.05
193.53
194.00
194.48
194.91
195.34
195.76
196.16
196.58
196.99
197.40
197.82
198.23
198.65
199.06
199.48
199.90
200.32
200.79
201.26
201.73
202.21
202.70
203.17
203.66
204.15
204.64
205.13
205.62
206.11
206.56
207.01
207.45
207.88
208.32
208.75
209.19
209.64
210.09
210.55
211.00
211.45
211.92
212.37
212.82
213.26
213.72
214.17
214.63
215.09
215.61
216.14
216.68
217.20
217.73
218.26
218.71
219.16
219.61
220.07
220.53
221.00
221.51
222.02
222.53
223.04
223.55
224.06
224.57
225.09
225.62
226.12
226.63
227.13
227.63
228.14
228.64
229.12
229.61
230.10
230.55
230.99
231.43
231.87
232.32
232.75
233.17
233.62
234.06
234.50
234.93
235.37
235.81
236.24
236.68
237.12
237.56
238.04
238.52
238.99
239.43
239.87
240.31
240.74
241.17
241.60
242.04
242.40
242.76
243.12
243.48
243.83
244.18
244.53
244.87
245.21
245.56
245.91
246.26
246.61
246.97
247.34
247.71
248.08
248.51
248.95
249.39
249.89
250.39
250.89
251.38
251.87
252.37
252.85
253.35
253.85
254.36
254.87
255.38
255.90
256.41
256.93
257.44
257.96
258.48
258.86
259.23
259.60
259.97
260.34
260.71
261.09
261.46
261.83
