# Beats
0.48
0.96
1.45
1.94
2.41
2.89
3.37
3.84
4.32
4.76
5.20
5.64
6.14
6.64
7.13
7.60
8.08
8.57
9.06
9.54
10.02
10.50
10.96
11.44
12.00
12.59
13.17
13.73
14.32
14.90
15.48
16.04
16.63
17.19
17.77
18.29
18.80
19.31
19.77
20.24
20.70
21.13
21.56
21.99
22.42
22.85
23.27
23.70
24.10
24.52
24.94
25.36
25.77
26.19
26.61
27.07
27.55
28.03
28.51
29.00
29.49
29.98
30.45
30.93
31.40
31.88
32.36
32.86
33.36
33.85
34.35
34.85
35.36
35.86
36.36
36.86
37.36
37.86
38.36
38.86
39.36
39.87
40.34
40.82
41.30
41.76
42.24
42.70
43.24
43.76
44.29
44.81
45.34
45.86
46.38
46.90
47.42
47.93
48.44
48.95
49.47
50.00
50.53
51.05
51.57
52.13
52.69
53.23
53.77
54.30
54.83
55.26
55.69
56.12
56.55
56.98
57.41
57.85
58.27
58.69
59.11
59.58
60.06
60.52
60.99
61.46
61.93
62.39
62.86
63.33
63.81
64.19
64.57
64.96
65.34
65.71
66.10
66.48
66.85
67.20
67.55
67.90
68.24
68.59
68.94
69.29
69.64
70.03
70.43
70.82
71.22
71.61
72.01
72.40
72.86
73.33
73.78
74.25
74.73
75.21
75.70
76.18
76.67
77.16
77.65
78.14
78.62
79.13
79.64
80.16
80.70
81.26
81.80
82.35
82.90
83.39
83.89
84.39
84.88
85.37
85.86
86.36
86.83
87.31
87.78
88.26
88.75
89.23
89.72
90.20
90.67
91.15
91.64
92.11
92.59
93.08
93.56
94.05
94.54
95.03
95.52
96.00
96.49
96.98
97.47
97.96
98.45
98.94
99.44
99.93
100.40
100.89
101.38
101.87
102.35
102.83
103.31
103.79
104.27
104.73
105.21
105.70
106.18
106.68
107.19
107.69
108.18
108.67
109.16
109.64
110.13
110.62
111.11
111.61
112.11
112.59
113.08
113.57
114.06
114.56
115.05
115.55
116.05
116.54
117.03
117.52
118.00
118.49
118.96
119.42
119.90
120.37
120.86
121.35
121.84
122.30
122.76
123.22
123.65
124.08
124.52
124.95
125.39
125.83
126.26
126.69
127.13
