# Beats
0.62
1.24
1.87
2.50
3.12
3.75
4.38
5.00
5.63
6.25
6.87
7.50
8.13
8.75
9.40
10.07
10.73
11.40
12.05
12.70
13.37
14.05
14.70
15.39
16.09
16.81
17.51
18.11
18.72
19.32
19.92
20.54
21.13
21.75
22.40
23.03
23.66
24.26
24.87
25.46
26.06
26.75
27.45
28.13
28.82
29.51
30.07
30.63
31.16
31.70
32.24
32.79
33.32
33.85
34.39
34.93
35.46
35.98
36.50
37.02
37.55
38.08
38.60
39.15
39.71
40.22
40.72
41.22
41.71
42.21
42.72
43.22
43.72
44.22
44.73
45.26
45.79
46.32
46.85
47.37
47.90
48.44
48.97
49.48
49.99
50.50
51.01
51.53
52.04
52.54
53.03
53.50
53.95
54.43
54.89
55.36
55.81
56.26
56.71
57.17
57.63
58.12
58.61
59.09
59.59
60.10
60.60
61.08
61.56
62.06
62.58
63.09
63.61
64.18
64.76
65.33
65.90
66.46
67.04
67.62
68.20
68.65
69.11
69.57
70.01
70.46
70.91
71.35
71.80
72.26
72.70
73.17
73.63
74.09
74.59
75.09
75.60
76.10
76.60
77.11
77.62
78.11
78.61
79.23
79.83
80.50
81.20
81.85
82.52
83.20
83.84
84.47
85.11
85.77
86.42
87.07
87.72
88.35
88.98
89.61
90.23
90.86
91.49
92.16
92.83
93.50
94.16
94.84
95.50
96.17
96.84
97.50
98.15
98.81
99.47
100.02
100.58
101.05
101.53
101.99
102.47
102.92
103.39
103.86
104.30
104.73
105.16
105.59
106.02
106.46
106.90
107.39
107.89
108.39
108.96
109.52
110.09
110.64
111.20
111.76
112.30
112.85
113.43
114.01
114.58
115.15
115.71
116.29
116.87
117.43
118.00
118.57
119.14
119.72
120.28
120.84
121.42
121.99
122.55
123.11
123.69
124.26
124.84
125.40
125.97
126.54
127.11
127.67
128.24
128.82
129.44
130.03
130.64
131.26
131.89
132.52
133.13
133.75
134.36
134.98
135.59
136.21
136.79
137.37
137.96
138.53
139.09
139.64
140.21
140.78
141.35
141.90
142.45
143.01
143.57
144.14
144.66
145.16
145.64
146.12
146.61
147.10
147.56
148.05
148.54
149.03
149.51
149.98
150.45
150.92
151.39
151.87
152.35
152.81
153.27
153.75
154.20
154.64
155.07
155.53
155.97
156.42
156.90
157.36
157.81
158.27
158.73
159.20
159.66
160.17
160.68
161.19
161.68
162.17
162.66
163.14
163.62
164.08
164.56
165.02
165.51
165.98
166.45
166.94
167.42
167.89
168.36
168.82
169.30
169.76
170.23
170.69
171.14
171.58
172.04
172.50
172.95
173.41
173.87
174.35
174.83
175.36
175.88
176.38
176.90
177.40
177.92
178.40
178.86
179.35
179.85
180.33
180.81
181.29
181.77
182.23
182.69
183.18
183.69
