# Beats
0.52
1.07
1.58
2.10
2.62
3.16
3.70
4.25
4.78
5.31
5.83
6.34
6.85
7.35
7.85
8.36
8.86
9.36
9.85
10.33
10.83
11.32
11.82
12.32
12.82
13.33
13.84
14.34
14.92
15.51
16.08
16.66
17.24
17.83
18.43
19.02
19.61
20.20
20.79
21.37
21.95
22.55
23.16
23.75
24.33
24.92
25.52
26.12
26.71
27.31
27.91
28.51
29.11
29.72
30.31
30.91
31.49
32.08
32.66
33.20
33.74
34.28
34.82
35.36
35.92
36.47
37.04
37.67
38.31
38.89
39.47
40.12
40.73
41.33
41.90
42.48
43.05
43.64
44.22
44.81
45.41
46.00
46.60
47.21
47.80
48.39
48.95
49.50
50.07
50.68
51.27
51.87
52.48
53.07
53.66
54.25
54.86
55.45
56.05
56.66
57.26
57.86
58.47
59.06
59.68
60.28
60.88
61.46
62.06
62.50
62.93
63.37
63.82
64.27
64.71
65.16
65.60
66.04
66.48
66.92
67.36
67.80
68.26
68.68
69.11
69.57
70.02
70.47
70.91
71.37
71.80
72.24
72.68
73.12
73.56
74.00
74.47
74.93
75.37
75.84
76.30
76.74
77.19
77.55
77.93
78.29
78.65
78.99
79.33
79.68
80.02
80.36
80.71
81.06
81.40
81.73
82.08
82.43
82.76
83.10
83.45
83.80
84.14
84.47
84.82
85.17
85.52
85.84
86.18
86.52
86.87
87.23
87.59
87.92
88.25
88.58
88.92
89.26
89.61
89.94
90.29
90.65
90.98
91.32
91.65
91.97
92.31
92.67
93.02
93.36
93.69
94.04
94.37
94.71
95.06
95.41
95.76
96.08
96.41
96.73
97.08
97.43
97.78
98.12
98.45
98.79
99.13
99.45
99.80
100.14
100.48
100.82
101.20
101.58
101.96
102.35
102.78
103.21
103.63
104.03
104.43
104.84
105.26
105.72
106.16
106.63
107.09
107.54
108.01
108.55
109.09
109.62
110.16
110.67
111.18
111.70
112.25
112.78
113.32
113.87
114.40
114.94
115.46
115.91
116.38
116.83
117.28
117.68
118.07
118.47
118.86
119.25
119.62
119.98
120.35
120.71
121.07
121.43
121.77
122.11
122.49
122.83
123.21
123.55
123.89
124.25
124.60
124.95
125.29
125.65
126.01
126.36
126.73
127.08
127.43
127.79
128.15
128.50
128.86
129.22
129.59
129.94
130.29
130.64
130.98
131.34
131.72
132.10
132.46
132.82
133.17
133.53
133.87
134.23
134.59
134.94
135.28
135.63
135.98
136.35
136.71
137.09
137.46
137.83
138.18
138.53
138.90
139.27
139.66
140.05
140.46
140.85
141.22
141.60
141.98
142.36
142.73
143.10
143.48
143.85
144.21
144.57
144.94
145.31
145.67
146.03
146.39
146.74
147.10
147.46
147.82
148.19
148.55
148.91
149.26
149.63
150.00
150.37
150.73
151.09
151.44
151.80
152.18
152.56
152.94
153.29
153.62
153.96
154.31
154.76
155.23
155.67
156.18
156.69
157.20
157.73
158.27
158.79
159.30
159.82
160.36
160.89
161.43
161.94
162.46
162.98
163.56
164.15
164.73
165.29
165.85
166.39
166.94
167.46
168.00
168.52
169.06
169.62
170.17
170.71
171.25
171.78
172.32
172.85
173.38
173.92
174.47
175.04
175.61
176.18
176.75
177.31
177.88
178.35
178.84
179.33
179.82
180.30
180.79
181.32
181.84
182.35
182.87
183.39
183.90
184.41
184.92
185.43
185.95
186.46
186.98
187.49
188.00
188.52
189.01
189.51
190.03
190.52
190.98
191.45
191.94
192.42
192.89
193.36
193.84
194.34
194.84
195.33
195.80
196.35
196.92
197.47
198.03
198.58
199.11
199.63
200.14
200.64
201.17
201.68
202.20
202.70
203.22
203.69
204.15
204.61
205.07
205.52
205.97
206.43
206.88
207.34
207.82
208.29
208.76
209.22
209.66
210.09
210.52
210.95
211.37
211.79
212.22
212.65
213.08
213.50
213.93
214.36
214.81
215.25
215.77
216.29
216.80
217.33
217.85
218.36
218.89
219.43
219.96
220.52
221.09
221.63
222.19
222.73
223.26
223.82
224.42
225.02
225.63
226.15
226.68
227.22
227.72
228.23
228.72
229.18
229.65
230.12
230.62
231.08
231.54
231.98
232.47
