# Beats
0.36
0.73
1.11
1.49
1.86
2.23
2.60
2.98
3.37
3.74
4.11
4.48
4.84
5.20
5.57
5.97
6.36
6.77
7.17
7.57
7.95
8.34
8.72
9.11
9.51
9.89
10.29
10.68
11.08
11.47
11.84
12.24
12.63
13.01
13.49
13.96
14.42
14.88
15.37
15.86
16.37
16.85
17.31
17.76
18.20
18.65
19.09
19.55
20.02
20.48
20.92
21.35
21.80
22.27
22.71
23.14
23.57
24.03
24.49
24.94
25.37
25.82
26.26
26.71
27.17
27.61
28.05
28.51
28.98
29.44
29.91
30.39
30.88
31.37
31.85
32.31
32.76
33.23
33.69
34.18
34.67
35.16
35.64
36.08
36.54
36.99
37.50
38.01
38.64
39.28
39.89
40.52
41.13
41.70
42.27
42.85
43.43
44.00
44.57
45.13
45.69
46.23
46.76
47.30
47.86
48.41
49.04
49.66
50.27
50.89
51.50
52.11
52.71
53.31
53.92
54.51
55.10
55.70
56.31
56.84
57.39
57.91
58.44
58.98
59.51
60.06
60.58
61.11
61.65
62.18
62.69
63.22
63.74
64.26
64.78
65.31
65.82
66.34
66.86
67.38
67.90
68.37
68.85
69.32
69.81
70.26
70.73
71.19
71.68
72.19
72.69
73.20
73.69
74.19
74.61
75.02
75.42
75.84
76.25
76.66
77.09
77.51
77.91
78.32
78.73
79.12
79.53
79.92
80.27
80.61
80.96
81.29
81.64
82.01
82.38
82.73
83.08
83.44
83.80
84.17
84.54
84.92
85.28
85.65
86.02
86.38
86.75
87.12
87.50
87.86
88.24
88.61
88.98
89.36
89.75
90.14
90.52
90.93
91.34
91.74
92.23
92.72
93.18
93.65
94.12
94.60
95.06
95.53
96.01
96.48
97.04
97.59
98.17
98.75
99.33
99.92
100.50
101.09
101.68
102.26
102.84
103.43
104.01
104.52
105.04
105.51
105.99
106.46
106.93
107.39
107.86
108.32
108.81
109.27
109.75
110.18
110.63
111.07
111.50
111.92
112.34
112.76
113.20
113.64
114.07
114.50
114.92
115.33
115.75
116.17
116.58
116.98
117.48
117.98
118.48
119.03
119.58
120.14
120.70
121.25
121.81
122.35
122.87
123.39
123.90
124.42
124.96
125.48
126.01
126.55
127.08
127.62
128.09
128.57
129.03
129.52
130.01
130.50
130.98
131.47
131.96
132.47
132.96
133.45
133.94
134.44
134.92
135.35
135.78
136.22
136.73
137.23
137.73
138.23
138.74
139.25
139.74
140.23
140.74
141.26
141.78
142.32
142.83
143.35
143.89
144.43
144.96
145.50
146.01
146.54
147.05
147.56
148.07
148.58
149.10
149.62
150.09
150.56
151.02
151.49
151.89
152.28
152.67
153.07
153.45
153.86
154.25
154.62
154.99
155.38
155.76
156.14
156.55
156.94
157.35
157.74
158.13
158.51
158.89
159.29
159.70
160.10
160.51
160.89
161.29
161.66
162.03
162.41
162.81
163.19
163.58
163.99
164.37
164.75
165.19
165.60
166.05
166.46
166.87
167.30
167.73
168.16
168.59
169.02
169.45
169.88
170.30
170.71
171.13
171.54
171.94
172.36
172.79
173.22
173.64
174.01
174.38
174.74
175.10
175.45
175.80
176.15
176.49
176.83
177.19
177.56
177.92
178.29
178.69
179.10
179.51
179.92
180.33
180.72
181.12
181.51
181.91
182.30
182.69
183.04
183.40
183.76
184.11
184.46
184.83
185.20
185.57
185.92
186.26
186.60
186.94
187.29
187.63
187.97
188.30
188.64
188.99
189.32
189.66
190.00
190.32
190.66
191.01
191.33
191.68
192.03
192.38
192.74
193.09
193.42
193.77
194.10
194.44
194.79
195.14
195.48
195.84
196.19
196.53
196.86
197.21
197.54
197.89
198.23
198.58
198.93
199.25
199.60
199.92
200.25
200.59
200.92
201.27
201.61
201.93
202.29
202.64
203.01
203.38
203.73
204.08
204.43
204.78
205.14
205.51
205.87
206.22
206.58
206.94
207.28
207.66
208.02
208.38
208.74
209.08
209.42
209.77
210.12
210.47
210.81
211.16
211.50
211.84
212.16
212.51
212.86
213.21
213.55
213.90
214.25
214.60
214.95
215.32
215.68
216.04
216.41
216.76
217.13
217.49
217.85
218.20
218.59
218.99
219.38
219.79
220.22
220.66
221.10
221.52
221.91
222.33
222.73
223.12
223.52
223.91
224.32
224.68
225.02
225.36
225.70
226.03
226.37
226.72
227.04
227.37
227.72
228.04
228.39
228.72
229.04
229.37
229.69
230.03
230.37
230.69
231.00
231.35
231.69
232.04
232.39
232.72
233.06
233.38
233.72
234.06
234.39
234.73
235.07
235.40
235.74
236.08
236.43
236.75
237.08
237.40
237.75
238.07
238.41
238.75
239.07
239.40
239.72
240.06
240.40
240.74
241.08
241.43
241.77
242.11
242.49
242.85
243.19
243.55
243.93
244.30
244.69
245.09
245.48
245.85
246.22
246.61
246.98
247.34
247.71
248.08
248.43
248.79
249.15
249.51
249.87
250.26
250.64
251.02
251.40
251.79
252.17
