# Beats
0.37
0.75
1.14
1.52
1.90
2.29
2.67
3.07
3.46
3.85
4.25
4.64
5.04
5.43
5.83
6.22
6.61
6.99
7.37
7.74
8.12
8.49
8.85
9.17
9.50
9.82
10.15
10.48
10.81
11.15
11.48
11.81
12.13
12.47
12.79
13.12
13.56
14.00
14.45
14.95
15.44
15.94
16.42
16.89
17.38
17.86
18.33
18.81
19.28
19.81
20.33
20.85
21.39
21.91
22.43
22.96
23.50
23.97
24.45
24.93
25.47
26.01
26.55
27.05
27.55
28.05
28.57
29.09
29.62
30.02
30.44
30.86
31.27
31.67
32.09
32.50
32.89
33.27
33.67
34.05
34.44
34.83
35.22
35.61
35.99
36.37
36.76
37.14
37.52
37.91
38.30
38.70
39.08
39.46
39.85
40.23
40.61
40.99
41.37
41.75
42.14
42.53
42.92
43.31
43.70
44.09
44.49
44.90
45.29
45.70
46.13
46.57
47.00
47.43
47.81
48.20
48.59
48.97
49.35
49.75
50.14
50.54
50.94
51.35
51.75
52.15
52.57
52.98
53.38
53.80
54.21
54.61
55.02
55.44
55.86
56.27
56.69
57.11
57.53
57.95
58.36
58.78
59.20
59.58
59.95
60.33
60.71
61.08
61.46
61.85
62.23
62.61
63.00
63.39
63.79
64.19
64.59
64.98
65.38
65.77
66.17
66.56
66.95
67.35
67.74
68.14
68.55
68.94
69.35
69.74
70.14
70.53
70.93
71.32
71.71
72.12
72.52
72.90
73.28
73.68
74.07
74.48
74.87
75.27
75.66
76.05
76.43
76.81
77.21
77.60
78.01
78.41
78.82
79.21
79.61
80.02
80.40
80.79
81.19
81.58
81.98
82.37
82.77
83.16
83.55
83.93
84.31
84.69
85.09
85.48
85.88
86.29
86.68
87.07
87.46
87.85
88.25
88.64
89.04
89.44
89.85
90.26
90.65
91.05
91.44
91.83
92.22
92.60
93.00
93.38
93.79
94.19
94.59
94.99
95.39
95.79
96.20
96.60
96.99
97.38
97.78
98.17
98.57
98.96
99.35
99.73
100.12
100.52
100.91
101.32
101.72
102.11
102.52
102.91
103.31
103.70
104.10
104.49
104.88
105.28
105.67
106.08
106.49
106.89
107.29
107.69
108.10
108.54
108.97
109.39
109.82
110.32
110.81
111.30
111.82
112.33
112.84
113.29
113.74
114.20
114.66
115.11
115.59
116.03
116.47
116.92
117.39
117.79
118.19
118.60
118.96
119.30
119.64
119.98
120.31
120.66
121.01
121.37
121.71
122.04
122.37
122.69
123.03
123.37
123.70
124.05
124.39
124.73
125.07
125.41
125.75
126.08
126.42
126.77
127.11
127.44
127.78
128.12
128.46
128.81
129.15
129.49
129.82
130.16
130.50
130.84
131.18
131.52
131.87
132.20
132.55
132.90
133.26
133.61
133.96
134.30
134.65
135.00
135.35
135.69
136.03
136.38
136.74
137.10
137.47
137.85
138.23
138.60
138.97
139.33
139.69
140.06
140.42
140.78
141.13
141.47
141.80
142.15
142.50
142.85
143.20
143.55
143.89
144.25
144.61
144.96
145.32
145.68
146.03
146.38
146.72
147.05
147.39
147.73
148.06
148.40
148.74
149.08
149.43
149.79
150.16
150.53
150.89
151.24
151.58
151.92
152.25
152.59
152.93
153.26
153.62
153.98
154.33
154.67
155.00
155.36
155.72
156.07
156.43
156.79
157.15
157.52
157.88
158.23
158.57
158.91
159.24
159.59
159.94
160.29
160.62
160.96
161.30
161.65
161.99
162.34
162.69
163.04
163.39
163.72
164.07
164.42
164.77
165.11
165.44
165.78
166.12
166.45
166.79
167.13
167.46
167.81
168.16
168.50
168.84
169.18
169.52
169.87
170.21
170.56
170.90
171.24
171.57
171.91
172.25
172.59
172.94
173.29
173.65
174.01
174.36
174.72
175.08
175.44
175.80
176.16
176.52
176.92
177.34
177.75
178.16
178.57
179.00
179.43
179.86
180.27
180.67
181.08
181.49
