# Beats
0.66
1.34
2.00
2.66
3.32
3.98
4.66
5.33
6.01
6.69
7.35
8.02
8.71
9.37
10.02
10.67
11.32
12.02
12.72
13.42
14.13
14.83
15.52
16.22
16.90
17.60
18.29
18.97
19.66
20.34
21.03
21.71
22.38
23.05
23.72
24.42
25.10
25.77
26.45
27.13
27.81
28.49
29.18
29.86
30.53
31.23
31.93
32.61
33.30
33.98
34.66
35.32
35.99
36.68
37.35
38.03
38.73
39.43
40.12
40.81
41.49
42.18
42.86
43.55
44.23
44.92
45.60
46.28
46.96
47.64
48.32
49.01
49.70
50.39
51.08
51.79
52.50
53.22
53.93
54.62
55.30
55.98
56.68
57.35
58.04
58.73
59.43
60.12
60.79
61.44
62.09
62.73
63.37
64.03
64.69
65.39
66.07
66.76
67.42
68.08
68.72
69.36
70.02
70.68
71.35
72.03
72.70
73.33
73.96
74.54
75.12
75.70
76.22
76.74
77.26
77.78
78.29
78.77
79.26
79.75
80.24
80.69
81.14
81.58
82.00
82.42
82.84
83.30
83.77
84.23
84.69
85.15
85.60
86.05
86.48
86.91
87.35
87.78
88.21
88.64
89.08
89.51
89.93
90.35
90.77
91.20
91.63
92.06
92.49
92.91
93.34
93.80
94.24
94.69
95.11
95.52
95.92
96.33
96.73
97.14
97.55
97.95
98.39
98.84
99.28
99.71
100.15
100.59
101.02
101.46
101.90
102.34
102.81
103.27
103.74
104.23
104.73
105.23
105.73
106.23
106.73
107.29
107.85
108.39
108.95
109.51
110.06
110.62
111.18
111.73
112.29
112.94
113.56
114.18
114.81
115.44
116.12
116.82
117.50
118.19
118.87
119.61
120.34
121.06
121.77
122.47
123.18
123.90
124.62
125.26
125.90
126.55
127.20
127.80
128.38
128.98
129.57
130.15
130.73
131.33
131.94
132.55
133.17
133.77
134.37
134.98
135.58
136.19
136.82
137.46
138.10
138.69
139.30
139.88
140.46
141.04
141.61
142.20
142.66
143.09
143.52
143.95
144.38
144.81
145.23
145.65
146.08
146.51
146.94
147.35
147.78
148.21
148.71
149.21
149.71
150.22
150.73
151.23
151.72
152.21
152.69
153.12
153.55
153.98
154.41
154.84
155.26
155.69
156.10
156.50
156.91
157.33
157.74
158.16
158.57
158.99
159.52
160.07
160.65
161.23
161.81
162.44
163.06
163.68
164.28
164.90
165.51
166.13
166.71
167.28
167.93
168.55
169.18
169.81
170.45
171.07
171.69
172.32
172.94
173.57
174.15
174.72
175.29
175.84
176.40
177.01
177.61
178.21
178.81
179.40
179.98
180.57
181.16
181.75
182.35
182.95
183.55
184.13
184.73
185.32
185.93
186.54
187.14
187.74
188.35
188.95
189.56
190.16
190.79
191.41
192.05
192.69
193.33
193.97
194.61
195.20
195.80
196.29
196.77
197.24
197.72
198.21
198.68
199.13
199.58
200.02
200.46
200.90
201.34
201.78
202.22
202.66
203.10
203.55
204.01
204.47
204.94
205.40
205.87
206.33
206.79
207.24
207.69
208.13
208.57
209.01
209.46
209.90
210.34
210.78
211.17
211.56
211.94
212.33
212.73
213.11
213.50
213.88
214.26
214.65
215.04
215.43
215.83
216.22
216.61
216.99
217.37
217.77
218.16
218.56
218.94
219.32
219.72
220.23
220.74
221.25
221.84
222.44
223.02
223.60
224.18
224.73
225.30
225.87
226.37
226.86
227.35
227.85
228.35
228.83
229.33
229.83
230.32
230.70
231.07
231.46
231.83
232.20
232.57
232.94
233.31
233.69
234.07
234.44
234.81
235.17
235.58
235.98
236.39
236.80
237.20
237.60
