# Beats
0.55
1.10
1.66
2.22
2.76
3.31
3.85
4.37
4.88
5.36
5.85
6.34
6.84
7.33
7.83
8.34
8.85
9.36
9.87
10.39
10.90
11.41
11.91
12.40
12.89
13.37
13.86
14.37
14.86
15.35
15.84
16.34
16.82
17.31
17.83
18.34
18.84
19.34
19.83
20.34
20.85
21.35
21.86
22.36
22.86
23.36
23.87
24.38
24.92
25.41
25.91
26.40
26.89
27.38
27.86
28.37
28.86
29.37
29.88
30.38
30.87
31.36
31.86
32.35
32.84
33.34
33.84
34.34
34.83
35.33
35.83
36.34
36.85
37.34
37.84
38.34
38.82
39.32
39.81
40.31
40.81
41.31
41.81
42.31
42.81
43.32
43.82
44.32
44.79
45.27
45.74
46.27
46.81
47.32
47.84
48.37
48.89
49.35
49.81
50.27
50.74
51.20
51.66
52.13
52.57
53.03
53.50
53.95
54.40
54.87
55.41
55.97
56.52
57.07
57.63
58.12
58.62
59.12
59.54
59.97
60.38
60.79
61.21
61.65
62.08
62.51
62.95
63.38
63.81
64.25
64.69
65.13
65.55
65.99
66.42
66.85
67.33
67.79
68.24
68.71
69.17
69.64
70.10
70.57
71.04
71.49
71.95
72.40
72.86
73.32
73.77
74.21
74.64
75.07
75.51
75.98
76.43
76.88
77.32
77.74
78.16
78.58
78.99
79.41
79.83
80.25
80.69
81.13
81.56
82.01
82.48
82.94
83.31
83.68
84.06
84.43
84.78
85.11
85.45
85.80
86.15
86.49
86.83
87.19
87.55
87.89
88.24
88.57
88.91
89.26
89.63
90.00
90.35
90.69
91.02
91.37
91.73
92.09
92.44
92.76
93.10
93.44
93.76
94.10
94.45
94.80
95.16
95.52
95.88
96.24
96.60
96.95
97.31
97.66
98.02
98.38
98.75
99.13
99.50
99.87
100.23
100.59
100.96
101.32
101.66
102.01
102.34
102.69
103.03
103.38
103.72
104.08
104.42
104.76
105.09
105.45
105.78
106.12
106.46
106.81
107.18
107.55
107.93
108.30
108.66
109.03
109.39
109.76
110.20
110.67
111.13
111.62
112.11
112.62
113.10
113.62
114.10
114.54
114.99
115.40
115.83
116.25
116.68
117.10
117.52
117.93
118.38
118.80
119.23
119.68
120.13
120.58
121.02
121.46
121.92
122.37
122.83
123.30
123.74
124.18
124.62
125.06
125.53
125.99
126.47
126.96
127.43
127.97
128.51
129.06
129.61
130.19
130.75
131.30
131.83
132.35
132.89
133.45
134.07
134.68
135.23
135.80
136.36
136.90
137.44
137.98
138.51
139.04
139.58
140.11
140.62
141.14
141.60
142.06
142.52
142.98
143.43
143.87
144.32
144.79
145.25
145.71
146.17
146.61
147.13
147.66
148.19
148.72
149.26
149.79
150.34
150.86
151.39
151.94
152.49
153.02
153.57
154.10
154.61
155.11
155.62
156.15
156.69
157.22
157.76
158.30
158.82
159.30
159.79
160.26
160.74
161.20
161.69
162.26
162.83
163.47
164.10
164.72
165.36
166.00
166.64
167.28
167.90
168.54
169.17
169.81
170.48
171.14
171.80
172.47
173.10
173.75
174.42
175.04
175.73
176.43
177.12
177.81
178.52
179.23
179.93
180.64
181.30
181.93
182.59
183.24
183.88
184.54
185.20
185.86
186.53
187.19
187.85
188.50
189.16
189.82
190.46
191.12
191.80
192.46
193.14
193.79
194.47
195.13
195.77
196.42
197.08
197.75
198.41
199.06
199.70
200.34
201.04
201.73
202.41
203.08
203.73
204.37
205.01
205.66
206.29
206.91
207.56
208.27
208.94
209.61
210.26
210.91
211.60
212.28
212.95
213.61
214.26
214.91
215.53
216.15
216.78
217.39
217.98
218.57
219.15
219.75
220.38
221.01
221.61
222.24
222.87
223.49
224.10
224.72
225.34
225.96
226.60
227.23
227.83
228.47
229.04
229.59
230.13
230.68
231.22
231.77
232.34
