# Beats
0.68
1.37
2.05
2.74
3.42
4.11
4.78
5.46
6.11
6.78
7.43
8.07
8.72
9.37
10.02
10.59
11.17
11.73
12.31
12.89
13.39
13.89
14.37
14.85
15.37
15.88
16.39
16.90
17.39
17.90
18.40
18.90
19.44
19.95
20.46
20.97
21.49
22.04
22.55
23.05
23.55
24.06
24.56
25.08
25.54
26.01
26.48
26.96
27.42
27.88
28.33
28.78
29.26
29.72
30.19
30.65
31.13
31.60
32.08
32.55
32.96
33.36
33.75
34.13
34.53
34.93
35.32
35.69
36.04
36.41
36.77
37.13
37.50
37.88
38.27
38.65
39.03
39.39
39.75
40.10
40.46
40.82
41.19
41.55
41.94
42.33
42.71
43.10
43.49
43.89
44.28
44.77
45.28
45.77
46.28
46.79
47.30
47.81
48.33
48.85
49.41
49.97
50.56
51.18
51.78
52.38
52.99
53.59
54.20
54.79
55.40
56.01
56.62
57.24
57.88
58.48
59.07
59.66
60.28
60.88
61.50
62.09
62.68
63.27
63.92
64.57
65.22
65.85
66.48
67.08
67.69
68.29
68.81
69.33
69.86
70.38
70.90
71.42
71.95
72.47
72.99
73.50
74.01
74.44
74.87
75.30
75.79
76.28
76.75
77.23
77.71
78.17
78.65
79.11
79.57
80.06
80.53
80.99
81.44
81.91
82.36
82.81
83.27
83.72
84.17
84.61
85.08
85.54
86.01
86.47
86.91
87.38
87.89
88.39
88.89
89.37
89.88
90.40
90.85
91.30
91.74
92.19
92.65
93.10
93.63
94.18
94.71
95.27
95.83
96.40
96.97
97.55
98.17
98.80
99.40
100.03
100.67
101.29
101.91
102.53
103.14
103.75
104.35
104.95
105.62
106.25
106.90
107.55
108.20
108.83
109.46
110.11
110.76
111.40
112.02
112.64
113.27
113.92
114.54
115.17
115.80
116.34
116.89
117.45
117.99
118.54
119.06
119.58
120.09
120.64
121.17
121.70
122.11
122.55
123.00
123.44
123.87
124.30
124.71
125.12
125.53
125.95
126.35
126.76
127.15
127.56
127.97
128.37
128.78
129.21
129.63
130.04
130.47
130.89
131.29
131.68
132.10
132.57
133.05
133.51
133.98
134.44
134.91
135.40
135.91
136.39
136.95
137.50
138.07
138.62
139.18
139.74
140.28
140.83
141.36
141.91
142.45
142.97
143.49
144.01
144.57
145.12
145.64
146.15
146.66
147.16
147.66
148.13
148.63
149.14
149.65
150.16
150.67
151.17
151.67
152.18
152.68
153.18
153.67
154.16
154.71
155.27
155.83
156.36
156.92
157.48
158.09
158.71
159.25
159.79
160.33
160.86
161.36
161.87
162.39
162.91
163.42
163.98
164.54
165.02
165.52
166.02
166.52
167.04
167.58
168.09
168.61
169.13
169.67
170.20
170.74
171.29
171.85
172.42
172.98
173.55
174.09
174.64
175.19
175.73
176.24
176.76
177.30
177.82
178.34
178.86
179.36
179.86
180.36
180.86
181.37
181.88
182.39
182.88
183.39
183.89
184.37
184.84
185.32
185.76
186.18
186.61
187.04
187.45
187.87
188.29
188.80
189.34
189.87
190.48
191.10
191.72
192.35
192.98
193.57
194.18
194.84
195.49
196.14
196.77
197.42
198.07
198.72
199.37
200.04
200.70
201.34
202.00
202.64
203.29
203.84
204.39
204.94
205.45
205.96
206.46
206.95
207.45
207.95
208.45
208.96
209.46
209.84
210.21
210.60
210.99
211.38
211.77
212.16
212.57
212.96
213.39
213.82
214.24
214.66
215.07
215.49
215.91
216.33
216.75
217.16
217.58
