# Beats
0.39
0.80
1.21
1.61
2.03
2.44
2.84
3.25
3.66
4.06
4.52
4.93
5.36
5.79
6.20
6.61
7.01
7.42
7.84
8.25
8.66
9.08
9.50
9.91
10.33
10.75
11.17
11.60
12.06
12.53
12.99
13.50
14.02
14.54
15.02
15.51
16.00
16.49
16.97
17.46
17.90
18.34
18.78
19.23
19.67
20.11
20.55
20.96
21.36
21.77
22.18
22.58
22.99
23.39
23.80
24.20
24.60
25.01
25.41
25.82
26.23
26.63
27.09
27.54
27.99
28.39
28.78
29.18
29.57
29.98
30.37
30.78
31.21
31.63
32.04
32.47
33.01
33.54
34.08
34.63
35.19
35.75
36.30
36.85
37.40
37.94
38.49
39.03
39.57
40.10
40.65
41.19
41.75
42.30
42.84
43.40
43.96
44.51
45.05
45.59
46.14
46.68
47.23
47.90
48.58
49.26
49.95
50.63
51.30
51.97
52.66
53.36
54.04
54.73
55.43
56.12
56.80
57.48
58.17
58.85
59.54
60.22
60.92
61.61
62.31
63.01
63.70
64.40
65.10
65.78
66.47
67.18
67.88
68.59
69.30
69.97
70.65
71.39
72.13
72.86
73.60
74.33
75.05
75.77
76.49
77.21
77.94
78.66
79.40
80.14
80.83
81.50
82.18
82.84
83.52
84.20
84.89
85.59
86.29
86.98
87.68
88.36
89.05
89.73
90.42
91.12
91.81
92.51
93.20
93.92
94.62
95.32
96.01
96.70
97.38
98.07
98.75
99.45
100.15
100.86
101.56
102.26
102.96
103.67
104.33
104.99
105.65
106.31
106.97
107.62
108.27
108.83
109.38
109.92
110.46
110.99
111.53
112.07
112.62
113.16
113.70
114.23
114.75
115.28
115.80
116.33
116.87
117.40
117.93
118.47
119.00
119.52
120.06
120.58
121.10
121.64
122.18
122.73
123.27
123.72
124.16
124.60
125.09
125.56
126.04
126.49
126.94
127.40
127.85
128.30
128.75
129.20
129.67
130.15
130.64
131.10
131.59
132.08
132.55
133.03
