# Beats
0.53
1.07
1.63
2.16
2.72
3.25
3.78
4.33
4.88
5.43
6.05
6.64
7.24
7.78
8.34
8.88
9.50
10.14
10.79
11.47
12.12
12.82
13.49
14.15
14.79
15.43
16.04
16.67
17.28
17.90
18.49
19.13
19.74
20.32
20.92
21.50
22.06
22.72
23.35
23.99
24.64
25.31
25.96
26.66
27.28
27.95
28.56
29.21
29.81
30.44
31.08
31.74
32.40
33.09
33.79
34.48
35.18
35.90
36.62
37.30
38.05
38.75
39.46
40.15
40.80
41.45
42.10
42.72
43.35
43.98
44.65
45.28
45.94
46.57
47.11
47.62
48.12
48.65
49.19
49.70
50.25
50.79
51.34
51.90
52.43
52.96
53.52
54.06
54.61
55.22
55.80
56.39
56.95
57.56
58.21
58.85
59.47
60.08
60.70
61.35
61.97
62.62
63.24
63.82
64.44
65.04
65.64
66.22
66.89
67.54
68.17
68.85
69.52
70.19
70.87
71.56
72.25
72.95
73.57
74.21
74.87
75.51
76.20
76.83
77.46
78.09
78.72
79.23
79.78
80.34
80.86
81.42
81.97
82.50
83.03
83.71
84.38
85.02
85.68
86.38
87.10
87.78
88.47
89.16
89.84
90.51
91.16
91.86
92.53
93.23
93.90
94.60
95.27
95.94
96.60
97.22
97.87
98.55
99.22
99.92
100.61
101.31
101.96
102.61
103.28
103.91
104.47
105.05
105.60
106.21
106.84
107.46
108.05
108.66
109.23
109.83
110.46
111.11
111.77
112.43
113.08
113.75
114.40
115.03
115.66
116.30
