# Beats
0.36
0.72
1.09
1.46
1.82
2.18
2.54
2.90
3.27
3.65
4.01
4.37
4.73
5.10
5.46
5.82
6.18
6.56
6.92
7.28
7.64
8.00
8.37
8.73
9.10
9.46
9.82
10.19
10.55
10.92
11.28
11.63
12.00
12.36
12.72
13.10
13.47
13.83
14.19
14.55
14.91
15.28
15.65
16.00
16.37
16.74
17.10
17.46
17.83
18.20
18.56
18.91
19.27
19.64
19.99
20.36
20.74
21.11
21.47
21.83
22.20
22.56
22.92
23.28
23.64
24.01
24.38
24.73
25.10
25.46
25.82
26.18
26.54
26.91
27.28
27.64
28.00
28.36
28.72
29.09
29.45
29.81
30.19
30.56
30.93
31.30
31.66
32.03
32.40
32.76
33.13
33.49
33.84
34.20
34.57
34.96
35.32
35.67
36.03
36.39
36.76
37.12
37.48
37.85
38.21
38.57
38.94
39.32
39.71
40.09
40.45
40.80
41.15
41.49
41.85
42.21
42.57
42.93
43.31
43.68
44.05
44.40
44.74
45.12
45.48
45.84
46.21
46.56
46.93
47.29
47.66
48.04
48.44
48.85
49.30
49.71
50.13
50.55
50.96
51.39
51.82
52.24
52.69
53.13
53.56
53.99
54.43
54.85
55.25
