# Beats
0.45
0.91
1.40
1.92
2.43
2.93
3.41
3.90
4.39
4.85
5.32
5.78
6.25
6.72
7.19
7.65
8.10
8.57
9.04
9.52
9.98
10.45
10.91
11.38
11.84
12.31
12.77
13.25
13.72
14.21
14.70
15.19
15.66
16.14
16.61
17.09
17.55
18.00
18.45
18.90
19.35
19.81
20.25
20.70
21.15
21.61
22.05
22.50
22.96
23.42
23.88
24.36
24.82
25.27
25.73
26.18
26.64
27.03
27.42
27.81
28.19
28.56
28.93
29.30
29.68
30.05
30.42
30.79
31.15
31.51
31.87
32.23
32.59
32.95
33.30
33.66
34.01
34.37
34.71
35.07
35.42
35.78
36.14
36.50
36.86
37.21
37.57
37.93
38.29
38.64
38.99
39.35
39.71
40.05
40.41
40.76
41.12
41.48
41.84
42.20
42.56
42.92
43.28
43.64
44.00
44.36
44.73
45.10
45.48
45.86
46.29
46.72
47.15
47.55
47.94
48.33
48.72
49.11
49.52
49.92
50.33
50.72
51.11
51.48
51.85
52.22
52.59
52.96
53.34
53.71
54.08
54.45
54.82
55.19
55.57
55.93
56.30
56.67
57.04
57.40
57.76
58.13
58.50
58.87
59.25
59.61
59.95
60.31
60.67
61.05
61.41
61.77
62.12
62.50
62.87
63.24
63.61
63.98
64.34
64.70
65.06
65.42
65.79
66.17
66.53
66.90
67.27
67.64
68.01
68.37
68.73
69.09
69.46
69.82
70.19
70.55
70.94
71.32
71.68
72.05
72.41
72.77
73.18
73.58
73.99
74.40
74.80
75.21
75.63
76.05
76.45
76.87
77.28
77.69
78.10
78.51
78.98
79.46
79.93
80.41
80.90
81.39
81.87
82.34
82.80
83.36
83.92
84.47
85.02
85.57
86.11
86.66
87.20
87.76
88.33
88.90
89.41
89.92
90.42
90.91
91.38
91.87
92.36
92.86
93.34
93.83
94.33
94.82
95.39
95.93
96.49
97.04
97.59
98.14
98.71
99.28
99.86
100.47
101.24
101.98
102.74
103.48
104.21
104.94
105.66
106.39
107.13
107.87
108.61
109.35
110.10
110.85
111.61
112.36
113.12
113.86
114.47
115.10
115.73
116.34
116.96
117.54
118.12
118.70
119.26
119.83
120.37
120.88
121.41
121.99
122.55
123.12
123.70
124.27
124.89
125.50
126.12
126.77
127.42
128.08
128.75
129.42
130.08
130.74
131.41
132.08
132.74
133.40
134.07
134.75
135.41
136.08
136.74
137.42
138.08
138.74
139.40
140.07
140.74
141.40
142.06
142.73
143.39
144.06
144.72
145.39
146.05
146.73
147.23
147.71
148.21
148.64
149.08
149.52
149.97
150.41
150.84
151.28
151.72
152.16
152.60
153.04
153.48
153.93
154.37
154.81
155.25
155.69
156.14
156.60
157.05
157.49
157.94
158.38
158.82
159.27
159.71
160.15
160.59
161.04
161.49
161.95
162.40
162.85
163.29
163.75
164.20
164.65
165.11
165.56
166.01
166.46
166.92
167.37
167.82
168.26
168.70
169.16
169.60
170.04
170.48
170.93
171.37
171.83
172.28
172.73
173.19
173.64
174.09
174.53
174.97
175.43
175.87
176.31
176.75
177.20
177.64
178.10
178.54
178.99
179.43
179.88
180.33
180.78
181.23
181.68
182.13
182.58
183.03
183.48
183.95
184.41
184.87
185.33
185.76
186.17
186.58
186.99
187.40
187.81
188.22
188.64
189.05
189.46
189.87
190.24
190.61
191.00
191.38
191.75
192.12
192.48
192.84
193.20
193.56
193.92
194.27
