# Beats
0.74
1.49
2.21
2.90
3.61
4.33
5.10
5.85
6.57
7.29
8.03
8.78
9.52
10.27
11.02
11.76
12.52
13.28
14.04
14.80
15.56
16.30
17.03
17.76
18.49
19.23
19.85
20.48
21.10
21.73
22.36
22.98
23.59
24.20
24.80
25.34
25.89
26.46
27.00
27.56
28.10
28.64
29.19
29.74
30.31
30.88
31.30
31.72
32.14
32.58
33.00
33.41
33.82
34.23
34.63
35.04
35.46
35.93
36.40
36.86
37.33
37.78
38.24
38.66
39.08
39.50
39.94
40.38
40.82
41.24
41.62
42.00
42.40
42.81
43.21
43.62
44.03
44.42
44.80
45.19
45.58
45.96
46.35
46.73
47.11
47.55
48.00
48.44
48.87
49.26
49.64
50.04
50.42
50.81
51.19
51.57
51.94
52.31
52.69
53.07
53.45
53.86
54.25
54.65
55.11
55.57
56.03
56.52
56.99
57.47
57.92
58.40
58.87
59.35
59.84
60.31
60.79
61.30
61.81
62.32
62.83
63.33
63.83
64.32
64.81
65.31
65.82
66.33
66.83
67.28
67.73
68.17
68.58
68.99
69.39
69.81
70.22
70.64
71.06
71.47
71.88
72.28
72.69
73.10
73.51
73.94
74.36
74.78
75.19
75.60
76.02
76.44
76.86
77.39
77.93
78.46
79.01
79.57
80.12
80.67
81.20
81.72
82.28
82.84
83.49
84.15
84.74
85.33
85.93
86.42
86.94
87.43
87.95
88.44
88.93
89.42
89.91
90.40
90.91
91.39
91.90
92.44
92.97
93.53
94.04
94.53
95.03
95.53
96.01
96.50
97.00
97.48
97.96
98.45
98.94
99.43
99.94
100.43
100.91
101.40
101.91
102.41
102.95
103.47
104.00
104.54
105.07
105.58
106.09
106.63
107.14
107.67
108.19
108.69
109.19
109.68
110.16
110.64
111.13
111.62
112.11
112.59
113.12
113.64
114.17
114.61
115.05
115.52
115.98
116.45
116.90
117.35
117.82
118.27
118.74
119.21
119.69
120.17
120.59
121.00
121.41
121.81
122.22
122.64
123.05
123.50
123.94
124.37
124.82
125.23
125.64
126.06
126.46
126.85
127.25
127.65
128.08
128.51
128.92
129.31
129.73
130.15
130.57
131.01
131.41
131.84
132.32
132.79
133.28
133.76
134.21
134.68
135.14
135.63
136.09
136.57
136.99
137.39
137.81
138.24
138.66
139.06
139.48
139.89
140.29
140.70
141.20
141.70
142.20
142.78
143.36
143.94
144.51
145.08
145.65
146.19
146.76
147.31
147.84
148.38
148.98
149.59
150.21
150.84
151.45
152.08
152.72
153.34
153.97
154.56
155.16
155.74
156.25
156.76
157.27
157.76
158.24
158.75
159.22
159.67
160.12
160.59
161.05
161.52
161.98
162.44
162.91
163.35
163.81
164.26
164.72
165.12
165.50
165.88
166.25
166.64
167.02
167.40
167.79
168.19
168.58
168.97
169.37
169.78
170.19
170.61
171.05
171.48
171.91
172.34
172.76
173.17
173.59
174.02
174.44
174.87
175.29
175.64
175.98
176.33
176.69
177.05
177.42
177.77
178.12
178.47
178.82
179.17
179.51
179.86
180.20
180.56
180.93
181.29
181.70
182.10
182.50
182.92
183.33
183.76
184.18
184.60
185.02
185.43
185.84
186.26
186.67
187.08
187.50
187.92
188.34
188.73
189.15
189.57
189.96
190.37
190.78
191.19
191.61
192.05
192.49
192.95
193.29
193.64
193.99
194.34
194.69
195.02
195.36
195.70
