# Beats
0.52
1.07
1.53
1.99
2.44
2.90
3.36
3.81
4.26
4.71
5.18
5.63
6.08
6.52
6.97
7.41
7.85
8.30
8.74
9.18
9.62
10.05
10.40
10.74
11.08
11.41
11.75
12.11
12.47
12.83
13.19
13.56
13.93
14.29
14.65
15.00
15.36
15.72
16.08
16.49
16.88
17.29
17.68
18.08
18.47
18.87
19.26
19.67
20.06
20.46
20.87
21.29
21.71
22.13
22.56
22.99
23.41
23.86
24.31
24.76
25.22
25.67
26.13
26.60
27.06
27.52
27.97
28.41
28.85
29.29
29.73
30.17
30.62
31.06
31.52
31.97
32.42
32.86
33.31
33.76
34.20
34.64
35.10
35.55
35.98
36.42
36.86
37.27
37.69
38.10
38.51
38.92
39.32
39.74
40.16
40.57
40.97
41.38
41.75
42.12
42.48
42.84
43.20
43.56
43.93
44.30
44.74
45.19
45.62
46.06
46.50
46.94
47.38
47.86
48.33
48.81
49.28
49.76
50.24
50.78
51.34
51.88
52.50
53.10
53.73
54.36
54.97
55.64
56.30
56.95
57.60
58.25
58.90
59.58
60.27
60.93
61.58
62.23
62.84
63.46
64.10
64.74
65.38
66.04
66.70
67.35
67.99
68.63
69.28
69.93
70.57
71.22
71.87
72.52
73.18
73.83
74.47
75.10
75.76
76.41
77.06
77.69
78.34
79.01
79.66
80.31
80.98
81.64
82.30
82.96
83.62
84.27
84.92
85.57
86.22
86.87
87.52
88.15
88.79
89.44
90.09
90.74
91.41
92.07
92.72
93.37
94.02
94.67
95.32
95.98
96.63
97.29
97.94
98.58
99.21
99.86
100.51
101.17
101.83
102.49
103.15
103.80
104.45
105.12
105.78
106.44
107.10
107.75
108.45
109.13
109.81
110.46
111.11
111.76
112.41
113.05
113.70
114.35
115.00
115.64
116.29
116.94
117.59
118.24
118.89
119.54
120.17
120.83
121.49
122.14
122.80
123.45
124.11
124.77
125.42
126.07
126.72
127.36
128.01
128.66
129.32
129.97
130.64
131.29
131.94
132.59
133.24
133.89
134.55
135.20
135.85
136.51
137.16
137.81
138.46
139.12
139.77
140.42
141.08
141.73
142.40
143.05
143.69
144.34
145.00
145.65
146.30
146.95
147.60
148.25
148.90
149.54
150.19
150.84
151.49
152.15
152.80
153.46
154.12
154.80
155.46
156.12
156.80
157.48
158.01
158.55
159.09
159.64
160.17
160.72
161.26
161.81
162.34
162.89
163.42
163.94
164.47
164.97
165.45
165.94
166.43
166.91
167.38
167.86
168.34
168.83
169.32
169.81
170.30
170.78
171.25
171.71
172.15
172.68
173.22
173.75
174.28
174.81
175.36
175.90
176.45
176.97
177.49
178.02
178.55
179.08
179.61
180.18
180.73
181.30
181.86
182.42
182.95
183.47
183.99
184.51
185.03
185.55
186.08
186.61
187.14
187.66
188.19
188.71
189.22
189.73
190.25
190.80
191.34
191.87
192.39
192.90
193.41
193.91
194.41
194.92
195.42
195.93
196.43
196.93
197.42
197.96
198.52
199.08
199.55
200.04
200.54
201.03
201.51
202.01
202.51
203.01
203.50
204.00
204.49
204.97
205.47
205.97
206.47
206.96
207.46
207.96
208.47
208.98
209.50
210.00
210.50
211.00
211.48
211.94
212.40
212.87
213.34
213.81
214.32
214.83
215.34
215.83
216.31
216.78
217.26
217.73
