# Beats
0.63
1.28
1.92
2.55
3.18
3.81
4.44
5.07
5.70
6.30
6.90
7.47
8.05
8.63
9.21
9.79
10.37
10.88
11.40
11.97
12.54
13.10
13.65
14.21
14.77
15.31
15.86
16.40
16.95
17.51
18.08
18.65
19.21
19.78
20.35
20.92
21.48
22.05
22.55
23.05
23.55
24.03
24.52
25.01
25.51
26.01
26.51
27.07
27.64
28.21
28.79
29.36
29.94
30.52
31.11
31.70
32.26
32.84
33.43
34.01
34.59
35.17
35.76
36.36
36.97
37.56
38.15
38.74
39.33
39.92
40.50
41.08
41.64
42.21
42.78
43.35
43.93
44.51
45.09
45.66
46.23
46.80
47.37
47.94
48.52
49.10
49.68
50.26
50.84
51.42
52.00
52.58
53.15
53.73
54.30
54.88
55.45
56.03
56.61
57.19
57.77
58.34
58.91
59.49
60.07
60.65
61.23
61.81
62.39
62.98
63.58
64.16
64.73
65.31
65.89
66.46
67.02
67.59
68.17
68.75
69.33
69.92
70.50
71.08
71.66
72.24
72.82
73.40
73.99
74.56
75.12
75.67
76.23
76.79
77.37
77.95
78.53
79.11
79.69
80.29
80.90
81.50
82.11
82.71
83.32
83.94
84.57
85.18
85.80
86.42
87.06
87.69
88.32
88.94
89.52
90.12
90.74
91.37
92.00
92.55
93.11
93.73
94.33
94.95
95.47
95.99
96.51
96.99
97.45
97.92
98.38
98.85
99.31
99.88
100.45
101.03
101.61
102.18
102.77
103.36
103.96
104.50
105.05
105.56
106.06
106.56
107.02
107.49
107.95
108.41
108.87
109.32
109.76
110.20
110.64
111.10
111.55
111.99
112.42
112.86
113.29
113.72
114.15
114.57
115.00
115.43
115.86
116.29
116.70
117.13
117.56
117.99
118.42
118.85
119.30
119.76
120.21
120.74
121.29
121.84
122.38
122.93
123.50
124.06
124.63
125.20
125.76
126.37
126.98
127.59
128.21
128.82
129.43
130.03
130.64
131.24
131.85
132.45
133.05
133.65
134.23
134.83
135.43
136.03
136.65
137.25
137.86
138.46
139.06
139.67
140.27
140.88
141.48
142.08
142.66
143.24
143.81
144.39
144.97
145.54
146.11
146.68
147.26
147.84
148.41
148.98
149.56
150.15
150.73
151.31
151.89
152.49
153.07
153.65
154.23
154.81
155.39
155.96
156.53
157.11
157.68
158.26
158.84
159.40
159.99
160.55
161.12
161.70
162.27
162.84
163.42
164.00
164.58
165.15
165.72
166.29
166.86
167.43
168.00
168.58
169.16
169.75
170.34
170.92
171.51
172.09
172.66
173.24
173.84
174.42
175.00
175.58
176.16
176.73
177.31
177.90
178.49
179.08
179.68
180.28
180.88
181.45
182.02
182.59
183.16
183.73
184.29
184.85
185.42
185.99
186.57
187.15
187.73
188.31
188.89
189.47
190.06
190.61
191.18
191.74
192.31
192.89
193.48
194.07
194.66
195.22
195.78
196.37
196.96
197.56
198.16
198.76
199.37
199.95
200.53
201.11
201.71
202.27
202.84
203.41
203.99
204.54
205.11
205.69
206.29
206.85
207.42
207.98
208.54
209.11
209.70
210.30
210.91
211.50
212.09
212.67
213.25
213.83
214.40
214.97
215.54
216.11
216.68
217.25
217.80
218.37
218.95
219.52
220.04
220.57
221.09
221.62
222.15
222.68
223.17
223.65
224.14
224.63
225.12
225.61
226.08
226.56
227.04
227.53
228.01
228.48
229.00
229.52
230.05
230.60
231.13
231.67
232.21
232.76
233.30
233.85
234.39
234.88
235.36
235.85
236.33
236.82
237.31
237.80
238.28
238.77
239.25
239.72
240.20
240.67
241.10
241.55
241.99
242.35
242.71
243.07
243.41
243.79
244.15
244.52
244.89
245.35
245.82
246.28
246.75
247.21
247.66
248.13
248.60
249.07
249.54
250.02
250.50
250.97
251.44
251.90
252.37
252.81
253.25
253.69
254.13
254.57
255.01
255.45
