# Beats
0.42
0.85
1.28
1.71
2.15
2.58
3.02
3.46
3.90
4.34
4.75
5.15
5.56
5.97
6.37
6.78
7.19
7.59
8.00
8.41
8.79
9.17
9.57
9.96
10.36
10.75
11.15
11.54
11.98
12.43
12.89
13.34
13.78
14.22
14.66
15.10
15.55
15.99
16.38
16.79
17.18
17.58
17.98
18.39
18.78
19.17
19.56
19.95
20.33
20.72
21.19
21.65
22.12
22.58
23.03
23.50
23.96
24.43
24.89
25.36
25.82
26.28
26.75
27.23
27.70
28.18
28.69
29.20
29.71
30.31
30.91
31.50
32.09
32.67
33.25
33.82
34.39
34.97
35.56
36.15
36.76
37.35
37.94
38.53
39.13
39.71
40.30
40.90
41.48
42.07
42.66
43.24
43.80
44.38
44.98
45.58
46.18
46.79
47.39
47.98
48.56
49.15
49.74
50.32
50.91
51.49
52.08
52.66
53.24
53.82
54.40
54.98
55.58
56.17
56.76
57.35
57.95
58.54
59.14
59.73
60.33
60.92
61.50
62.08
62.66
63.25
63.83
64.42
65.00
65.60
66.18
66.76
67.33
67.92
68.51
69.11
69.72
70.33
70.95
71.53
72.11
72.68
73.24
73.80
74.41
75.01
75.62
76.21
76.80
77.42
78.04
78.66
79.27
79.88
80.49
81.11
81.72
82.34
82.95
83.60
84.27
84.92
85.57
86.19
86.80
87.39
87.92
88.46
88.99
89.52
90.05
90.57
91.09
91.61
92.15
92.68
93.20
93.73
94.25
94.77
95.26
95.76
96.26
96.75
97.23
97.72
98.32
98.93
99.53
100.10
100.66
101.23
101.78
102.34
102.90
103.44
104.01
104.59
105.19
105.78
106.37
106.94
107.50
108.05
108.60
109.15
109.69
110.28
110.88
111.51
112.15
112.79
113.42
114.04
114.68
115.32
115.96
116.59
117.21
117.89
118.54
119.18
119.81
120.48
121.14
121.80
122.49
123.16
123.91
124.66
125.41
126.17
126.91
127.66
128.42
129.17
129.93
130.69
131.46
132.21
132.86
133.50
134.01
134.52
135.05
135.57
136.09
136.60
137.11
137.62
138.14
138.63
139.13
139.63
140.12
140.62
141.12
141.62
142.12
142.63
143.13
143.63
144.13
144.63
145.11
145.61
146.10
146.59
147.08
147.56
148.05
148.54
149.00
149.47
149.94
150.42
150.88
151.35
151.86
152.36
152.86
153.36
153.86
154.34
154.84
155.34
155.85
156.39
156.92
157.44
157.97
158.48
159.00
159.43
159.86
160.29
160.72
161.13
161.55
161.97
162.35
162.74
163.11
163.50
163.90
164.29
164.70
165.13
165.55
165.96
166.39
166.82
167.25
167.67
168.09
168.51
168.91
169.32
169.71
170.12
170.52
170.91
171.32
171.72
172.13
172.57
173.00
173.43
173.86
174.23
174.60
174.97
175.35
175.72
176.09
176.46
176.83
177.20
177.56
177.90
178.25
178.60
178.96
179.30
179.66
180.01
180.36
180.71
181.07
181.43
181.79
182.15
182.50
182.83
183.16
183.50
183.84
184.27
184.68
185.10
185.52
186.07
186.63
187.19
187.76
188.31
188.88
189.44
189.99
190.54
191.10
191.66
192.23
192.80
193.35
193.91
194.47
195.04
195.59
196.15
196.63
197.10
197.58
198.05
198.53
199.00
199.45
199.90
200.36
200.82
201.27
201.72
202.18
202.64
203.10
203.57
204.03
204.49
204.95
205.46
205.97
206.48
206.98
207.48
207.98
208.48
209.03
209.57
210.12
