# Beats
0.35
0.70
1.04
1.39
1.76
2.09
2.44
2.80
3.13
3.49
3.85
4.20
4.57
4.92
5.28
5.62
5.97
6.34
6.69
7.06
7.42
7.76
8.13
8.46
8.80
9.15
9.50
9.87
10.22
10.59
10.94
11.28
11.63
11.98
12.35
12.70
13.07
13.42
13.77
14.11
14.45
14.80
15.16
15.53
15.88
16.23
16.58
16.93
17.28
17.62
17.97
18.33
18.69
19.04
19.41
19.75
20.10
20.43
20.78
21.15
21.52
21.87
22.22
22.57
22.92
23.27
23.61
24.00
24.36
24.69
25.05
25.40
25.75
26.10
26.46
26.82
27.17
27.53
27.89
28.21
28.57
28.93
29.28
29.64
30.00
30.35
30.70
31.05
31.39
31.74
32.11
32.46
32.81
33.16
33.52
33.88
34.24
34.57
34.95
35.32
35.67
35.98
36.34
36.70
37.04
37.38
37.76
38.10
38.46
38.80
39.17
39.52
39.87
40.22
40.59
40.95
41.30
41.63
41.99
42.35
42.70
43.07
43.42
43.77
44.12
44.47
44.81
45.16
45.51
45.86
46.23
46.58
46.95
47.28
47.62
47.97
48.32
48.67
49.02
49.39
49.74
50.11
50.46
50.81
51.15
51.50
51.87
52.22
52.57
52.92
53.29
53.64
53.99
54.31
54.67
55.03
55.38
55.74
56.09
56.45
56.80
57.17
57.52
57.89
58.24
58.60
58.96
59.28
59.64
59.99
60.35
60.70
61.05
61.41
61.77
62.14
62.48
62.82
63.18
63.53
63.88
64.23
64.59
64.92
65.25
65.61
65.97
66.32
66.69
67.06
67.41
67.76
68.10
68.43
68.78
69.15
69.51
69.86
70.22
70.57
70.91
71.26
71.63
71.98
72.33
72.68
73.03
73.40
73.76
74.12
74.47
74.84
75.19
75.53
75.88
76.23
76.58
76.93
77.28
77.65
78.00
78.34
78.70
79.04
79.39
79.73
80.11
80.46
80.83
81.18
81.53
81.87
82.21
82.57
82.94
83.29
83.64
84.00
84.36
84.69
85.03
85.40
85.75
86.10
86.47
86.82
87.17
87.52
87.86
88.21
88.58
88.93
89.28
89.63
89.99
90.35
90.70
91.05
91.41
91.77
92.11
92.46
92.81
93.16
93.51
93.86
94.20
94.55
94.91
95.26
95.62
95.97
96.33
96.69
97.04
97.41
97.78
98.13
98.48
98.82
99.15
99.52
99.89
100.24
100.60
100.96
101.32
101.68
102.03
102.40
102.76
103.13
103.53
104.03
104.51
105.00
105.52
106.03
106.54
107.09
107.64
108.18
108.76
109.34
109.97
110.60
111.22
111.83
112.43
113.03
113.64
114.22
114.80
115.39
115.96
116.51
117.06
117.64
118.21
118.79
119.37
119.95
120.53
121.10
121.65
122.23
122.81
123.38
123.95
124.52
125.11
125.70
126.36
127.02
127.69
128.28
128.89
129.44
130.01
130.57
131.12
131.68
132.24
132.75
133.25
133.75
134.25
134.76
135.26
135.76
136.24
136.74
137.25
137.75
138.30
138.86
139.41
139.97
140.53
141.06
141.61
142.15
142.66
143.15
143.65
144.14
144.57
145.00
145.43
145.80
146.16
146.52
146.89
147.34
147.78
148.21
148.63
149.05
149.48
149.90
150.35
150.80
151.25
151.72
152.18
152.66
153.14
153.60
154.06
154.66
155.23
155.81
156.39
156.96
157.52
158.09
158.66
159.25
159.85
160.43
161.01
161.59
162.12
162.64
163.17
163.70
164.22
164.75
165.28
165.81
166.35
166.89
167.44
168.02
168.60
169.20
169.78
170.36
170.96
171.55
172.15
172.74
173.36
173.94
174.52
175.08
175.64
176.18
176.74
177.26
177.80
178.32
178.79
179.27
179.76
180.23
180.70
181.16
181.63
182.09
182.58
183.07
183.55
184.02
184.47
184.92
185.39
185.85
186.31
186.73
187.18
187.59
188.01
188.42
188.82
189.24
189.65
190.06
190.45
190.86
191.26
191.66
192.04
192.45
192.85
193.26
193.65
194.06
194.47
194.89
195.33
195.76
196.16
196.57
196.97
197.39
197.79
198.18
198.58
198.97
199.37
199.76
200.14
200.53
200.92
201.31
201.69
202.11
202.51
202.92
203.31
203.69
204.07
204.46
204.86
205.25
205.65
206.05
206.46
206.85
207.25
207.62
208.02
208.40
208.81
209.19
209.59
210.01
210.44
210.86
211.31
211.74
212.17
212.53
212.88
213.23
213.60
214.00
214.37
214.71
215.09
215.50
215.92
216.34
216.76
217.22
217.69
218.15
218.55
218.94
219.35
219.75
220.14
220.52
220.90
221.29
221.68
222.08
222.47
222.87
223.26
223.65
224.04
