# Beats
0.42
0.85
1.27
1.68
2.11
2.54
2.96
3.37
3.77
4.18
4.66
5.13
5.60
6.10
6.59
7.08
7.66
8.23
8.80
9.35
9.91
10.47
11.04
11.61
12.19
12.76
13.35
13.94
14.51
15.08
15.65
16.22
16.79
17.38
17.96
18.53
19.11
19.68
20.27
20.85
21.43
22.01
22.58
23.15
23.72
24.30
24.89
25.50
26.10
26.70
27.31
27.91
28.49
29.07
29.65
30.19
30.72
31.27
31.81
32.37
32.96
33.55
34.12
34.71
35.29
35.85
36.43
37.01
37.58
38.16
38.73
39.31
39.89
40.47
41.05
41.63
42.21
42.81
43.40
43.98
44.57
45.14
45.71
46.28
46.86
47.44
48.02
48.59
49.16
49.71
50.28
50.85
51.42
52.00
52.58
53.16
53.73
54.31
54.89
55.46
56.04
56.63
57.24
57.86
58.54
59.21
59.79
60.37
60.94
61.49
62.07
62.66
63.24
63.82
64.41
64.99
65.57
66.15
66.73
67.31
67.88
68.45
69.01
69.57
70.02
70.46
70.95
71.44
71.92
72.40
72.85
73.31
73.76
74.21
74.68
75.14
75.60
76.08
76.56
77.03
77.51
77.98
78.46
78.92
79.39
79.85
80.36
80.88
81.39
81.90
82.40
82.90
83.35
83.82
84.29
84.75
85.23
85.70
86.17
86.61
87.06
87.52
87.97
88.42
88.87
89.33
89.77
90.21
90.64
91.09
91.53
91.99
92.53
93.05
93.58
94.17
94.76
95.43
96.10
96.76
97.42
98.07
98.74
99.43
100.09
100.75
101.39
102.05
102.67
103.28
103.89
104.49
105.11
105.72
106.35
106.99
107.61
108.23
108.82
109.44
110.04
110.64
111.24
111.76
112.29
112.83
113.36
113.91
114.44
114.99
115.53
116.06
116.59
117.10
117.61
118.13
118.65
119.16
119.65
120.16
120.67
121.17
121.67
122.18
122.67
123.17
123.66
124.16
124.64
125.14
125.65
126.18
126.71
127.25
127.78
128.29
128.80
129.31
129.80
130.29
130.77
131.29
131.78
132.27
132.77
133.26
133.75
134.23
134.71
135.19
135.66
136.14
136.63
137.11
137.60
138.09
138.58
139.04
139.52
139.92
140.32
140.74
141.15
141.57
141.99
142.42
142.85
143.28
143.70
144.11
144.52
144.94
145.35
145.73
146.11
146.49
146.87
147.24
147.61
148.02
148.42
148.84
149.25
149.65
150.07
150.49
150.91
151.32
151.74
152.16
152.57
152.97
153.45
153.93
154.41
154.97
155.53
156.07
156.62
157.20
157.77
158.31
158.87
159.40
159.93
160.47
161.01
161.54
162.08
162.61
163.14
163.68
164.21
164.75
165.33
165.89
166.51
167.13
167.75
168.41
169.06
169.70
170.35
170.99
171.64
172.28
172.93
173.57
174.15
174.73
175.31
175.84
176.37
176.90
177.44
177.96
178.49
179.03
179.54
180.08
180.63
181.19
181.74
182.29
182.79
183.26
183.75
184.24
184.74
185.23
185.72
186.20
186.70
187.18
187.63
188.08
188.53
188.99
189.44
189.89
190.38
190.87
191.36
191.88
192.39
192.90
193.45
193.99
194.54
195.07
195.60
196.14
196.63
197.11
197.60
198.09
198.58
199.06
199.53
200.01
200.48
201.00
201.53
202.05
202.45
202.86
203.27
203.71
204.15
204.58
205.08
205.59
206.10
206.61
207.11
207.60
208.10
208.61
209.13
209.62
210.11
210.60
211.08
211.56
212.03
212.53
213.03
213.53
214.04
214.54
215.04
215.55
216.06
216.55
217.05
217.55
218.05
218.55
219.06
219.57
220.08
220.59
221.10
221.62
222.16
222.68
223.19
223.71
224.22
224.68
225.12
225.56
226.00
226.45
226.91
227.38
227.86
228.35
228.83
229.23
229.65
230.09
230.48
230.88
231.27
231.67
232.10
232.51
232.93
233.41
233.88
234.36
234.81
235.26
235.73
236.29
236.82
237.35
237.98
238.61
239.25
239.89
240.50
241.07
241.64
242.21
242.79
243.37
243.95
244.52
245.10
245.60
246.10
246.60
247.11
247.62
248.13
248.64
249.15
249.65
250.11
250.57
251.02
251.47
251.91
252.37
252.84
253.33
253.82
254.32
254.82
255.30
255.88
256.48
257.04
257.64
258.23
258.83
259.44
260.02
260.61
261.19
261.78
262.36
262.97
263.48
263.98
264.52
265.03
265.54
266.07
266.59
267.09
267.62
268.16
268.69
269.19
269.70
270.21
270.74
271.28
271.79
272.29
272.78
273.28
273.77
274.25
274.76
275.26
275.76
276.26
