# Beats
0.44
0.89
1.35
1.80
2.25
2.71
3.17
3.63
4.09
4.54
4.99
5.45
5.99
6.54
7.08
7.63
8.17
8.71
9.23
9.75
10.29
10.84
11.40
11.98
12.52
13.04
13.61
14.16
14.74
15.26
15.77
16.25
16.76
17.28
17.81
18.34
18.88
19.39
19.85
20.36
20.83
21.29
21.76
22.24
22.73
23.21
23.65
24.20
24.73
25.24
25.75
26.26
26.77
27.30
27.82
28.40
28.98
29.56
30.14
30.70
31.25
31.81
32.37
32.93
33.46
34.02
34.59
35.16
35.69
36.22
36.76
37.31
37.87
38.41
38.92
39.43
39.95
40.57
41.20
41.80
42.42
43.00
43.61
44.23
44.79
45.37
45.95
46.42
46.86
47.31
47.72
48.15
48.58
48.99
49.41
49.82
50.22
50.62
51.04
51.48
51.92
52.36
52.78
53.24
53.73
54.17
54.59
55.03
55.45
55.87
56.29
56.73
57.14
57.56
57.97
58.31
58.68
59.07
59.47
59.81
60.19
60.56
60.93
61.30
61.65
61.97
62.33
62.67
63.04
63.40
63.90
64.32
64.76
65.21
65.64
66.08
66.55
66.99
67.47
67.92
68.36
68.82
69.27
69.71
70.18
70.66
71.15
71.68
72.21
72.78
73.32
73.85
74.42
74.98
75.53
76.09
76.63
77.18
77.74
78.30
78.85
79.44
79.97
80.46
80.97
81.48
81.97
82.48
82.96
83.46
83.97
84.52
85.12
85.73
86.27
86.82
87.37
87.91
88.46
89.00
89.54
90.08
90.62
91.21
91.77
92.28
92.79
93.32
93.88
94.45
94.97
95.43
95.92
96.36
96.83
97.27
97.69
98.10
98.55
98.99
99.43
99.92
100.40
100.84
101.22
101.61
101.99
102.42
102.84
103.25
103.63
103.99
104.41
104.81
105.23
105.63
106.02
106.41
106.84
107.26
107.66
108.04
108.46
108.90
109.34
109.76
110.20
110.64
111.08
111.46
111.87
112.29
112.70
113.08
113.50
113.88
114.24
114.64
115.03
115.43
115.79
116.17
116.54
116.91
117.28
117.70
118.11
118.48
119.05
119.57
120.14
120.79
121.44
122.23
123.00
123.76
124.58
125.35
126.15
126.94
127.76
128.50
129.31
130.10
130.90
131.68
132.47
133.26
134.07
134.87
135.67
136.44
137.22
138.02
138.81
139.60
140.39
141.15
141.97
142.73
143.53
144.31
145.11
145.89
146.68
147.39
148.05
148.75
149.42
150.07
150.74
151.39
152.01
152.67
153.32
153.97
154.64
155.32
156.01
156.71
157.41
158.10
158.75
159.42
160.08
160.77
161.47
162.17
162.84
163.54
164.23
164.90
165.57
166.25
166.95
167.65
168.32
168.99
169.69
170.35
171.04
171.73
172.40
173.09
173.80
174.50
175.17
175.80
176.43
177.05
177.70
178.41
179.14
179.86
180.56
181.27
181.95
182.62
183.30
183.95
184.65
185.33
185.99
186.69
187.26
187.77
188.29
188.84
189.44
189.99
190.54
191.09
191.59
192.03
192.47
192.91
193.33
193.75
194.21
194.66
195.08
195.47
195.86
196.26
196.63
197.00
197.39
197.81
198.19
198.58
198.96
199.37
199.75
200.18
200.59
201.02
201.44
201.85
202.23
202.64
203.04
203.41
203.84
204.27
204.71
205.15
205.58
205.98
206.40
206.82
207.23
207.63
208.03
208.40
208.77
209.14
209.54
209.91
210.29
210.70
211.14
211.59
212.01
212.46
212.90
213.32
213.72
214.16
214.58
214.99
215.41
215.88
216.34
216.80
217.22
217.66
218.09
218.50
218.94
219.34
219.75
220.22
220.67
221.15
221.59
222.03
222.47
222.89
223.33
223.77
224.20
224.61
225.02
225.44
225.84
226.26
226.70
227.11
227.53
227.93
228.35
228.79
229.23
229.69
230.11
230.54
230.99
231.43
231.83
232.25
232.69
233.11
233.50
233.87
234.24
234.61
235.01
235.38
235.75
236.14
236.53
236.89
237.24
237.63
238.02
238.43
238.82
239.26
239.73
240.19
240.61
241.12
241.63
242.11
242.60
243.09
243.58
244.02
244.46
244.95
245.39
245.88
246.36
246.85
247.34
247.81
248.24
248.71
249.15
249.64
250.03
250.47
250.89
251.24
251.56
251.94
252.31
252.70
253.12
253.49
253.88
254.24
254.58
254.96
255.35
255.67
256.05
256.39
256.74
257.09
257.42
257.73
258.11
258.47
258.86
259.25
259.62
259.99
260.34
260.69
261.09
261.49
261.99
262.48
262.99
263.48
263.96
264.45
264.94
265.43
265.91
266.44
266.96
267.45
268.00
268.56
269.12
269.70
270.23
270.77
271.33
271.86
272.44
272.97
273.53
274.08
274.62
275.18
275.78
276.34
276.90
277.46
278.01
278.57
279.08
279.63
280.22
280.82
281.38
281.91
282.47
283.03
283.59
284.14
284.68
285.23
285.81
286.36
286.91
287.45
288.00
