# Beats
0.43
0.88
1.34
1.79
2.23
2.67
3.11
3.58
4.02
4.47
4.92
5.36
5.77
6.22
6.68
7.11
7.57
8.02
8.45
8.87
9.28
9.78
10.24
10.66
11.08
11.52
11.94
12.38
12.84
13.31
13.78
14.26
14.72
15.19
15.64
16.08
16.51
16.90
17.35
17.84
18.34
18.82
19.35
19.85
20.34
20.83
21.34
21.84
22.31
22.83
23.37
23.86
24.31
24.75
25.33
25.94
26.54
27.14
27.72
28.31
28.86
29.47
29.95
30.49
30.98
31.42
31.88
32.35
32.83
33.27
33.74
34.18
34.64
35.11
35.58
35.99
36.42
36.85
37.31
37.83
38.31
38.78
39.23
39.67
40.12
40.57
41.01
41.49
42.03
42.55
43.05
43.48
43.91
44.33
44.79
45.26
45.74
46.18
46.63
47.07
47.51
47.95
48.39
48.81
49.13
49.48
49.83
50.18
50.55
50.90
51.22
51.59
51.94
52.27
52.57
52.92
53.24
53.68
54.11
54.61
55.01
55.36
55.70
56.05
56.45
56.82
57.19
57.54
57.90
58.20
58.53
58.89
59.28
59.65
60.04
60.37
60.74
61.11
61.49
61.88
62.25
62.60
62.93
63.25
63.60
63.95
64.28
64.69
65.06
65.43
65.81
66.18
66.55
66.92
67.29
67.66
68.03
68.41
68.78
69.15
69.52
69.89
