# Beats
0.45
0.92
1.38
1.85
2.31
2.77
3.24
3.70
4.17
4.57
4.98
5.40
5.80
6.23
6.66
7.08
7.51
7.94
8.38
8.82
9.40
9.98
10.69
11.40
12.12
12.83
13.48
14.13
14.78
15.42
16.04
16.67
17.29
17.89
18.51
19.11
19.73
20.33
20.97
21.61
22.24
22.87
23.51
24.15
24.79
25.41
26.04
26.68
27.35
28.03
28.70
29.37
30.01
30.65
31.23
31.81
32.38
32.95
33.53
34.11
34.68
35.26
35.84
36.42
37.00
37.58
38.17
38.77
39.36
39.94
40.43
40.93
41.41
41.84
42.27
42.70
43.10
43.48
43.86
44.25
44.63
45.00
45.37
45.74
46.11
46.49
46.85
47.22
47.59
47.95
48.31
48.68
49.15
49.61
50.07
50.60
51.12
51.64
52.15
52.66
53.17
53.68
54.20
54.69
55.21
55.70
56.22
56.74
57.26
57.78
58.32
58.86
59.41
59.95
60.49
61.02
61.57
62.11
62.67
63.22
63.77
64.18
64.57
64.98
65.39
65.78
66.19
66.59
67.01
67.42
67.81
68.22
68.63
69.04
69.46
69.87
70.29
70.70
71.12
71.53
71.94
72.34
72.75
73.15
73.56
73.97
74.36
74.77
75.19
75.60
76.05
76.50
76.95
77.46
77.97
78.50
79.02
79.51
79.98
80.46
80.93
81.43
81.95
82.47
82.98
83.46
83.95
84.44
84.93
85.41
85.91
86.41
86.91
87.40
87.89
88.36
88.85
89.33
89.80
90.29
90.78
91.27
91.75
92.31
92.86
93.40
93.95
94.49
95.03
95.55
96.07
96.61
97.13
97.66
98.20
98.72
99.25
99.86
100.46
101.06
101.67
102.27
102.92
103.57
104.18
104.79
105.41
106.01
106.61
107.22
107.82
108.41
109.01
109.61
110.20
110.79
111.39
111.98
112.58
113.19
113.79
114.39
114.99
115.58
116.16
116.74
117.40
118.05
118.70
119.44
120.17
120.89
121.61
122.32
123.03
123.73
124.42
125.05
125.67
126.28
126.76
127.23
127.70
128.16
128.62
129.07
129.51
129.95
130.40
130.81
131.22
131.63
132.04
132.44
132.83
133.24
133.64
134.07
134.50
134.93
135.37
135.80
136.22
136.64
137.08
137.53
137.98
138.46
138.94
139.41
139.88
140.33
140.78
141.29
141.80
142.32
142.79
143.26
143.73
144.22
144.72
145.22
145.73
146.24
146.75
147.33
147.92
148.53
149.11
149.69
150.28
150.86
151.44
152.02
152.61
153.29
153.95
154.60
155.25
155.91
156.49
157.07
157.65
158.23
158.81
159.38
159.95
160.57
161.18
161.80
162.32
162.84
163.36
163.90
164.42
164.94
165.40
165.85
166.30
166.75
167.21
167.66
168.09
168.52
168.95
169.38
169.81
170.23
170.64
171.07
171.50
171.93
172.36
172.80
173.24
173.67
174.14
174.60
175.07
175.57
176.05
176.54
177.03
177.53
178.02
178.52
179.01
179.51
179.93
180.35
180.77
181.19
181.60
182.02
182.44
182.87
183.29
183.72
184.13
184.55
184.97
185.39
185.85
186.31
186.76
187.21
187.77
188.33
188.88
189.44
189.99
190.53
191.08
191.63
192.18
192.73
193.28
193.84
194.40
194.94
195.50
196.07
196.52
196.96
197.40
197.85
198.29
198.73
199.15
199.56
199.99
200.41
200.82
201.24
201.65
202.07
202.49
202.90
203.30
203.73
204.17
204.61
205.06
205.48
205.93
206.36
206.79
207.23
207.68
208.12
208.57
209.01
209.44
209.86
210.28
210.70
211.14
211.59
212.03
212.46
212.89
213.33
213.77
214.23
214.68
215.13
215.57
216.00
216.44
216.89
217.33
217.77
218.20
218.62
219.03
219.45
219.88
220.29
220.69
221.10
221.51
221.91
222.32
222.73
223.18
223.63
224.08
224.54
224.99
225.44
225.90
226.35
226.81
227.27
227.73
228.19
228.65
229.12
229.60
230.07
230.55
231.04
231.51
231.99
232.47
232.93
233.41
233.89
234.37
234.85
235.33
235.82
236.31
236.80
237.28
237.77
238.24
238.71
239.19
239.66
240.14
240.61
241.08
241.57
242.04
242.53
243.01
243.50
243.98
244.47
244.97
245.42
245.89
246.34
246.80
247.27
247.73
248.20
248.66
249.12
249.57
250.01
250.46
250.91
251.37
251.83
252.28
252.83
253.38
253.92
254.47
255.00
255.55
256.08
256.62
257.09
257.54
258.00
258.44
258.91
259.38
259.83
260.27
260.73
261.18
261.65
262.12
262.59
263.04
263.47
263.89
264.32
264.75
265.18
265.60
266.03
266.46
266.89
267.31
267.74
268.17
268.61
269.07
269.54
270.01
270.51
271.01
271.51
272.13
272.74
273.37
274.00
274.62
275.23
275.83
276.43
277.05
277.66
278.27
278.88
279.43
279.97
280.52
281.07
281.62
282.17
282.71
283.26
283.81
284.39
284.97
285.55
286.13
286.70
287.15
287.60
288.04
288.48
288.91
289.36
289.80
290.24
290.67
291.10
291.53
291.96
292.40
292.80
293.22
293.63
294.03
294.44
294.85
295.25
295.66
296.07
296.47
296.88
297.30
297.70
298.11
298.52
298.92
299.34
299.76
300.16
300.59
301.02
301.45
301.88
302.31
302.74
303.17
303.60
304.01
304.43
304.85
305.28
305.71
306.13
306.53
306.92
307.32
307.71
308.09
308.48
308.86
309.30
309.74
310.18
310.62
311.07
311.51
