# Beats
0.37
0.75
1.14
1.51
1.88
2.26
2.64
3.00
3.34
3.70
4.08
4.45
4.81
5.15
5.50
5.85
6.19
6.52
6.87
7.22
7.58
7.92
8.28
8.61
8.96
9.30
9.65
9.98
10.31
10.66
11.02
11.38
11.73
12.13
12.53
12.91
13.37
13.84
14.29
14.76
15.20
15.65
16.09
16.60
17.09
17.57
18.05
18.55
19.04
19.52
19.99
20.48
20.98
21.49
22.01
22.56
23.08
23.61
24.08
24.52
24.96
25.43
25.89
26.34
26.84
27.35
27.86
28.36
28.86
29.36
29.86
30.37
30.88
31.38
31.89
32.42
32.89
33.37
33.85
34.34
34.81
35.29
35.76
36.22
36.69
37.16
37.64
38.12
38.60
39.10
39.61
40.15
40.65
41.16
41.64
42.14
42.66
43.14
43.63
44.12
44.59
45.07
45.56
46.05
46.60
47.16
47.76
48.34
48.95
49.54
50.13
50.72
51.32
51.92
52.48
53.06
53.71
54.36
55.01
55.66
56.30
56.96
57.60
58.24
58.89
59.54
60.17
60.84
61.49
62.14
62.79
63.45
64.12
64.78
65.45
66.11
66.76
67.34
67.92
68.49
69.06
69.63
70.26
70.89
71.49
72.12
72.74
73.35
73.97
74.54
75.09
75.66
76.25
76.82
77.38
77.95
78.52
79.11
79.70
80.27
80.84
81.41
81.99
82.56
83.15
83.67
84.20
84.73
85.25
85.77
86.29
86.81
87.33
87.81
88.29
88.77
89.23
89.71
90.19
90.66
91.14
91.60
92.07
92.58
93.09
93.61
94.13
94.66
95.16
95.67
96.18
96.68
97.19
97.71
98.16
98.62
99.06
99.50
99.85
100.19
100.54
100.90
101.26
101.62
101.99
102.35
102.75
103.15
103.56
103.96
104.34
104.75
105.14
105.53
105.91
106.29
106.67
107.11
107.57
108.00
108.44
108.88
109.31
109.76
110.23
110.69
111.14
111.71
112.27
112.83
113.38
113.95
114.51
115.05
115.61
116.16
116.68
117.21
117.64
118.07
118.49
118.91
119.36
119.81
120.27
120.70
121.14
121.58
122.06
122.52
123.00
123.51
124.02
124.53
125.05
125.59
126.13
126.69
127.23
127.85
128.46
129.08
129.68
130.29
130.89
131.48
132.10
132.64
133.17
133.68
134.18
134.70
135.21
135.74
136.29
136.74
137.18
137.62
138.08
138.52
138.96
139.40
139.85
140.32
140.81
141.27
141.75
142.23
142.74
143.27
143.79
144.40
145.01
145.64
146.26
146.90
147.52
148.14
148.76
149.37
149.98
150.59
151.21
151.84
152.49
153.12
153.75
154.39
155.03
155.64
156.27
156.90
157.51
158.12
158.71
159.29
159.89
160.47
161.04
161.60
162.17
162.74
163.31
163.86
164.42
164.99
165.56
166.12
166.64
167.16
167.69
168.25
168.81
169.34
169.90
170.43
170.97
171.50
172.04
172.58
173.13
173.67
174.17
174.67
175.17
175.67
176.17
176.67
177.17
