# Beats
0.56
1.14
1.72
2.30
2.86
3.39
3.91
4.45
4.95
5.42
5.90
6.36
6.83
7.29
7.79
8.29
8.79
9.29
9.79
10.29
10.79
11.28
11.78
12.28
12.79
13.28
13.77
14.26
14.73
15.21
15.70
16.18
16.67
17.16
17.65
18.15
18.62
19.09
19.56
20.03
20.49
21.00
21.52
22.04
22.52
23.00
23.48
23.97
24.44
24.92
25.40
25.88
26.35
26.85
27.33
27.82
28.31
28.79
29.27
29.77
30.23
30.72
31.21
31.70
32.16
32.64
33.13
33.62
34.11
34.42
34.75
35.07
35.39
35.71
36.04
36.36
36.69
37.01
37.34
37.66
37.96
38.29
38.61
38.94
39.26
39.59
39.90
40.22
40.54
40.89
41.22
41.61
41.98
42.35
42.74
43.12
43.50
43.89
44.28
44.65
45.04
45.44
45.86
46.23
46.61
46.99
47.36
47.74
48.11
48.48
48.85
49.23
49.59
49.96
50.32
50.69
51.06
51.44
51.83
52.18
52.52
52.87
53.22
53.58
53.93
54.28
54.64
54.98
55.33
55.69
56.04
56.47
56.89
57.31
57.72
58.24
58.73
59.25
59.81
60.37
60.94
61.51
62.09
62.66
63.25
63.84
64.41
64.99
65.57
66.15
66.73
67.27
67.80
68.34
68.88
69.40
69.92
70.45
70.98
71.54
72.10
72.67
73.22
73.79
74.37
74.95
75.53
76.12
76.70
77.28
77.86
78.44
78.99
79.55
80.12
80.62
81.12
81.62
82.11
82.60
83.10
83.48
83.84
84.22
84.60
84.96
85.31
85.66
86.01
86.34
86.67
87.01
87.34
87.68
88.04
88.40
88.75
89.09
89.44
89.80
90.14
90.49
90.85
91.18
91.51
91.85
92.26
92.68
93.11
93.54
93.97
94.39
94.81
95.23
95.64
96.06
96.46
96.87
97.28
97.70
98.12
98.52
98.95
99.38
99.80
100.22
100.64
101.05
101.46
101.87
102.27
102.69
103.12
103.53
103.93
104.30
104.68
105.05
105.41
105.80
106.21
106.61
107.07
107.53
108.00
108.47
108.92
109.38
109.84
110.32
110.81
111.30
111.83
112.35
112.87
113.38
113.91
114.43
114.95
115.45
115.96
116.47
116.98
117.59
118.19
118.79
119.37
119.95
120.53
121.12
121.70
122.28
122.86
123.46
124.06
124.66
125.19
125.71
126.24
126.78
127.33
127.87
128.43
128.99
129.54
130.10
130.67
131.18
131.68
132.18
132.68
133.19
133.69
134.20
134.70
135.20
135.70
136.21
136.71
137.21
137.69
138.18
138.67
139.17
139.68
140.16
140.62
141.08
141.55
142.02
142.50
142.97
143.43
143.92
144.29
144.66
145.00
145.36
145.69
146.05
146.43
146.80
147.17
147.57
147.98
148.38
