# Beats
0.43
0.88
1.32
1.76
2.21
2.65
3.05
3.46
3.87
4.27
4.70
5.13
5.56
5.97
6.37
6.78
7.19
7.59
7.99
8.37
8.75
9.13
9.53
9.94
10.33
10.73
11.12
11.52
11.89
12.26
12.63
13.00
13.40
13.79
14.19
14.59
15.00
15.39
15.81
16.21
16.60
17.00
17.40
17.81
18.20
18.62
19.02
19.40
19.80
20.19
20.57
20.97
21.35
21.73
22.13
22.52
22.93
23.35
23.75
24.17
24.59
25.01
25.40
25.81
26.24
26.64
27.06
27.47
27.89
28.33
28.75
29.16
29.58
29.99
30.41
30.81
31.22
31.63
32.03
32.43
32.81
33.18
33.55
33.92
34.30
34.67
35.04
35.42
35.78
36.13
36.49
36.85
37.21
37.57
37.92
38.27
38.63
38.96
39.31
39.65
39.98
40.33
40.68
41.03
41.38
41.71
42.05
42.40
42.72
43.07
43.42
43.75
44.09
44.43
44.77
45.09
45.44
45.78
46.11
46.46
46.81
47.16
47.51
47.86
48.20
48.54
48.90
49.26
49.62
49.97
50.32
50.65
51.00
51.35
51.70
52.06
52.43
52.81
53.17
53.55
53.91
54.27
54.64
54.98
55.32
55.66
56.01
56.34
56.69
57.04
57.39
57.74
58.11
58.47
58.84
59.21
59.63
60.04
60.48
60.92
61.34
61.74
62.15
62.57
62.98
63.40
63.90
64.37
64.83
65.29
65.78
66.27
66.76
67.26
67.76
68.26
68.75
69.24
69.73
70.19
70.66
71.13
71.61
72.09
72.56
73.05
73.51
73.98
74.44
74.91
75.38
75.85
76.31
76.77
77.23
77.69
78.15
78.60
79.05
79.52
79.97
80.42
80.88
81.32
81.85
82.38
82.92
83.48
84.03
84.63
85.19
85.76
86.33
86.90
87.42
87.93
88.47
88.98
89.52
90.07
90.60
91.12
91.63
92.14
92.62
93.11
93.60
94.09
94.56
95.05
95.50
95.97
96.43
96.91
97.38
97.85
98.31
98.80
99.28
99.75
100.23
100.70
101.24
101.77
102.32
102.85
103.39
103.92
104.43
104.94
105.45
106.00
106.54
107.09
107.65
108.18
108.72
109.25
109.78
110.32
110.85
111.41
111.85
112.31
112.76
113.17
113.60
114.03
114.45
114.89
115.31
115.73
116.15
116.54
116.95
117.35
117.75
118.14
118.56
118.97
119.37
119.79
120.19
120.71
121.24
121.79
122.30
122.81
123.30
123.79
124.27
124.78
125.29
125.79
126.29
126.79
127.29
127.84
128.38
128.93
129.49
130.03
130.59
131.15
131.68
132.23
132.84
133.46
134.08
134.70
135.33
135.95
136.57
137.08
137.59
138.09
138.60
139.09
139.60
140.03
140.46
140.89
141.26
141.62
141.98
142.33
142.69
143.05
143.41
143.75
144.09
144.43
144.75
145.10
145.45
145.79
146.12
146.47
146.82
147.18
147.52
147.86
148.20
148.54
148.86
149.20
149.55
149.90
150.24
150.58
150.93
151.25
151.60
151.95
152.31
152.65
152.97
153.30
153.62
153.97
154.31
154.67
155.02
155.36
155.69
156.03
156.36
156.70
157.04
157.37
157.71
158.06
158.41
158.75
159.08
159.40
159.73
160.06
160.39
160.76
161.12
161.49
161.88
162.27
162.66
163.03
163.38
163.76
164.13
164.49
164.85
165.22
165.60
165.98
166.49
167.00
167.51
168.03
168.53
169.04
169.55
170.04
170.56
171.14
171.71
172.27
172.84
173.38
173.94
174.50
175.06
175.61
176.17
176.73
177.27
177.84
178.52
179.20
179.88
180.58
181.28
181.96
182.64
183.32
183.99
184.67
185.35
186.04
186.71
187.41
188.09
188.78
189.47
190.17
190.86
191.55
192.21
192.89
193.55
194.23
194.91
195.58
196.28
196.97
197.67
198.36
199.05
199.74
200.41
201.08
201.76
202.44
203.13
203.82
204.51
205.19
205.87
206.55
207.23
207.91
208.58
209.27
209.95
210.65
211.35
212.03
212.73
213.43
214.13
214.83
215.50
216.17
216.84
217.51
218.17
218.85
219.53
220.23
220.91
221.59
222.26
222.93
223.63
224.32
225.00
225.70
226.34
227.00
227.69
228.39
229.09
229.78
230.37
230.95
231.51
232.07
232.63
233.17
233.71
234.24
234.78
235.22
235.65
236.09
236.54
237.01
237.47
237.92
238.40
238.86
239.26
239.65
240.04
240.42
240.81
241.20
241.58
241.98
242.36
242.75
243.16
243.55
243.89
244.24
244.58
244.90
245.23
245.57
245.92
246.28
246.64
247.01
247.39
247.73
248.08
248.43
248.79
249.16
249.52
249.87
250.21
250.53
250.87
251.21
251.54
251.89
252.23
252.56
252.89
253.21
253.55
253.89
254.24
254.58
254.92
255.27
255.61
255.94
256.28
256.62
256.95
257.31
257.67
258.02
258.36
258.69
259.03
259.37
259.70
260.04
260.39
260.73
261.06
261.41
261.76
262.11
262.46
262.80
263.19
263.57
263.94
264.31
264.68
265.06
265.44
265.81
266.22
266.63
267.08
267.49
267.91
268.32
268.72
269.13
269.54
269.96
270.40
270.84
271.28
271.70
272.14
272.58
273.02
273.46
273.90
274.34
274.78
275.23
