# Beats
0.46
0.94
1.42
1.89
2.36
2.82
3.31
3.80
4.46
5.11
5.75
6.39
7.02
7.66
8.31
8.94
9.57
10.18
10.75
11.31
11.91
12.50
13.10
13.70
14.33
14.94
15.55
16.14
16.73
17.32
17.93
18.53
19.13
19.81
20.46
21.11
21.76
22.41
23.08
23.75
24.25
24.75
25.29
25.82
26.35
26.80
27.21
27.65
28.10
28.55
28.99
29.44
29.87
30.29
30.72
31.13
31.58
32.02
32.47
32.93
33.37
33.81
34.25
34.69
35.13
35.57
35.97
36.36
36.76
37.16
37.57
37.98
38.38
38.82
39.25
39.68
40.12
40.57
41.01
41.45
41.88
42.31
42.72
43.12
43.51
43.92
44.33
44.81
45.28
45.75
46.23
46.70
47.16
47.72
48.27
48.83
49.41
50.00
50.58
51.15
51.73
52.38
53.05
53.71
54.37
55.09
55.81
56.55
57.27
58.00
58.73
59.44
60.15
60.86
61.58
62.30
63.01
63.72
64.26
64.81
65.36
65.90
66.43
66.97
67.48
67.99
68.51
69.02
69.52
70.01
70.52
71.03
71.52
72.03
72.52
73.03
73.53
74.04
74.54
75.04
75.53
76.03
76.53
77.03
77.44
77.82
78.20
78.59
78.95
79.32
79.69
80.06
80.42
80.78
81.15
81.51
81.89
82.26
82.62
82.99
83.41
83.84
84.31
84.81
85.31
85.81
86.36
86.90
87.45
88.15
88.86
89.54
90.21
90.88
91.56
92.24
92.93
93.60
94.27
94.96
95.64
96.32
96.99
97.67
98.36
99.03
99.73
100.46
101.26
102.10
102.88
103.65
104.34
105.02
105.64
106.25
106.86
107.43
108.00
108.50
109.01
109.52
110.02
110.52
111.01
111.53
112.04
112.55
113.01
113.46
113.93
114.38
114.85
115.33
115.80
116.26
116.72
117.18
117.70
118.20
118.71
119.19
119.68
120.16
120.66
121.16
121.65
122.04
122.44
122.83
123.21
123.60
123.97
124.35
124.75
125.14
125.53
125.90
126.28
126.66
127.04
127.42
127.80
128.20
128.59
128.99
129.44
129.89
130.37
130.82
131.29
131.76
132.21
132.68
133.14
133.61
134.14
134.68
135.19
135.72
136.27
136.84
137.40
137.97
138.50
139.02
139.54
140.06
140.59
141.11
141.63
142.15
142.70
143.27
143.82
144.35
144.87
145.39
145.94
146.47
146.99
147.52
148.03
148.62
149.23
149.85
150.53
151.22
151.90
152.58
153.26
153.94
154.62
155.32
156.01
156.71
157.40
158.08
158.75
159.43
160.11
160.80
161.48
162.16
162.82
163.48
164.15
164.84
165.54
166.23
166.94
167.62
168.32
169.02
169.69
170.39
171.07
171.78
172.48
173.17
173.88
174.59
175.29
175.97
176.66
177.30
177.96
178.52
179.07
179.65
180.29
180.92
181.53
182.16
182.79
183.43
184.04
184.55
185.06
185.57
186.06
186.54
187.01
187.47
187.92
188.37
188.82
189.27
189.72
190.19
190.61
191.03
191.45
191.87
192.26
192.63
193.03
193.38
193.72
194.07
194.42
194.77
195.11
195.47
195.81
196.16
196.52
196.88
197.23
197.58
197.93
198.28
198.62
198.95
199.30
199.65
199.98
200.34
200.70
201.06
201.42
201.80
202.15
202.52
202.90
203.24
203.62
203.99
204.36
204.74
205.13
205.47
205.81
206.15
206.50
206.85
207.23
207.61
207.98
208.35
208.69
209.05
209.39
209.75
210.09
210.45
210.81
211.20
211.57
211.93
212.28
212.68
213.11
213.54
213.97
214.39
214.80
215.21
215.63
216.04
216.44
216.85
217.27
217.69
218.11
218.52
218.94
219.36
219.78
220.18
220.59
221.00
221.40
221.81
