# Beats
0.49
0.99
1.47
1.96
2.46
2.96
3.41
3.87
4.32
4.77
5.22
5.68
6.13
6.57
7.01
7.45
7.89
8.34
8.75
9.25
9.78
10.31
10.82
11.35
11.89
12.41
12.95
13.54
14.14
14.76
15.44
16.11
16.82
17.51
18.18
18.85
19.53
20.20
20.87
21.57
22.27
23.00
23.80
24.58
25.34
26.12
26.82
27.52
28.21
28.87
29.55
30.14
30.74
31.28
31.82
32.37
32.90
33.44
33.97
34.50
35.04
35.55
36.06
36.59
37.13
37.58
38.03
38.48
38.94
39.42
39.87
40.34
40.82
41.29
41.76
42.24
42.72
43.19
43.64
44.09
44.56
45.04
45.50
45.95
46.36
46.74
47.14
47.53
47.96
48.40
48.84
49.38
49.92
50.47
51.01
51.55
52.06
52.59
53.13
53.65
54.20
54.76
55.26
55.76
56.26
56.74
57.24
57.72
58.21
58.70
59.19
59.63
60.08
60.53
61.00
61.46
61.94
62.40
62.83
63.27
63.72
64.17
64.62
65.06
65.50
65.94
66.37
66.80
67.24
67.69
68.13
68.57
69.01
69.45
69.94
70.43
70.91
71.40
71.89
72.38
72.83
73.26
73.69
74.14
74.57
75.00
75.43
75.85
76.27
76.67
77.09
77.53
78.00
78.46
78.89
79.30
79.71
80.13
80.55
80.97
81.40
81.85
82.31
82.81
83.30
83.78
84.22
84.67
85.12
85.59
86.05
86.49
86.94
87.38
87.82
88.25
88.69
89.12
89.58
90.06
90.53
91.05
91.53
92.06
92.55
93.05
93.62
94.16
94.69
95.25
95.81
96.35
96.90
97.44
97.99
