# Beats
0.48
0.95
1.44
1.93
2.40
2.88
3.38
3.89
4.46
5.03
5.58
6.13
6.68
7.22
7.76
8.29
8.82
9.32
9.82
10.32
10.75
11.18
11.61
12.04
12.47
12.90
13.32
13.73
14.15
14.57
15.00
15.44
15.88
16.31
16.76
17.22
17.66
18.11
18.55
18.99
19.45
19.89
20.33
20.77
21.13
21.49
21.85
22.29
22.71
23.13
23.56
23.99
24.42
24.85
25.26
25.68
26.10
26.52
26.94
27.35
27.77
28.19
28.60
29.00
29.41
29.83
30.24
30.66
31.08
31.46
31.86
32.25
32.64
33.02
33.40
33.79
34.17
34.55
34.93
35.32
35.71
36.10
36.49
36.88
37.36
37.83
38.29
38.75
39.22
39.68
40.15
40.61
41.08
41.54
42.04
42.54
43.04
43.53
44.01
44.50
45.00
45.49
45.98
46.44
46.90
47.37
47.83
48.30
48.76
49.23
49.69
50.16
50.68
51.20
51.73
52.26
52.79
53.31
53.84
54.36
54.89
55.40
55.91
56.44
56.87
57.30
57.72
58.14
58.56
58.98
59.50
60.02
60.55
61.13
61.71
62.29
62.88
63.46
64.06
64.67
65.27
65.91
66.55
67.20
67.85
68.53
69.22
69.90
70.58
71.25
71.97
72.68
73.39
74.09
74.79
75.49
76.18
76.88
77.55
78.23
78.89
79.55
80.21
80.89
81.56
82.25
82.92
83.60
84.28
84.96
85.64
86.32
87.01
87.69
88.38
89.06
89.75
90.44
91.12
91.79
92.46
93.15
93.83
94.53
95.21
95.90
96.58
97.27
97.95
98.64
99.32
100.01
100.68
101.37
102.04
102.73
103.41
104.10
104.78
105.45
106.14
106.81
107.50
108.19
108.88
109.56
110.25
110.93
111.60
112.27
112.95
113.64
114.32
115.01
115.71
116.39
117.08
117.76
118.44
119.13
119.81
120.50
121.18
121.88
122.58
123.26
123.95
124.63
125.33
126.01
126.71
127.41
128.10
128.80
129.36
129.92
130.47
131.03
131.59
132.14
132.69
133.24
133.78
134.33
134.88
135.43
135.98
136.52
137.06
137.59
138.12
138.66
139.19
139.78
140.38
140.97
141.66
142.37
143.07
143.78
144.45
145.12
145.80
146.47
147.13
147.80
148.46
149.12
149.78
150.48
151.16
151.86
152.56
153.25
153.95
154.71
155.47
156.15
156.85
157.55
158.23
158.92
159.61
160.31
160.98
161.67
162.34
163.02
163.68
164.36
165.05
165.73
166.42
167.11
167.81
168.43
169.04
169.59
170.13
170.68
171.24
171.78
172.33
172.87
