# Beats
0.46
0.94
1.42
1.89
2.38
2.87
3.36
3.83
4.34
4.83
5.33
5.84
6.36
6.87
7.40
7.91
8.43
9.01
9.59
10.17
10.75
11.33
11.91
12.49
13.07
13.61
14.15
14.70
15.23
15.78
16.32
16.86
17.40
17.89
18.37
18.83
19.31
19.67
20.05
20.43
20.83
21.21
21.57
21.94
22.33
22.70
23.07
23.45
23.82
24.17
24.52
24.88
25.24
25.61
25.97
26.33
26.70
27.05
27.40
27.76
28.11
28.46
28.82
29.16
29.52
29.88
30.24
30.59
30.95
31.30
31.65
32.00
32.36
32.71
33.07
33.41
33.79
34.16
34.52
34.89
35.25
35.62
35.97
36.33
36.69
37.05
37.43
37.80
38.16
38.53
38.89
39.24
39.59
39.95
40.31
40.66
41.02
41.38
41.74
42.10
42.46
42.82
43.18
43.55
43.92
44.29
44.74
45.19
45.63
46.08
46.52
46.95
47.38
47.82
48.26
48.69
49.06
49.46
49.85
50.25
50.64
51.03
51.41
51.80
52.19
52.57
52.98
53.38
53.74
54.11
54.50
54.87
55.23
55.58
55.93
56.27
56.63
57.00
57.36
57.75
58.11
58.47
58.84
59.21
59.58
59.94
60.30
60.67
61.02
61.37
61.74
62.11
62.52
62.95
63.37
63.80
64.26
64.71
65.18
65.65
66.11
66.57
67.02
67.48
67.92
68.35
68.72
69.09
69.47
69.85
70.22
70.58
70.93
71.29
71.67
72.05
72.43
72.79
73.21
73.64
74.06
74.48
74.91
75.34
75.76
76.16
76.57
76.97
77.35
77.72
78.07
78.44
78.81
79.18
79.55
79.92
80.29
80.65
81.01
81.37
81.75
82.12
82.48
82.84
83.20
83.56
83.92
84.28
84.64
85.00
85.36
85.70
86.08
86.54
86.99
87.46
87.84
88.24
88.63
89.03
89.41
89.77
90.14
90.51
90.88
91.27
91.65
92.03
92.40
92.79
93.16
93.53
93.90
94.27
94.64
95.02
95.38
95.75
96.12
96.50
96.87
97.27
97.64
98.03
98.41
98.80
99.17
99.54
99.92
100.29
100.66
101.04
101.42
101.81
102.19
102.56
102.93
103.31
103.68
104.05
104.43
104.81
105.19
105.56
105.94
106.32
106.72
107.09
107.45
107.81
108.18
108.55
108.92
109.30
109.68
110.06
110.42
110.79
111.18
111.55
111.93
112.31
112.67
113.06
113.43
113.81
114.20
114.57
114.94
115.30
115.67
116.05
116.42
116.80
117.18
117.56
117.93
118.31
118.68
119.05
119.42
119.80
120.19
120.58
120.96
121.35
121.74
122.17
122.60
123.04
123.61
124.16
124.71
125.27
125.83
126.40
126.97
127.54
128.10
128.67
129.24
129.80
130.33
130.88
131.42
131.95
132.47
132.98
133.50
134.03
134.56
135.08
135.62
136.14
136.74
137.33
137.93
138.54
139.13
139.74
140.34
140.95
141.50
142.04
142.57
143.10
143.65
144.22
144.79
145.35
145.98
146.61
147.25
147.89
148.51
149.15
149.79
150.42
151.05
151.63
152.21
152.76
153.34
153.93
154.49
155.06
155.63
156.20
156.77
157.35
157.92
158.48
159.03
159.59
160.14
160.68
161.20
161.74
162.42
163.12
163.82
164.54
165.24
165.98
166.72
167.45
168.33
169.23
170.11
170.99
171.90
172.79
173.71
174.60
175.50
176.39
177.28
178.17
179.05
179.94
180.84
181.74
182.62
183.52
184.41
185.32
186.21
187.09
187.99
188.89
189.78
190.68
191.58
192.47
193.35
194.23
195.12
196.00
196.91
197.79
198.69
199.58
200.47
201.36
202.26
203.16
204.06
204.95
205.84
206.74
207.61
208.48
209.37
210.26
211.16
212.06
212.95
213.86
214.76
215.64
216.55
217.43
218.34
219.23
220.13
221.03
221.94
222.83
223.72
224.61
225.51
226.41
227.30
228.17
229.04
229.95
230.84
231.72
232.62
233.52
234.42
235.31
236.19
237.08
237.98
238.85
239.75
240.64
241.34
242.04
242.76
243.47
244.10
244.73
245.37
245.99
246.62
247.19
247.73
248.28
248.85
249.41
249.89
250.38
250.86
251.33
251.81
252.28
252.75
253.23
253.70
254.18
254.65
255.14
255.62
256.10
256.58
257.04
257.51
257.96
258.41
258.82
259.22
259.63
260.04
260.41
260.78
261.15
261.55
261.94
262.34
262.73
263.16
263.62
264.06
264.50
264.94
265.38
265.82
266.26
266.70
267.15
267.59
268.03
268.47
269.00
269.53
270.06
270.59
271.12
271.65
272.21
272.76
273.30
273.83
274.37
274.91
275.42
275.92
276.42
276.92
277.43
277.95
278.48
278.99
279.46
279.94
280.43
280.90
281.38
281.87
282.33
282.77
283.23
283.68
284.11
284.55
284.98
285.40
285.81
286.23
286.65
287.07
287.49
287.93
288.37
288.81
289.23
289.65
290.13
290.62
291.11
291.67
292.22
292.85
293.48
294.10
294.73
295.38
296.02
296.65
297.24
297.82
298.41
299.05
299.71
300.35
300.99
301.63
302.28
302.94
