# Beats
0.53
1.07
1.60
2.14
2.65
3.15
3.65
4.17
4.69
5.21
5.74
6.27
6.80
7.34
7.78
8.24
8.70
9.08
9.47
9.87
10.26
10.65
11.02
11.40
11.77
12.14
12.52
12.89
13.26
13.57
13.89
14.21
14.54
14.87
15.22
15.56
15.91
16.23
16.57
16.92
17.23
17.55
17.89
18.22
18.55
18.89
19.37
19.83
20.28
20.75
21.21
21.69
22.18
22.71
23.22
23.73
24.26
24.82
25.38
25.95
26.49
27.05
27.61
28.17
28.71
29.28
29.84
30.39
30.93
31.46
32.00
32.51
33.04
33.56
34.09
34.77
35.43
36.15
36.90
37.63
38.36
39.08
39.80
40.52
41.26
41.98
42.72
43.47
44.20
44.91
45.63
46.28
46.92
47.54
48.11
48.68
49.25
49.81
50.36
50.92
51.48
52.05
52.60
53.17
53.73
54.30
54.87
55.44
56.03
56.59
57.17
57.72
58.27
58.83
59.37
59.93
60.48
61.09
61.70
62.30
62.97
63.65
64.32
64.99
65.67
66.34
67.02
67.71
68.36
69.01
69.66
70.25
70.84
71.47
72.10
72.70
73.33
73.96
74.58
75.21
75.86
76.51
77.16
77.68
78.20
78.75
79.23
79.67
80.11
80.56
81.01
81.44
81.87
82.31
82.76
83.21
83.65
84.08
84.53
84.99
85.40
85.83
86.26
86.68
87.11
87.52
87.91
88.33
88.75
89.16
89.58
90.00
90.41
90.84
91.23
91.61
92.02
92.42
92.82
93.23
93.62
93.99
94.39
94.77
95.16
95.54
95.92
96.29
96.65
97.04
97.41
97.80
98.17
98.55
98.93
99.31
99.71
100.12
100.54
100.96
101.41
101.87
102.28
102.75
103.21
103.68
104.21
104.75
105.26
105.77
106.27
106.77
107.25
107.76
108.27
108.73
109.18
109.62
110.06
110.50
110.94
111.40
111.84
112.27
112.72
113.17
113.62
114.08
114.59
115.10
115.64
116.18
116.73
117.27
117.82
118.38
118.91
119.44
119.98
120.55
121.12
121.67
122.17
122.68
123.18
123.58
123.97
124.37
124.75
125.14
125.53
125.91
126.29
126.66
127.06
127.43
127.80
128.19
128.59
128.99
129.37
129.73
130.10
130.47
130.88
131.26
131.63
132.01
132.39
132.77
133.17
133.55
134.03
134.50
134.95
135.40
135.86
136.31
136.86
137.42
138.00
138.65
139.30
139.97
140.62
141.35
142.11
142.85
143.59
144.34
145.08
145.82
146.55
147.28
148.03
148.75
149.49
150.29
151.09
151.90
152.71
153.51
154.33
155.06
155.82
156.46
157.11
157.69
158.27
158.85
159.38
159.92
160.45
160.98
161.52
162.03
162.54
163.05
163.56
164.10
164.63
165.15
165.67
166.19
166.70
167.21
167.72
168.25
168.77
169.32
169.85
170.39
170.98
171.55
172.12
172.80
173.50
174.17
174.85
175.52
176.19
176.89
177.57
178.26
178.96
179.63
180.28
180.92
181.53
182.17
182.81
183.46
184.11
184.76
185.39
186.04
186.69
187.35
188.01
188.69
189.32
189.96
190.59
191.22
191.87
192.51
193.14
193.77
194.37
194.87
195.37
195.88
196.37
196.84
197.30
197.79
198.25
198.74
199.27
199.81
200.34
200.85
201.36
201.87
202.39
202.87
203.37
203.87
204.36
204.87
205.44
206.01
206.56
207.15
207.74
208.34
208.96
209.56
210.15
210.77
211.32
211.88
212.45
213.01
213.55
214.16
214.74
215.33
215.90
216.46
217.03
217.59
218.15
218.62
219.08
219.54
220.01
220.45
220.89
221.36
221.84
222.31
222.80
223.27
223.76
224.24
224.71
225.19
225.65
226.14
226.62
227.10
227.60
228.12
228.62
229.12
229.62
230.13
230.64
231.13
231.63
232.14
232.66
233.17
233.76
234.34
234.90
235.47
236.03
236.61
237.20
237.82
238.45
239.07
239.71
240.33
240.92
241.51
242.10
242.79
243.46
244.16
244.85
245.55
246.24
246.92
247.59
248.28
248.96
249.66
250.33
251.01
251.68
252.37
252.96
253.55
254.14
254.75
255.35
255.91
256.46
257.02
257.51
257.99
258.46
258.94
259.42
259.90
260.38
260.86
261.34
261.79
262.22
262.66
263.09
263.52
263.95
264.38
264.80
265.23
265.64
266.08
266.52
266.96
267.40
267.82
268.24
268.65
269.06
269.47
269.87
