# Beats
0.46
0.94
1.42
1.89
2.37
2.83
3.30
3.76
4.25
4.76
5.27
5.78
6.29
6.78
7.31
7.83
8.31
8.84
9.36
9.85
10.36
10.87
11.33
11.82
12.32
12.82
13.31
13.82
14.29
14.79
15.33
15.86
16.43
16.95
17.46
18.02
18.56
19.11
19.66
20.20
20.71
21.26
21.82
22.31
22.81
23.29
23.75
24.20
24.66
25.12
25.50
25.87
26.26
26.61
26.98
27.35
27.70
28.07
28.47
28.82
29.16
29.52
29.86
30.24
30.58
30.93
31.37
31.81
32.26
32.67
33.09
33.51
33.95
34.35
34.74
35.13
35.53
35.94
36.36
36.79
37.22
37.62
38.03
38.45
38.88
39.29
39.69
40.10
40.61
41.16
41.69
42.19
42.70
43.19
43.72
44.23
44.74
45.28
45.82
46.32
46.83
47.37
47.90
48.39
48.92
49.47
49.99
50.55
51.10
51.62
52.18
52.73
53.29
53.87
54.45
55.03
55.61
56.19
