# Beats
0.52
1.06
1.59
2.12
2.66
3.17
3.67
4.18
4.69
5.20
5.69
6.18
6.64
7.11
7.52
7.94
8.34
8.71
9.13
9.54
9.95
10.36
10.77
11.15
11.56
11.98
12.40
12.82
13.20
13.55
13.86
14.19
14.54
14.90
15.23
15.56
15.91
16.25
16.65
17.00
17.37
17.72
18.05
18.39
18.70
19.09
19.44
19.76
20.11
20.48
20.94
21.41
21.87
22.31
22.77
23.20
23.61
24.06
24.52
24.94
25.38
25.84
26.28
26.74
27.21
27.70
28.21
28.70
29.14
29.63
30.09
30.58
31.07
31.53
32.00
32.46
32.95
33.47
33.92
34.39
34.88
35.39
35.87
36.34
36.83
37.29
37.80
38.30
38.80
39.36
39.89
40.52
41.17
41.75
42.33
42.93
43.51
44.09
44.65
45.21
45.75
46.32
46.89
47.42
47.95
48.41
48.85
49.30
49.78
50.25
50.74
51.22
51.77
52.22
52.66
53.10
53.65
54.22
54.75
55.33
55.94
56.51
57.14
57.77
58.35
58.96
59.64
60.34
60.98
61.63
62.28
62.86
63.44
64.04
64.67
65.26
65.83
66.41
66.99
67.56
68.17
68.73
69.25
69.90
70.54
71.17
71.81
72.45
73.10
73.75
74.35
74.95
75.56
76.18
76.81
77.44
78.07
78.67
79.28
79.90
80.50
81.08
81.66
82.27
82.85
83.43
84.04
84.66
85.26
85.88
86.45
87.06
87.66
88.28
88.91
89.61
90.30
90.98
91.65
92.35
93.07
93.66
94.27
94.91
95.52
96.13
96.75
97.31
97.90
98.48
99.04
99.61
100.17
100.73
101.31
101.89
102.45
103.05
103.65
104.23
104.81
105.40
105.95
106.51
107.09
107.65
108.19
108.79
109.39
109.97
110.57
111.18
111.79
112.36
112.93
113.45
113.96
114.50
115.03
115.59
116.03
116.47
116.94
117.40
117.84
118.31
118.76
119.19
119.61
120.02
120.43
120.88
121.30
121.73
122.14
122.55
123.00
123.41
123.86
124.27
124.69
125.11
125.52
125.95
126.43
126.87
127.32
127.76
128.19
128.66
129.13
129.59
130.03
130.47
130.91
131.37
131.77
132.19
132.52
132.84
133.17
133.51
133.84
134.19
134.54
134.91
135.23
135.53
135.86
136.19
136.51
136.84
137.18
137.53
137.90
138.27
138.62
138.99
139.33
139.71
140.09
140.47
140.81
141.17
141.53
141.87
142.20
142.56
142.92
143.26
143.59
143.94
144.27
144.59
144.93
145.24
145.59
145.94
146.29
146.63
146.98
147.33
147.68
148.00
148.33
148.65
148.98
149.36
149.70
150.05
150.40
150.72
151.05
151.39
151.82
152.22
152.67
153.21
153.75
154.25
154.73
155.21
155.71
156.22
156.69
157.16
157.68
158.15
158.66
159.16
159.61
160.06
160.50
160.96
161.44
161.94
162.42
162.89
163.38
163.84
164.29
164.75
165.19
165.64
166.13
166.52
166.91
167.32
167.72
168.09
168.46
168.83
169.18
169.58
169.92
170.27
170.67
171.04
171.36
171.71
172.08
172.48
172.87
173.24
173.64
173.99
174.34
174.73
175.11
175.48
175.87
176.24
176.61
177.01
177.40
177.78
178.12
178.46
178.84
179.19
179.54
179.93
180.33
180.67
181.03
181.45
181.91
182.37
182.86
183.33
183.80
184.26
184.68
185.11
185.55
185.97
186.36
186.77
187.22
187.64
188.08
188.53
188.95
189.38
189.82
190.22
190.61
191.03
191.49
191.96
192.42
192.89
193.33
193.77
194.19
194.63
195.08
195.49
195.88
196.32
196.79
197.25
197.78
198.28
198.80
199.33
199.81
200.28
200.70
201.15
201.57
202.04
202.48
202.91
203.31
203.72
204.15
204.54
204.99
205.45
205.90
206.31
206.80
207.28
207.81
208.33
208.85
209.35
209.82
210.26
210.74
211.23
211.74
212.28
212.83
213.37
213.90
214.41
214.95
215.46
215.92
216.35
216.75
217.14
217.50
217.86
218.23
218.58
218.94
219.31
219.71
220.11
220.50
220.87
221.29
221.66
222.03
222.38
222.73
223.10
223.45
223.79
224.17
224.65
225.19
225.71
226.21
226.70
227.18
227.67
228.16
228.66
229.27
229.88
230.48
231.06
231.64
232.27
232.90
233.52
234.15
234.78
235.43
236.05
236.69
237.31
237.90
238.47
239.05
239.64
240.22
240.80
241.38
241.98
242.60
243.19
243.77
244.29
244.88
245.43
246.02
246.60
247.23
247.87
248.48
249.03
249.64
250.25
250.85
251.43
252.03
252.61
253.18
253.77
254.40
255.00
255.59
256.26
256.91
257.51
258.11
258.81
259.49
260.16
260.84
261.53
262.21
262.90
263.57
264.22
264.87
265.51
266.15
266.83
267.47
268.14
268.82
269.39
269.91
270.44
270.94
271.46
272.02
272.58
273.11
273.64
274.15
274.67
275.16
275.64
276.14
276.71
277.25
277.78
278.35
278.96
279.59
280.21
280.87
281.50
282.12
282.66
283.19
283.72
284.26
284.78
285.30
285.83
286.35
