# Beats
0.55
1.09
1.63
2.17
2.72
3.25
3.78
4.31
4.84
5.39
5.92
6.48
7.02
7.53
8.03
8.53
9.03
9.54
10.04
10.57
11.09
11.62
12.10
12.56
13.03
13.50
13.98
14.44
14.92
15.41
15.89
16.44
16.99
17.53
18.08
18.62
19.17
19.71
20.26
20.85
21.44
22.04
22.62
23.20
23.78
24.37
24.96
25.58
26.19
26.77
27.35
27.92
28.49
29.06
29.63
30.21
30.79
31.34
31.89
32.44
32.93
33.44
33.94
34.44
34.93
35.43
35.92
36.42
36.93
37.45
37.96
38.48
38.95
39.43
39.90
40.40
40.90
41.40
41.81
42.23
42.64
43.05
43.47
43.89
44.30
44.71
45.12
45.52
45.93
46.34
46.74
47.15
47.57
47.97
48.38
48.79
49.17
49.55
49.95
50.34
50.84
51.34
51.85
52.35
52.85
53.35
53.85
54.35
54.85
55.34
55.84
56.34
56.84
57.33
57.83
58.33
58.83
59.33
59.83
60.33
60.84
61.35
61.86
62.36
62.86
63.36
63.85
64.35
64.85
65.35
65.85
66.35
66.85
67.34
67.85
68.35
68.85
69.36
69.87
70.38
70.87
71.35
71.85
72.35
72.86
73.35
73.85
74.40
74.95
75.52
76.03
76.53
77.04
77.54
78.04
78.54
79.05
79.55
80.05
80.56
81.07
81.59
82.20
82.80
83.44
84.08
84.71
85.33
85.96
86.59
87.21
87.84
88.48
89.12
89.68
90.23
90.84
91.44
92.06
92.68
93.30
93.92
94.55
95.18
95.79
96.43
97.06
