# Beats
0.50
1.02
1.53
2.04
2.55
3.07
3.58
4.09
4.61
5.13
5.65
6.18
6.70
7.21
7.72
8.24
8.75
9.26
9.76
10.26
10.76
11.27
11.78
12.35
12.95
13.53
14.11
14.69
15.27
15.86
16.43
17.00
17.57
18.03
18.48
18.95
19.39
19.84
20.28
20.72
21.18
21.62
22.07
22.51
22.95
23.39
23.78
24.16
24.54
24.92
25.31
25.69
26.08
26.47
26.87
27.26
27.65
28.04
28.42
28.80
29.19
29.58
30.12
30.65
31.17
31.65
32.14
32.62
33.12
33.63
34.13
34.63
35.13
35.63
36.11
36.59
37.08
37.57
38.06
38.56
39.00
39.44
39.88
40.32
40.75
41.19
41.64
42.10
42.54
42.97
43.42
43.89
44.35
44.80
45.27
45.73
46.25
46.78
47.30
47.82
48.34
48.88
49.47
50.06
50.65
51.25
51.84
52.43
53.02
53.64
54.24
54.86
55.46
56.06
56.67
57.27
57.89
58.39
58.87
59.36
59.84
60.31
60.79
61.28
61.78
62.28
62.75
63.22
63.68
64.19
64.70
65.20
65.67
66.12
66.57
66.98
67.38
67.80
68.22
68.63
69.03
69.44
69.83
70.25
70.66
71.08
71.49
71.91
72.34
72.76
73.17
73.57
73.99
74.41
74.83
75.24
75.66
76.09
76.51
76.93
77.35
77.76
78.18
78.59
79.01
79.42
79.84
80.26
80.68
81.08
81.50
81.91
82.33
82.74
83.16
83.57
83.99
84.40
84.83
85.25
85.67
86.09
86.51
86.94
87.37
87.78
88.20
88.63
89.05
89.45
89.85
90.26
90.67
91.09
91.50
91.92
92.32
92.74
93.16
93.59
94.04
94.48
94.92
95.35
95.78
96.21
96.64
97.08
97.52
97.96
98.41
98.85
99.30
99.74
100.18
100.61
101.04
101.47
101.89
102.31
102.73
103.14
103.56
103.97
104.39
104.80
105.22
105.63
106.03
106.45
106.88
107.30
107.72
108.14
108.55
108.97
109.40
109.82
110.25
110.67
111.08
111.49
111.90
112.31
112.74
113.17
113.59
114.01
114.43
114.81
115.24
115.67
116.20
116.74
117.26
117.84
118.42
119.00
119.59
120.19
120.78
121.37
121.97
122.57
123.17
123.72
124.26
124.82
125.36
125.92
126.48
127.04
127.58
128.23
128.88
129.50
130.10
130.72
131.32
131.94
132.50
133.07
133.65
134.21
134.78
135.31
135.85
136.37
136.89
137.43
137.95
138.47
138.99
139.52
140.04
140.56
141.08
141.50
141.91
142.32
142.72
143.13
143.53
143.94
144.35
144.75
145.15
145.54
145.95
146.36
146.77
147.21
147.66
148.10
148.55
148.99
149.43
149.87
150.31
150.76
151.20
151.65
152.10
152.54
153.00
153.45
153.89
154.33
154.75
155.17
155.60
156.01
156.43
156.85
157.26
157.66
158.10
158.55
158.99
159.35
159.71
160.07
160.43
160.79
161.15
161.51
