# Beats
0.53
1.09
1.65
2.19
2.74
3.27
3.80
4.34
4.93
5.50
6.10
6.70
7.30
7.92
8.53
9.02
9.51
10.01
10.50
10.99
11.47
11.95
12.42
12.90
13.37
13.84
14.30
14.79
15.27
15.74
16.23
16.71
17.18
17.66
18.13
18.62
19.11
19.50
19.90
20.29
20.68
21.06
21.46
21.86
22.27
22.64
23.02
23.42
23.82
24.24
24.65
25.07
25.47
25.89
26.33
26.76
27.18
27.59
28.00
28.42
28.84
29.27
29.68
30.12
30.56
30.98
31.42
31.86
32.29
32.69
33.09
33.48
33.89
34.32
34.76
35.18
35.61
36.04
36.48
36.92
37.35
37.78
38.21
38.65
39.09
39.53
39.98
40.50
41.02
41.54
42.03
42.52
43.00
43.51
44.03
44.52
45.01
45.51
46.00
46.56
47.09
47.65
48.19
48.76
49.40
50.04
50.78
51.50
52.21
52.92
53.61
54.30
55.01
55.70
56.40
57.09
57.77
58.46
59.14
59.80
60.46
61.11
61.77
62.44
63.14
63.83
64.53
65.24
65.88
66.51
67.13
67.73
68.31
68.89
69.50
69.97
70.45
70.93
71.41
71.90
72.39
72.92
73.46
73.99
74.54
75.08
75.63
76.15
76.67
77.19
77.73
78.26
78.80
79.32
79.84
80.35
80.85
81.36
81.87
82.37
82.87
83.41
83.94
84.49
85.01
85.54
86.08
86.61
87.14
87.66
88.18
88.72
89.22
89.72
90.23
90.65
91.05
91.44
91.83
92.24
92.67
93.08
93.51
93.92
94.34
94.75
95.16
95.57
95.99
96.42
96.85
97.26
97.66
98.07
98.48
98.88
99.30
99.82
100.33
100.84
101.36
101.85
102.37
102.86
103.38
103.90
104.37
104.84
105.30
105.77
106.22
106.67
107.09
107.53
107.97
108.41
108.84
109.27
109.69
110.11
110.53
110.92
111.30
111.71
112.12
112.55
112.97
113.38
113.80
114.23
114.66
115.08
115.50
115.91
116.33
116.75
117.17
117.56
117.98
118.40
118.83
119.28
119.75
120.22
120.65
121.08
121.51
121.92
122.32
122.72
123.14
123.62
124.11
124.58
125.06
125.55
126.04
126.58
127.13
127.67
128.23
128.80
129.39
129.99
130.57
131.13
131.73
132.32
132.91
133.50
134.10
134.68
135.27
135.86
136.44
136.93
137.40
137.86
138.24
138.62
139.02
139.41
139.83
140.24
140.64
141.05
141.46
141.86
142.28
142.70
143.12
143.52
143.94
144.36
144.76
145.17
145.59
146.03
146.49
146.96
147.44
147.90
148.35
148.82
149.28
149.72
150.20
150.65
151.13
151.58
152.00
152.43
152.88
153.34
153.79
154.24
154.69
155.17
155.62
156.07
156.55
157.01
157.49
157.95
158.41
158.86
159.31
159.78
160.24
160.69
161.16
161.61
162.09
162.54
163.00
163.47
163.93
164.41
164.98
165.54
166.08
166.67
167.26
167.86
168.46
169.06
169.71
170.35
170.99
171.64
172.32
172.93
173.55
174.13
174.73
175.32
175.89
176.46
177.05
177.63
178.21
178.86
179.50
180.15
180.79
181.44
182.07
182.72
183.37
184.02
184.62
185.23
185.76
186.31
186.83
187.35
187.87
188.40
188.92
189.43
189.94
190.40
190.88
191.36
191.84
192.34
192.84
193.33
193.79
194.27
194.79
195.33
195.84
196.35
196.86
197.39
197.95
198.48
199.02
199.58
200.12
200.74
201.36
201.99
202.61
203.22
203.85
204.45
205.07
205.66
206.26
206.77
207.28
207.80
208.31
208.83
209.35
209.86
210.35
210.84
211.32
211.84
212.32
212.81
213.30
213.80
214.30
214.80
215.30
215.79
