# Beats
0.96
1.95
2.93
3.87
4.74
5.62
6.47
7.30
8.14
9.00
9.85
10.70
11.56
12.24
12.90
13.40
13.90
14.40
14.90
15.39
15.89
16.40
16.92
17.43
17.83
18.25
18.67
19.08
19.49
19.91
20.33
20.74
21.16
21.59
22.02
22.45
22.88
23.31
23.74
24.17
24.61
25.05
25.51
25.96
26.41
26.89
27.35
27.83
28.28
28.73
29.18
29.62
30.06
30.50
30.94
31.37
31.80
32.24
32.68
33.08
33.48
33.89
34.30
34.69
35.09
35.48
35.84
36.20
36.56
36.92
37.29
37.66
38.05
38.43
38.81
39.21
39.60
40.00
40.41
40.83
41.24
41.67
42.10
42.53
42.96
43.39
43.82
44.25
44.72
45.20
45.67
46.15
46.63
47.10
47.57
48.03
48.48
48.94
49.33
49.73
50.12
50.52
50.91
51.30
51.70
52.09
52.49
52.87
53.23
53.59
53.95
54.30
54.66
55.04
55.43
55.81
56.19
56.63
57.09
57.54
58.10
58.64
59.19
59.73
60.28
60.82
61.38
61.93
62.57
63.20
63.84
64.48
65.11
65.72
66.33
66.94
67.56
68.16
68.73
69.30
69.88
70.46
71.03
71.61
72.18
72.75
73.29
73.84
74.36
74.90
75.43
75.98
76.52
77.07
77.60
78.14
78.67
79.21
79.76
80.25
80.70
81.17
81.63
82.07
82.51
82.94
83.35
83.75
84.16
84.57
84.96
85.36
85.75
86.16
86.55
86.94
87.33
87.72
88.12
88.51
88.91
89.30
89.70
90.09
90.49
90.88
91.28
91.67
92.08
92.47
92.87
93.26
93.66
94.05
94.45
94.84
95.24
95.63
96.03
96.42
96.82
97.21
97.61
98.00
98.39
98.79
99.18
99.58
99.97
100.38
100.80
101.20
101.61
102.02
102.42
102.85
103.28
103.70
104.19
104.68
105.16
105.63
106.09
106.57
107.04
107.51
107.97
108.45
108.92
109.40
109.87
110.33
110.82
111.30
111.70
112.09
112.49
112.94
113.37
113.80
114.23
114.69
115.16
115.62
116.06
116.51
116.95
117.39
117.83
118.27
118.71
119.19
119.66
120.14
120.64
121.14
121.64
122.14
122.62
123.11
123.62
124.13
124.64
125.23
125.81
126.39
126.97
127.55
128.16
128.78
129.44
130.10
130.76
131.42
132.09
132.71
133.34
133.94
134.55
135.15
135.77
136.38
137.00
137.58
138.17
138.76
139.35
139.89
140.42
140.96
141.44
141.93
142.42
142.92
143.42
143.91
144.39
144.88
145.39
145.89
146.39
146.89
147.39
147.89
148.40
148.90
149.40
149.88
150.42
150.95
151.49
152.00
152.50
153.00
153.51
154.02
154.53
155.09
155.63
156.18
156.72
157.27
157.86
158.45
159.05
159.64
160.24
160.84
161.45
161.98
162.49
163.02
163.54
164.05
164.57
165.11
165.65
166.19
166.81
167.43
168.03
168.63
169.25
169.85
170.43
171.01
171.60
172.18
172.76
173.34
173.98
174.61
175.25
175.90
176.55
177.20
177.84
178.48
179.12
179.76
180.40
181.05
181.58
182.10
182.62
183.15
183.68
184.20
184.68
185.16
185.63
186.08
186.55
187.01
187.48
187.93
188.38
188.84
189.28
189.73
190.17
190.60
191.03
191.46
191.89
192.33
192.77
193.21
193.65
194.08
194.51
194.94
195.38
195.81
196.23
196.66
197.09
197.52
197.86
198.19
198.53
198.88
199.23
199.56
199.89
200.23
200.55
200.89
201.22
201.56
201.90
202.27
202.64
203.02
203.40
203.73
204.07
204.42
204.77
205.11
205.47
205.82
206.17
206.52
206.87
207.21
207.56
207.91
208.36
208.83
209.28
209.75
210.22
210.70
211.22
211.74
212.27
212.78
213.29
213.80
214.31
214.82
215.33
215.84
216.35
216.86
217.37
