# Beats
0.58
1.17
1.76
2.35
2.91
3.48
4.04
4.60
5.14
5.69
6.22
6.76
7.29
7.83
8.36
8.89
9.40
9.91
10.44
10.96
11.47
11.99
12.49
13.00
13.44
13.89
14.34
14.79
15.22
15.67
16.11
16.58
17.03
17.48
17.91
18.37
18.83
19.27
19.64
20.02
20.42
20.85
21.27
21.69
22.11
22.53
22.94
23.36
23.78
24.20
24.60
25.03
25.37
25.70
26.05
26.39
26.74
27.10
27.46
27.79
28.12
28.46
28.79
29.13
29.47
29.81
30.16
30.49
30.84
31.18
31.53
31.86
32.21
32.55
32.91
33.29
33.65
33.99
34.32
34.66
35.02
35.39
35.82
36.23
36.65
37.06
37.48
37.89
38.31
38.72
39.13
39.54
39.96
40.32
40.68
41.05
41.44
41.85
42.27
42.69
43.11
43.50
43.91
44.33
44.72
45.14
45.56
45.96
46.38
46.80
47.21
47.62
48.04
48.45
48.87
49.27
49.70
50.13
50.54
50.94
51.35
51.76
52.13
52.51
52.87
53.24
53.61
53.97
54.33
54.71
55.12
55.53
55.94
56.34
56.77
57.21
57.64
58.14
58.68
59.20
59.77
60.34
60.91
61.47
62.04
62.62
63.20
63.79
64.40
65.02
65.67
66.32
66.98
67.64
68.30
68.96
69.63
70.32
71.02
71.73
72.43
73.14
73.82
74.50
75.19
75.91
76.63
77.35
78.08
78.81
79.53
80.25
80.98
81.71
82.35
82.99
83.64
84.29
84.94
85.58
86.23
86.87
87.49
88.04
88.60
89.21
89.83
90.43
91.03
91.63
92.18
92.76
93.32
93.90
94.48
95.07
95.67
96.24
96.87
97.51
98.16
98.80
99.43
100.05
100.69
101.37
102.04
102.66
103.28
103.92
104.55
105.19
105.86
106.51
107.10
107.69
108.27
108.88
109.49
110.11
110.70
111.28
111.86
112.45
113.07
113.68
114.29
114.92
115.55
116.09
116.63
117.19
117.61
118.00
118.42
118.84
119.26
119.65
120.07
120.47
120.86
121.28
121.68
122.09
122.51
122.93
123.37
123.79
124.20
124.63
125.06
125.48
125.90
126.32
126.71
127.11
127.50
127.90
128.28
128.66
129.07
129.46
129.85
130.24
130.64
131.05
131.45
131.84
132.23
132.61
133.00
133.40
133.82
134.22
134.63
135.05
135.49
135.94
136.38
136.90
137.43
137.94
138.46
138.99
139.52
140.04
140.56
141.08
141.55
142.01
142.45
142.87
143.29
143.71
144.14
144.54
144.95
145.36
145.76
146.17
146.56
146.98
147.40
147.80
148.20
148.64
149.10
149.54
149.99
150.43
150.88
151.32
151.75
152.18
152.61
153.05
153.51
153.95
154.39
154.83
155.27
155.71
156.13
156.55
156.98
157.41
157.83
158.24
158.66
159.03
159.40
159.75
160.12
160.54
160.97
161.40
161.83
162.26
162.70
163.14
163.60
164.05
164.52
164.98
165.42
165.86
166.31
166.75
167.18
167.62
168.04
168.48
168.94
169.41
169.87
170.32
170.78
171.22
171.67
172.11
172.58
173.06
173.52
173.96
174.41
174.86
175.31
175.76
176.22
176.66
177.12
177.60
178.06
178.52
178.98
179.44
179.97
180.49
181.01
181.51
182.01
182.53
183.04
183.55
184.08
184.55
185.04
185.50
185.98
186.44
186.90
187.32
187.71
188.10
188.51
188.92
189.34
189.74
190.16
190.57
190.98
191.41
191.91
192.42
192.92
193.45
193.98
194.49
195.00
195.51
196.05
196.60
197.17
197.79
198.40
199.02
199.68
200.34
201.03
201.71
202.39
203.06
203.73
204.41
205.07
205.74
206.43
207.12
207.81
208.48
209.14
209.76
210.37
210.95
211.48
212.02
212.56
213.09
213.62
214.17
214.70
215.25
215.74
216.24
216.74
217.11
217.48
217.85
218.21
218.58
218.96
219.37
219.75
220.14
220.51
220.90
221.30
221.73
222.17
222.62
223.07
223.52
223.97
224.42
224.87
225.30
225.74
226.21
226.65
227.10
227.56
228.02
228.48
229.04
229.58
230.11
230.62
231.15
231.67
232.18
232.69
233.20
233.72
234.24
234.77
235.31
235.85
236.36
236.87
237.38
237.96
238.54
239.10
239.71
240.34
241.07
241.78
242.51
243.23
243.93
244.65
245.34
246.04
246.74
247.43
248.13
248.76
249.37
249.99
250.60
251.19
251.80
252.40
253.04
253.68
254.34
255.00
255.65
256.28
256.93
257.49
258.05
258.58
259.11
259.65
260.18
260.71
261.25
261.77
262.29
262.82
263.35
263.86
264.38
264.89
265.39
265.89
266.40
266.90
267.39
267.89
268.40
268.89
269.35
269.85
270.35
270.84
271.33
