# Beats
0.51
1.03
1.56
2.08
2.60
3.17
3.74
4.30
4.83
5.36
5.90
6.39
6.90
7.43
7.98
8.50
8.97
9.43
9.89
10.41
10.98
11.52
12.03
12.54
13.08
13.58
14.12
14.65
15.26
15.85
16.39
16.95
17.53
18.11
18.69
19.27
19.76
20.27
20.78
21.23
21.72
22.18
22.59
23.01
23.42
23.81
24.20
24.58
24.96
25.37
25.77
26.17
26.58
27.07
27.56
28.05
28.49
28.96
29.40
29.87
30.31
30.74
31.17
31.63
32.06
32.48
32.94
33.34
33.79
34.21
34.60
35.02
35.45
35.83
36.22
36.62
37.01
37.41
37.81
38.25
38.78
39.33
39.89
40.46
40.98
41.52
42.07
42.62
43.17
43.70
44.25
44.76
45.33
45.86
46.44
47.02
47.62
48.24
48.83
49.46
50.09
50.71
51.32
51.92
52.51
53.05
53.61
54.16
54.71
55.30
55.89
56.51
57.14
57.75
58.35
58.91
59.51
60.14
60.74
61.28
61.81
62.37
62.93
63.48
64.02
64.54
65.06
65.60
66.11
66.59
67.11
67.64
68.16
68.68
69.23
69.87
70.52
71.12
71.73
72.35
72.89
73.42
73.96
74.41
74.86
75.35
75.86
76.39
76.90
77.43
77.95
78.47
78.99
79.52
80.04
