# Beats
0.63
1.27
1.90
2.54
3.18
3.82
4.44
4.97
5.48
5.97
6.44
6.92
7.41
7.89
8.37
8.85
9.33
9.82
10.32
10.81
11.30
11.80
12.28
12.75
13.21
13.68
14.14
14.62
15.12
15.62
16.13
16.56
17.02
17.47
17.93
18.34
18.78
19.20
19.64
20.06
20.48
20.90
21.33
21.76
22.20
22.66
23.14
23.60
24.06
24.53
25.00
25.47
25.94
26.40
26.76
27.12
27.47
27.82
28.19
28.56
28.93
29.32
29.68
30.09
30.53
30.95
31.42
31.88
32.32
32.76
33.22
33.68
34.13
34.56
34.99
35.42
35.86
36.30
36.76
37.20
37.63
38.06
38.48
38.91
39.33
39.78
40.22
40.66
41.10
41.54
41.98
42.41
42.84
43.28
43.72
44.16
44.58
45.00
45.42
45.84
46.27
46.70
47.12
47.57
48.02
48.46
48.90
49.34
49.80
50.27
50.69
51.12
51.55
51.95
52.38
52.80
53.21
53.61
54.02
54.45
54.87
55.39
55.91
56.44
57.03
57.61
58.21
58.82
59.49
60.16
60.84
61.63
62.42
63.20
63.99
64.78
65.57
66.36
67.15
67.94
68.74
69.52
70.31
71.10
71.91
72.70
73.47
74.23
74.99
75.73
76.32
76.92
77.51
78.11
78.69
79.27
79.85
80.40
80.93
81.48
82.04
82.57
83.10
83.64
84.20
84.78
85.36
85.94
86.51
87.05
87.63
88.13
88.63
89.12
89.62
90.14
90.65
91.16
91.67
92.18
92.71
93.20
93.70
94.20
94.71
95.24
95.76
96.27
96.78
97.29
97.83
98.34
98.85
99.36
99.85
100.35
100.84
101.33
101.82
102.31
102.79
103.28
103.79
104.28
104.77
105.27
105.67
106.10
106.52
106.95
107.43
107.91
108.39
108.90
109.41
109.97
110.53
111.07
111.69
112.29
112.90
113.52
114.13
114.75
115.38
116.05
116.73
117.40
118.07
118.76
119.43
120.09
120.74
121.41
122.04
122.69
123.34
123.98
124.64
125.17
125.69
126.21
126.73
127.26
127.78
128.33
128.89
129.45
130.00
130.54
131.09
131.63
132.27
132.89
133.51
134.12
134.75
135.37
135.98
136.58
137.13
137.67
138.19
138.69
139.18
139.67
140.17
140.67
141.17
141.66
142.15
142.66
143.15
143.66
144.17
144.67
145.17
145.68
146.22
146.74
147.21
147.70
148.19
148.74
149.28
149.83
150.37
150.92
151.46
151.97
152.49
153.01
153.51
153.99
154.51
155.02
155.53
156.03
156.53
157.01
157.49
157.97
158.45
158.93
159.38
159.85
160.31
160.72
161.13
161.54
161.95
162.33
162.70
163.07
163.43
163.81
164.18
164.54
164.91
165.28
165.63
165.98
166.32
166.67
167.04
167.40
167.76
168.11
168.46
168.83
169.19
169.55
169.91
170.27
170.63
170.98
171.34
171.69
172.05
172.41
172.77
173.13
173.48
173.82
174.18
174.53
174.89
175.24
175.59
175.96
176.32
176.68
177.04
177.40
177.77
178.12
178.48
178.83
179.19
179.55
179.91
180.26
180.60
180.98
181.35
181.70
182.04
182.40
182.76
183.12
183.48
183.86
184.23
184.58
184.94
185.30
185.64
185.99
186.34
186.70
187.06
187.42
187.78
188.13
188.48
188.84
189.17
189.52
189.89
190.26
190.61
190.97
191.33
191.69
192.05
192.40
192.75
193.11
193.46
193.82
194.18
194.54
194.93
195.34
195.74
196.15
196.56
196.95
197.37
197.79
198.21
198.61
199.03
199.49
199.96
200.43
200.89
201.35
201.80
202.27
202.73
203.20
203.66
204.13
204.58
205.03
205.47
205.90
206.34
206.77
207.20
207.63
208.07
208.52
208.94
209.37
209.82
210.25
210.69
211.13
211.58
212.02
212.45
212.83
213.22
213.60
213.98
214.37
214.74
215.11
215.46
215.82
216.17
216.50
216.85
217.20
217.56
217.92
218.27
218.63
218.99
219.36
219.73
220.18
220.62
221.08
221.56
222.05
222.54
223.03
223.52
224.01
224.51
225.00
225.49
225.98
226.46
226.94
227.47
228.00
228.51
229.13
229.74
230.37
230.99
231.60
232.23
232.87
233.48
234.08
234.66
235.25
235.85
236.44
237.03
237.63
238.24
238.83
239.42
240.00
240.61
241.21
241.81
242.43
243.02
243.62
244.18
244.74
245.30
245.85
246.40
246.94
247.50
248.05
248.55
249.03
249.52
250.01
250.49
250.97
251.46
251.94
252.42
252.89
253.35
253.83
254.25
254.68
255.07
255.47
255.86
256.27
256.68
257.09
257.50
257.92
258.33
258.74
259.16
259.58
259.97
260.37
260.76
261.15
261.55
261.94
262.33
262.72
263.11
263.50
263.89
264.29
264.68
265.07
265.46
265.87
266.25
266.63
267.05
267.47
267.89
268.31
268.71
269.14
269.57
270.00
270.43
270.86
271.29
271.72
