# Beats
0.39
0.79
1.18
1.58
1.97
2.37
2.76
3.13
3.51
3.88
4.25
4.62
4.99
5.35
5.71
6.07
6.43
6.76
7.09
7.43
7.77
8.10
8.44
8.78
9.14
9.51
9.87
10.23
10.59
10.94
11.28
11.63
11.99
12.35
12.71
13.06
13.42
13.78
14.15
14.52
14.93
15.34
15.75
16.16
16.57
16.97
17.38
17.79
18.15
18.52
18.89
19.25
19.61
19.97
20.34
20.71
21.05
21.40
21.75
22.11
22.47
22.83
23.19
23.55
23.99
24.43
24.87
25.32
25.77
26.22
26.66
27.07
27.48
27.89
28.31
28.72
29.13
29.55
29.97
30.38
30.80
31.22
31.65
32.08
32.50
32.93
33.34
33.77
34.34
34.90
35.46
36.01
36.57
37.13
37.72
38.31
38.86
39.40
39.95
40.48
41.01
41.53
42.10
42.67
43.22
43.78
44.33
44.87
45.43
45.98
46.52
47.07
47.67
48.26
48.85
49.50
50.16
50.81
51.47
52.29
53.15
54.01
54.86
55.58
56.27
56.98
57.69
58.46
59.21
59.97
60.72
61.47
62.24
62.87
63.49
64.13
64.77
65.42
66.07
66.72
67.38
68.05
68.71
69.37
70.03
70.69
71.33
71.96
72.59
73.22
73.86
74.50
75.14
75.78
76.31
76.85
77.38
77.93
78.47
79.02
79.55
80.09
80.64
81.20
81.83
82.45
83.09
83.73
84.37
84.96
85.57
86.17
86.77
87.39
87.95
88.49
89.03
89.56
90.11
90.64
91.17
91.71
92.23
92.76
93.29
93.88
94.48
95.09
95.69
96.29
96.91
97.51
98.12
98.72
99.32
99.95
100.58
101.19
101.81
102.43
103.06
103.69
104.32
104.94
105.51
106.06
106.60
107.14
107.67
108.20
108.75
109.31
109.85
110.41
110.97
111.53
112.07
112.62
113.14
113.66
114.18
114.73
115.29
115.84
116.38
116.91
117.46
117.99
118.53
119.06
119.59
120.13
120.72
121.30
121.87
122.45
123.04
123.62
124.19
124.76
125.34
125.91
126.49
127.06
127.63
128.21
128.79
129.29
129.76
130.24
130.72
131.19
131.68
132.17
132.63
133.10
133.56
134.00
134.44
134.88
135.33
135.77
136.20
136.63
137.07
137.51
137.95
138.40
138.86
139.31
139.78
140.26
140.74
141.20
141.66
142.13
142.61
142.98
143.35
143.72
144.10
144.46
144.82
145.19
145.57
145.94
146.31
146.68
147.05
147.49
147.93
148.38
148.82
149.25
149.68
150.09
150.50
150.91
151.32
151.75
152.18
152.62
153.07
153.50
153.94
154.37
154.80
155.21
155.63
156.05
156.48
156.91
157.33
157.69
158.05
158.42
158.79
159.14
159.50
159.86
160.21
160.57
160.91
161.27
161.63
161.98
162.33
162.68
163.03
163.38
163.79
164.21
164.63
165.04
165.44
165.85
166.27
166.68
167.10
167.52
167.93
168.34
168.75
169.16
169.55
169.95
170.35
170.76
171.24
171.70
172.16
172.63
173.09
173.57
174.01
174.45
174.89
175.33
175.76
176.20
176.63
177.05
177.48
177.92
178.33
178.72
179.11
179.50
179.91
180.30
180.70
181.09
181.49
181.88
182.28
182.68
183.11
183.53
183.96
184.39
184.83
185.27
185.71
186.14
186.57
187.01
187.49
187.97
188.45
189.00
189.53
190.07
190.61
191.15
191.69
192.17
192.64
193.13
193.60
194.06
194.53
194.98
195.43
195.88
196.35
196.81
197.27
197.72
198.17
198.64
199.09
199.48
199.88
200.26
200.68
201.08
201.49
201.90
202.34
202.78
203.22
203.70
204.18
204.68
205.28
205.88
206.47
207.11
207.76
208.39
209.03
209.66
210.29
210.92
211.57
212.22
212.89
213.55
214.18
214.81
215.42
216.05
216.68
217.34
218.01
218.69
219.36
220.04
220.71
221.38
222.04
222.70
223.32
223.94
224.55
225.15
225.74
226.35
226.94
227.49
228.04
228.59
229.18
229.77
230.38
230.97
231.56
232.16
232.77
233.40
234.02
234.65
235.28
235.91
236.52
237.12
237.73
238.38
239.03
239.70
240.37
241.05
241.72
242.36
243.00
243.62
244.26
244.90
245.54
246.18
246.82
247.46
248.09
248.73
