# Beats
0.44
0.91
1.37
1.82
2.29
2.74
3.17
3.60
4.04
4.47
4.90
5.33
5.76
6.18
6.59
7.00
7.41
7.83
8.25
8.67
9.13
9.59
10.05
10.53
10.99
11.46
11.94
12.41
12.89
13.43
13.98
14.52
15.08
15.65
16.22
16.78
17.33
17.90
18.47
19.03
19.55
20.07
20.61
21.15
21.69
22.22
22.73
23.24
23.75
24.23
24.71
25.18
25.77
26.37
26.96
27.56
28.15
28.75
29.33
29.91
30.49
31.07
31.67
32.29
32.89
33.49
34.10
34.63
35.16
35.68
36.21
36.75
37.27
37.79
38.31
38.85
39.39
39.94
40.54
41.13
41.80
42.45
43.11
43.77
44.43
45.08
45.73
46.39
47.07
47.74
48.41
49.09
49.76
50.45
51.05
51.65
52.27
52.88
53.50
54.11
54.72
55.32
55.93
56.53
57.13
57.74
58.41
59.08
59.84
60.59
61.35
62.10
62.86
63.61
64.35
65.11
65.88
66.63
67.27
67.92
68.50
69.09
69.68
70.28
70.88
71.33
71.76
72.20
72.64
73.07
73.49
73.92
74.35
74.78
75.21
75.63
76.05
76.46
76.88
77.30
77.72
78.14
78.55
79.03
79.51
79.98
80.43
80.89
81.34
81.79
82.25
82.70
83.15
83.63
84.11
84.59
85.08
85.58
86.06
86.54
87.03
87.52
88.00
88.49
88.97
89.51
90.06
90.60
91.16
91.72
92.28
92.84
93.43
94.13
94.84
95.55
96.25
96.95
97.66
98.38
99.10
99.82
100.53
101.15
101.76
102.38
102.98
103.60
104.20
104.81
105.43
106.05
106.67
107.35
108.02
108.70
109.39
110.07
110.76
111.46
112.15
112.85
113.53
114.22
114.89
115.58
116.25
116.94
117.62
118.31
118.98
119.66
120.35
121.03
121.73
122.42
123.11
123.80
124.48
125.17
125.85
126.53
127.19
127.86
128.55
129.22
129.78
130.33
130.84
131.34
131.85
132.35
132.85
133.35
133.83
134.32
134.80
135.23
135.64
136.05
136.45
136.85
137.25
137.66
138.07
138.47
138.88
139.28
139.70
140.11
140.52
140.92
141.34
141.75
142.15
142.55
142.94
143.35
143.75
144.15
144.52
144.89
145.28
145.71
146.13
146.58
147.01
147.46
147.92
148.38
148.81
149.22
149.65
150.08
150.53
150.99
151.58
152.17
152.76
153.43
154.08
154.75
155.42
156.12
156.83
157.52
158.19
158.87
159.57
160.25
160.93
161.61
162.30
162.97
163.65
164.34
165.01
165.69
166.36
167.06
167.74
168.43
169.12
169.80
170.48
171.14
171.82
172.49
173.16
173.84
174.52
175.21
175.90
176.60
177.30
177.98
178.63
179.28
179.97
180.65
181.34
182.03
182.73
183.40
184.08
184.75
185.43
186.11
186.79
