# Beats
0.75
1.52
2.29
3.07
3.84
4.63
5.42
6.19
6.95
7.67
8.39
9.09
9.79
10.48
11.18
11.88
12.54
13.20
13.85
14.50
15.13
15.75
16.37
16.99
17.60
18.29
18.97
19.70
20.41
21.11
21.76
22.41
23.08
23.78
24.45
25.15
25.80
26.45
27.10
27.78
28.47
29.14
29.87
30.58
31.30
32.00
32.69
33.40
34.06
34.76
35.46
36.18
36.90
37.57
38.27
38.96
39.64
40.36
41.10
41.84
42.56
43.28
43.96
44.65
45.35
46.08
46.76
47.51
48.23
48.99
49.71
50.43
51.15
51.88
52.58
53.28
54.01
54.74
55.47
56.19
56.91
57.63
58.36
59.09
59.81
60.51
61.23
61.93
62.65
63.38
64.09
64.78
65.48
66.20
66.91
67.62
68.36
69.07
69.80
70.48
71.19
71.94
72.66
73.36
74.08
74.77
75.46
76.18
76.93
77.62
78.32
78.95
79.62
80.29
80.94
81.56
82.18
82.80
83.45
84.08
84.68
85.29
85.90
86.37
86.87
87.38
87.74
88.12
88.51
88.91
89.28
89.66
90.02
90.37
90.74
91.09
91.44
91.79
92.21
92.65
93.09
93.48
93.90
94.30
94.70
95.11
95.53
95.93
96.32
96.71
97.11
97.50
97.87
98.29
98.68
99.10
99.50
99.94
100.33
100.73
101.10
101.47
101.87
102.26
102.66
103.07
103.49
103.96
104.33
104.68
105.02
105.35
105.74
106.12
106.51
106.88
107.25
107.58
107.95
108.32
108.67
109.02
109.39
109.76
110.09
110.46
110.81
111.18
111.57
111.92
112.27
112.62
112.97
113.31
113.67
113.99
114.35
114.73
115.12
115.50
115.87
116.27
116.63
117.01
117.35
117.73
118.07
118.43
118.79
119.16
119.50
119.85
120.28
120.71
121.09
121.46
121.85
122.25
122.69
123.14
123.51
123.87
124.23
124.58
124.92
125.29
125.65
126.01
126.39
126.73
127.06
127.38
127.73
128.10
128.45
128.78
129.10
129.45
129.80
130.12
130.45
130.94
131.42
131.94
132.55
133.14
133.74
134.36
134.97
135.57
136.21
136.95
137.66
138.39
139.11
139.81
140.53
141.22
141.94
142.69
143.41
144.14
144.85
145.50
146.22
146.92
147.66
148.35
149.07
149.77
150.50
151.23
151.97
152.69
153.41
154.13
154.85
155.53
156.22
156.94
157.65
158.36
159.08
159.82
160.52
161.19
161.89
162.52
163.12
163.70
164.25
164.84
165.37
165.91
166.43
166.88
167.32
167.76
168.17
168.58
168.97
169.41
169.84
170.27
170.70
171.13
171.55
171.97
