# Beats
0.48
0.89
1.28
1.67
2.08
2.48
2.97
3.44
3.90
4.38
4.85
5.33
5.80
6.27
6.72
7.17
7.65
8.12
8.58
9.10
9.61
10.15
10.67
11.19
11.71
12.32
12.91
13.51
14.13
14.72
15.30
15.87
16.44
17.00
17.55
18.13
18.72
19.30
19.78
20.28
20.78
21.27
21.75
22.22
22.69
23.15
23.64
24.15
24.67
25.17
25.68
26.19
26.70
27.20
27.71
28.22
28.85
29.47
30.12
30.77
31.42
32.07
32.72
33.38
34.03
34.69
35.34
35.98
36.62
37.26
37.89
38.52
39.15
39.78
40.41
41.04
41.66
42.28
42.91
43.55
44.19
44.76
45.33
45.89
46.43
46.95
47.48
48.00
48.51
49.02
49.46
49.92
50.39
50.77
51.15
51.53
51.90
52.28
52.67
53.06
53.45
53.85
54.24
54.64
55.03
55.43
55.82
56.19
56.65
57.10
57.54
58.10
58.64
59.18
59.72
60.26
60.79
61.35
61.89
62.46
63.02
63.59
64.16
64.73
65.29
65.88
66.46
67.13
67.83
68.52
69.23
69.92
70.61
71.30
71.98
72.67
73.38
74.08
74.77
75.44
76.02
76.59
77.18
77.76
78.34
78.92
79.52
80.11
80.70
81.29
81.85
82.42
82.99
83.55
84.09
84.64
85.18
85.73
86.26
86.81
87.35
87.91
88.47
89.03
89.56
90.12
90.65
91.23
