# Beats
0.49
0.98
1.46
1.95
2.44
2.93
3.39
3.84
4.31
4.76
5.20
5.65
6.20
6.73
7.27
7.83
8.37
8.92
9.46
9.98
10.52
11.06
11.61
12.12
12.63
13.14
13.66
14.16
14.68
15.22
15.75
16.28
16.81
17.33
17.83
18.32
18.83
19.33
19.83
20.33
20.83
21.32
21.80
22.34
22.85
23.36
23.89
24.42
24.93
25.43
25.94
26.45
26.98
27.49
28.00
28.51
29.02
29.56
30.10
30.63
31.16
31.63
32.09
32.54
33.00
33.46
33.92
34.39
34.84
35.31
35.78
36.23
36.70
37.18
37.63
38.08
38.55
38.99
39.43
39.87
40.31
40.75
41.22
41.70
42.18
42.66
43.14
43.63
44.11
44.63
45.14
45.66
46.18
46.71
47.23
47.78
48.32
48.85
49.39
49.93
50.48
51.13
51.78
52.43
53.06
53.68
54.31
54.94
55.59
56.22
56.77
57.35
57.93
58.51
59.07
59.63
60.19
60.76
61.35
61.92
62.48
63.08
63.66
64.23
64.80
65.36
65.89
66.42
66.87
67.33
67.78
68.23
68.68
69.15
69.61
70.01
70.38
70.75
71.13
71.49
71.87
72.25
72.63
73.07
73.53
73.98
74.44
74.88
75.31
75.74
76.18
76.63
77.09
77.53
77.97
78.40
78.83
79.28
79.74
80.18
80.62
81.06
81.50
81.95
82.41
82.87
83.34
83.80
84.25
84.71
85.15
85.59
86.04
86.49
86.96
87.42
87.96
88.47
88.98
89.48
89.99
90.50
91.02
91.53
92.04
92.57
93.09
93.60
94.08
94.55
95.03
95.50
95.99
96.47
96.94
97.41
97.88
98.36
98.85
99.35
99.81
100.28
100.73
101.19
101.66
102.12
102.61
103.10
103.58
104.03
104.44
104.86
105.30
105.63
105.95
106.28
106.60
106.94
107.29
107.62
107.97
108.32
108.67
109.01
109.32
109.66
109.98
110.32
110.65
111.00
111.34
111.68
112.01
112.36
112.71
113.06
113.41
113.73
114.06
114.40
114.75
115.10
115.45
115.77
116.10
116.41
116.75
117.08
117.41
117.74
118.07
118.41
118.76
119.14
119.54
119.93
120.33
120.72
121.12
121.51
121.95
122.39
122.83
123.34
123.81
124.30
124.85
125.39
125.92
126.44
126.96
127.48
127.99
128.50
129.02
129.57
130.11
130.65
131.22
131.80
132.37
132.93
133.50
134.06
134.63
135.21
135.79
136.35
136.93
137.49
138.07
138.58
139.09
139.60
140.10
140.59
141.08
141.63
142.19
142.73
143.27
143.80
144.32
144.85
145.38
145.91
146.44
146.98
147.52
148.05
148.58
149.07
149.57
150.07
150.51
150.95
151.39
151.84
152.28
152.72
