# Beats
0.46
0.94
1.42
1.89
2.33
2.82
3.26
3.70
4.19
4.68
5.11
5.55
6.03
6.47
6.90
7.37
7.87
8.37
8.90
9.40
9.90
10.40
10.88
11.37
11.85
12.40
12.93
13.47
14.00
14.51
15.01
15.55
16.06
16.56
17.03
17.55
18.09
18.60
19.11
19.57
20.02
20.45
20.89
21.32
21.75
22.20
22.63
23.07
23.50
23.94
24.37
24.82
25.38
25.93
26.52
27.09
27.64
28.19
28.72
29.26
29.80
30.34
30.88
31.44
32.02
32.59
33.16
33.74
34.28
34.84
35.41
35.97
36.55
37.11
37.63
38.13
38.61
39.13
39.62
40.12
40.62
41.10
41.60
42.02
42.41
42.83
43.18
43.55
43.89
44.23
44.57
44.90
45.24
45.57
45.89
46.24
46.59
46.95
47.31
47.69
48.08
48.44
48.82
49.23
49.64
50.05
50.46
50.84
51.22
51.62
52.01
52.40
52.78
53.16
53.56
53.94
54.32
54.73
55.11
55.50
55.87
56.25
56.65
57.03
57.42
57.82
58.19
58.60
58.97
59.36
59.73
60.10
60.48
60.86
61.24
61.63
62.03
62.45
62.86
63.29
63.72
64.27
64.84
65.38
65.92
66.49
67.05
67.58
68.13
68.65
69.17
69.72
70.28
70.84
71.47
72.09
72.71
73.34
73.97
74.59
75.22
75.79
76.35
76.88
77.43
77.98
78.53
79.09
79.62
80.16
80.68
81.20
81.75
82.29
82.84
83.36
83.89
84.43
84.99
85.55
86.11
86.63
87.19
87.70
88.21
88.71
89.21
89.73
90.22
90.84
91.45
92.07
92.68
93.31
93.91
94.52
95.11
95.70
96.27
96.84
97.40
97.99
98.58
99.15
99.74
100.35
100.94
101.58
102.20
102.89
103.55
104.25
104.92
105.53
106.15
106.80
107.44
108.07
108.68
109.30
109.91
110.53
111.14
111.77
112.38
113.00
113.62
114.24
114.87
115.47
116.09
116.74
117.39
118.02
118.64
119.23
119.79
120.36
120.92
121.48
122.04
122.60
123.15
123.66
124.16
124.69
125.17
125.67
126.15
126.64
127.13
127.63
128.12
128.62
129.10
129.60
130.09
130.59
131.08
131.60
132.12
132.63
133.13
133.65
134.16
134.68
135.17
135.65
136.10
136.59
137.07
137.53
137.98
138.47
138.95
139.45
139.92
140.40
140.88
141.35
141.85
142.34
142.83
143.31
143.80
144.32
144.82
145.31
145.80
146.30
146.80
147.23
147.67
148.10
148.55
148.97
149.40
149.83
150.27
150.74
151.19
151.63
152.06
152.51
152.97
153.41
153.88
154.33
154.76
155.19
155.63
156.10
156.55
156.99
157.42
157.88
158.33
158.77
159.18
159.61
160.07
160.52
160.98
161.41
161.84
162.27
162.71
163.14
163.58
164.05
164.50
164.93
165.35
165.79
166.23
166.66
167.09
167.58
168.02
168.46
168.94
169.44
169.92
170.41
170.91
171.41
171.93
172.44
172.95
173.49
173.93
174.41
174.85
175.29
175.75
176.22
176.70
177.12
177.50
177.88
178.28
178.68
179.11
179.51
179.91
180.34
180.74
181.16
181.58
181.96
182.37
182.79
183.21
183.62
184.04
184.49
184.95
185.40
185.85
186.31
186.76
187.21
187.64
188.07
188.50
188.94
189.38
189.81
190.25
190.67
191.07
191.46
191.83
192.21
192.55
192.89
193.28
193.65
194.05
194.42
194.77
195.13
195.49
195.84
196.19
196.53
196.88
197.24
197.60
197.96
198.32
198.68
199.03
199.39
199.75
200.12
200.48
200.82
201.17
201.51
201.85
202.21
202.56
202.92
203.27
203.62
203.98
204.35
204.73
205.11
205.47
205.83
206.18
206.55
206.90
207.27
207.64
208.03
208.43
208.83
209.26
209.69
210.09
210.49
210.88
211.29
211.71
212.15
212.54
212.93
213.34
213.73
214.16
214.60
215.02
215.45
215.83
216.22
216.63
217.01
217.41
217.78
218.19
218.59
218.95
219.35
219.73
220.10
220.49
220.88
221.29
221.67
222.05
222.45
222.83
223.24
223.65
224.04
224.42
224.79
225.16
225.52
225.86
226.21
226.57
226.92
227.27
227.61
227.96
228.31
228.67
229.05
229.38
229.73
230.10
230.43
230.82
231.15
231.53
231.89
232.25
232.59
232.95
233.30
233.67
234.05
234.39
234.77
235.11
235.49
235.85
236.19
236.55
236.89
237.25
237.61
237.96
238.32
238.69
239.06
239.41
239.76
240.12
240.49
240.84
241.20
241.56
241.91
242.27
242.60
242.95
243.32
243.67
244.04
244.40
244.77
245.14
245.52
245.85
246.21
246.56
246.93
247.28
247.64
248.01
248.35
248.70
249.07
249.41
249.74
250.09
250.46
250.83
251.18
251.55
251.91
252.28
252.67
253.02
253.38
253.72
254.13
254.48
254.83
255.18
255.54
255.94
256.35
256.74
257.10
257.44
257.80
258.16
258.52
258.91
259.31
259.70
260.09
260.47
260.85
261.24
261.62
