# Beats
0.77
1.54
2.33
3.16
3.98
4.81
5.63
6.41
7.19
7.91
8.63
9.33
10.04
10.76
11.48
12.19
12.91
13.63
14.35
15.07
15.79
16.50
17.21
17.91
18.62
19.34
20.05
20.77
21.48
22.20
22.92
23.65
24.37
25.08
25.79
26.49
27.20
27.92
28.64
29.35
30.06
30.77
31.47
32.18
32.89
33.60
34.32
35.04
35.77
36.50
37.22
37.94
38.66
39.37
40.08
40.79
41.49
42.21
42.93
43.64
44.36
45.08
45.80
46.52
47.24
47.95
48.66
49.37
50.06
50.78
51.49
52.23
52.98
53.73
54.49
55.23
55.96
56.68
57.40
58.10
58.79
59.49
60.20
60.89
61.59
62.29
63.01
63.72
64.42
65.12
65.83
66.54
67.23
67.93
68.64
69.35
70.05
70.77
71.51
72.23
72.93
73.65
74.39
75.10
75.84
76.57
77.28
78.00
78.72
79.42
80.13
80.79
81.47
82.12
82.77
83.36
83.95
84.56
85.14
85.72
86.31
86.89
87.47
88.06
88.65
89.16
89.65
90.14
90.63
91.14
91.65
92.16
92.66
93.16
93.73
94.28
94.84
95.35
95.88
96.39
96.92
97.44
97.98
98.39
98.82
99.24
99.66
100.08
100.50
100.91
101.36
101.80
102.24
102.68
103.12
103.56
104.00
104.40
104.78
105.16
105.53
105.91
106.27
106.63
107.00
107.37
107.74
108.10
108.47
108.83
109.20
109.57
109.95
110.28
110.62
110.96
111.29
111.63
111.97
112.31
112.65
112.99
113.31
113.64
113.99
114.32
114.68
115.04
115.39
115.74
116.09
116.44
116.78
117.13
117.48
117.83
118.18
118.51
118.86
119.21
119.56
119.90
120.22
120.55
120.87
121.21
121.54
121.88
122.21
122.53
122.85
123.17
123.51
123.84
124.18
124.52
124.87
125.20
125.54
125.88
126.21
126.55
126.89
127.22
127.57
127.92
128.26
128.59
128.93
129.27
129.60
129.94
130.28
130.61
130.94
131.26
131.59
131.92
132.26
132.60
132.93
133.26
133.60
133.93
134.27
134.61
134.93
135.27
135.60
135.94
136.28
136.63
136.97
137.32
137.67
138.02
138.37
138.72
139.06
139.41
139.76
140.10
140.45
140.78
141.12
141.46
141.80
142.15
142.52
142.90
143.27
143.63
144.00
144.36
144.72
145.08
145.45
145.83
146.22
146.60
146.98
147.38
147.77
148.17
148.55
148.94
149.34
149.73
150.12
150.49
150.86
151.24
151.63
152.01
152.38
152.75
153.11
153.48
153.86
154.23
154.63
155.04
155.45
155.85
156.35
156.83
157.32
157.83
158.34
158.85
159.36
159.88
160.40
160.89
161.37
161.84
162.32
162.80
163.28
163.76
164.22
164.69
165.15
165.62
166.08
166.56
167.02
167.49
167.95
168.41
168.87
169.33
169.78
170.24
170.69
171.07
171.46
171.83
172.21
172.58
172.97
173.35
173.72
174.10
174.47
174.86
175.23
175.60
175.97
176.36
176.74
177.16
177.56
177.98
178.39
178.79
179.20
179.61
180.14
180.67
181.21
181.78
182.35
182.93
183.50
184.06
184.62
185.18
185.74
186.29
186.85
187.41
187.98
188.53
189.09
189.65
190.21
190.76
191.32
191.83
192.35
192.89
193.40
193.91
194.41
194.79
195.16
195.55
195.92
196.30
196.67
197.06
197.43
197.80
198.18
198.57
198.94
199.31
199.68
200.05
200.42
200.78
201.14
201.49
201.85
202.20
202.55
202.90
203.23
203.58
203.94
204.30
204.65
205.00
205.35
205.69
206.05
206.41
206.79
207.16
207.53
207.91
208.28
208.64
209.00
209.36
209.72
210.08
210.44
210.81
211.19
211.55
211.91
212.27
212.61
212.96
213.31
213.67
214.03
214.40
214.76
215.12
215.48
215.84
216.20
216.55
216.90
217.25
217.61
217.95
218.31
218.67
219.03
219.39
219.75
220.11
220.47
220.83
221.20
221.59
221.97
222.37
222.76
223.13
223.52
223.90
224.27
224.65
225.02
225.40
225.76
226.12
226.48
226.84
227.18
227.54
227.90
228.25
228.61
228.96
229.31
229.67
230.03
230.39
230.75
231.11
231.47
231.83
232.19
232.55
232.91
233.27
233.63
234.00
234.36
234.72
235.08
235.43
235.78
236.12
236.47
236.82
237.18
237.54
237.90
238.25
238.61
238.97
239.33
239.69
240.04
240.40
240.76
241.12
241.48
241.82
242.18
242.54
242.90
243.25
243.61
243.97
244.33
244.69
245.05
245.41
245.77
246.12
246.48
246.83
247.18
247.52
247.88
248.26
248.63
248.99
249.35
249.71
250.07
250.43
250.79
251.15
251.50
251.86
252.20
252.55
252.91
253.26
253.62
253.98
254.33
254.69
255.05
255.41
255.77
256.13
256.49
256.85
257.21
257.56
257.90
258.26
258.62
258.98
259.36
259.73
260.10
260.47
260.84
261.22
261.65
262.08
262.51
262.94
263.38
263.81
264.24
264.67
265.11
265.55
265.98
266.41
266.84
267.27
267.69
268.11
268.53
268.95
269.36
269.77
