# Beats
0.56
1.13
1.68
2.24
2.81
3.38
3.92
4.48
5.04
5.60
6.29
6.98
7.69
8.38
9.13
9.87
10.57
11.26
11.98
12.69
13.44
14.19
14.93
15.67
16.43
17.18
17.89
18.59
19.30
20.00
20.70
21.41
22.12
22.81
23.51
24.22
24.92
25.63
26.34
27.06
27.78
28.50
29.22
29.92
30.63
31.35
32.06
32.76
33.48
34.20
34.92
35.63
36.35
37.07
37.81
38.55
39.25
39.96
40.68
41.40
42.11
42.82
43.53
44.23
44.94
45.65
46.35
47.06
47.78
48.48
49.20
49.92
50.63
51.34
52.06
52.77
53.48
54.18
54.89
55.61
56.33
57.05
57.77
58.49
59.20
59.91
60.62
61.32
62.03
62.74
63.46
64.18
64.90
65.61
66.32
67.04
67.74
68.45
69.17
69.88
70.60
71.31
72.03
72.75
73.47
74.18
74.90
75.62
76.34
77.06
77.78
78.50
79.23
79.95
80.65
81.36
82.08
82.79
83.52
84.24
84.94
85.65
86.36
87.05
87.76
88.47
89.20
89.93
90.65
91.37
92.08
92.79
93.48
94.20
94.91
95.63
96.34
97.05
97.76
98.48
99.18
99.89
100.60
101.34
102.09
102.82
103.55
104.27
104.99
105.70
106.42
107.14
107.86
108.55
109.26
109.97
110.68
111.39
112.08
112.79
113.50
114.21
114.92
115.62
116.33
117.04
117.74
118.44
119.14
119.85
120.56
121.28
121.99
122.69
123.43
124.15
124.87
125.60
126.32
127.02
127.72
128.43
129.15
129.87
130.58
131.29
131.99
132.70
133.41
134.13
134.85
135.57
136.29
137.01
137.72
138.44
139.15
139.87
140.59
141.31
142.02
142.73
143.44
144.15
144.86
145.57
146.26
146.97
147.68
148.39
149.10
149.80
150.52
151.24
151.97
152.69
153.41
154.13
154.85
155.56
156.27
156.98
157.70
158.43
159.07
159.71
160.36
160.95
161.55
162.17
162.78
163.40
