# Beats
0.65
1.32
2.00
2.68
3.39
4.10
4.81
5.51
6.23
6.95
7.70
8.43
9.14
9.83
10.55
11.26
11.97
12.69
13.41
14.12
14.83
15.53
16.24
16.95
17.67
18.39
19.11
19.83
20.55
21.28
22.00
22.71
23.42
24.13
24.83
25.55
26.27
26.98
27.69
28.40
29.11
29.81
30.52
31.23
31.94
32.65
33.38
34.11
34.83
35.55
36.27
36.99
37.70
38.41
39.13
39.85
40.57
41.29
41.99
42.70
43.42
44.14
44.86
45.58
46.30
47.01
47.73
48.46
49.17
49.88
50.60
51.32
52.04
52.76
53.48
54.20
54.92
55.64
56.35
57.09
57.82
58.54
59.27
59.98
60.70
61.41
62.11
62.83
63.55
64.26
64.98
65.70
66.42
67.14
67.86
68.57
69.28
70.00
70.72
71.44
72.16
72.88
73.60
74.30
75.00
75.70
76.42
77.14
77.86
78.58
79.28
79.99
80.70
81.41
82.12
82.83
83.53
84.24
84.95
85.67
86.39
87.10
87.82
88.54
89.26
89.98
90.70
91.41
92.13
92.84
93.56
94.26
94.97
95.68
96.37
97.09
97.80
98.51
99.23
99.95
100.66
101.37
102.07
102.81
103.53
104.25
104.98
105.71
106.44
107.15
107.86
108.58
109.30
110.02
110.72
111.44
112.15
112.86
113.57
114.29
115.01
115.73
116.45
117.18
117.89
118.60
119.32
120.04
120.74
121.45
122.16
122.88
123.59
124.31
125.03
125.75
126.46
127.18
127.88
128.59
129.32
130.05
130.77
131.51
132.23
132.92
133.63
134.34
135.05
135.77
136.49
137.21
137.93
138.63
139.34
139.98
140.62
141.26
141.90
142.54
143.17
143.80
144.49
145.17
145.87
146.56
147.26
147.95
148.65
149.35
150.07
150.80
151.55
152.29
153.02
153.77
154.52
155.26
156.00
156.68
157.34
158.02
158.71
159.39
160.07
160.72
161.36
161.98
162.61
163.24
163.85
164.47
165.07
165.69
166.30
166.92
167.53
168.14
168.74
169.34
169.92
170.49
171.07
171.64
172.21
172.79
173.38
173.98
