# Beats
0.37
0.75
1.14
1.52
1.90
2.28
2.66
3.04
3.41
3.78
4.14
4.50
4.88
5.24
5.58
5.94
6.27
6.62
6.98
7.33
7.67
8.02
8.37
8.73
9.08
9.45
9.81
10.17
10.53
10.89
11.25
11.61
11.96
12.31
12.65
13.01
13.37
13.73
14.09
14.47
14.81
15.17
15.55
15.91
16.27
16.63
17.00
17.37
17.74
18.18
18.62
19.06
19.41
19.76
20.11
20.46
20.85
21.25
21.65
22.06
22.45
22.85
23.24
23.64
24.03
24.43
24.82
25.29
25.75
26.22
26.75
27.28
27.82
28.39
28.96
29.54
30.13
30.72
31.30
31.88
32.46
33.05
33.65
34.28
34.91
35.54
36.15
36.77
37.31
37.87
38.43
38.92
39.40
39.89
40.36
40.82
41.29
41.75
42.20
42.66
43.12
43.58
44.05
44.51
44.97
45.42
45.87
46.32
46.79
47.25
47.72
48.18
48.65
49.11
49.57
50.04
50.49
50.86
51.25
51.62
52.00
52.36
52.73
53.10
53.48
53.84
54.21
54.57
54.94
55.28
55.61
55.95
56.29
56.62
56.97
57.31
57.64
58.02
58.39
58.76
59.14
59.58
60.04
60.48
60.98
61.47
61.97
62.50
63.02
63.55
64.08
64.60
65.12
65.68
66.22
66.78
67.34
67.90
68.58
69.27
69.95
70.65
71.34
72.04
72.74
73.34
73.94
74.54
75.14
75.74
76.35
76.95
77.55
78.16
78.75
79.27
79.80
80.27
80.76
81.24
81.72
82.21
82.69
83.17
83.66
84.15
84.64
85.12
85.60
86.09
86.56
87.04
87.52
87.93
88.35
88.77
89.19
89.61
90.02
90.44
90.84
91.23
91.63
92.14
92.62
93.11
93.61
94.11
94.60
95.09
95.54
95.99
96.44
96.92
97.40
97.88
98.28
98.67
99.07
99.57
100.07
100.57
101.06
101.56
102.06
102.56
103.06
103.56
104.06
104.55
105.05
105.53
106.03
106.52
107.01
107.50
107.98
108.47
108.92
109.38
109.83
110.25
110.67
111.08
111.49
111.90
112.31
112.73
113.24
113.75
114.27
114.75
115.24
115.73
116.24
116.75
117.40
118.04
118.68
119.33
119.98
120.63
121.28
121.87
122.46
123.05
123.65
124.24
124.83
125.42
126.01
126.57
127.13
127.69
128.26
128.82
129.39
129.96
130.54
131.11
131.68
132.25
132.82
133.40
134.03
134.66
135.35
136.03
136.72
137.40
138.09
138.70
139.32
139.88
140.45
141.01
141.54
142.06
142.57
143.08
143.59
144.10
144.53
144.96
145.39
145.80
146.22
146.63
147.05
147.47
147.89
148.31
148.70
149.10
149.49
149.88
150.27
150.65
151.03
151.42
151.78
152.14
152.50
152.86
153.25
153.65
154.05
154.45
154.88
155.31
155.74
156.19
156.64
157.11
157.57
158.04
158.50
