# Beats
0.60
1.21
1.82
2.44
3.04
3.62
4.18
4.74
5.34
5.92
6.52
7.15
7.73
8.29
8.82
9.45
10.10
10.76
11.41
12.05
12.68
13.31
13.93
14.61
15.26
15.93
16.53
17.11
17.72
18.36
18.97
19.57
20.18
20.78
21.37
21.97
22.55
23.10
23.66
24.31
24.94
25.58
26.26
26.89
27.54
28.15
28.79
29.40
30.07
30.70
31.36
32.00
32.67
33.32
33.95
34.54
35.20
35.83
36.48
37.13
37.78
38.38
39.01
39.66
40.29
40.91
41.56
42.07
42.59
43.08
43.49
43.89
44.30
44.77
45.21
45.66
46.09
46.51
46.90
47.30
47.74
48.18
48.58
48.97
49.39
49.76
50.17
50.60
51.01
51.43
51.85
52.27
52.69
53.10
53.57
54.03
54.50
54.92
55.36
55.80
56.26
56.68
57.12
57.54
57.92
58.35
58.75
59.16
59.63
60.09
60.53
61.02
61.53
62.02
62.65
63.27
63.85
64.46
65.04
65.55
66.11
66.66
67.13
67.59
68.06
68.52
69.01
69.47
69.92
70.33
70.77
71.24
71.70
72.14
72.56
73.03
73.49
73.92
74.42
74.88
75.36
75.84
76.35
76.83
77.30
77.81
78.27
78.81
79.34
79.88
80.41
80.97
81.48
81.97
82.49
83.00
83.52
84.04
84.57
84.99
85.40
85.84
86.22
86.56
86.91
87.26
87.61
88.00
88.35
88.70
89.04
89.42
89.83
90.20
90.58
91.01
91.45
91.93
92.37
92.83
93.27
93.69
94.15
94.55
94.97
95.39
95.84
96.32
96.78
97.22
97.71
98.20
98.64
99.08
99.52
99.94
100.37
100.80
101.22
101.65
102.05
102.47
102.89
103.26
103.64
104.04
104.42
104.81
105.21
105.57
105.98
106.35
106.74
107.14
107.53
107.97
108.39
108.83
109.27
109.67
110.09
110.48
110.88
111.29
111.76
112.22
112.66
113.10
113.52
113.96
114.43
114.87
115.36
115.82
116.30
116.75
117.24
117.73
118.19
118.65
119.14
119.61
120.07
120.51
120.95
121.42
121.88
122.35
122.86
123.37
123.88
124.38
124.95
125.50
126.04
126.57
127.11
127.66
128.24
128.82
129.52
130.22
130.91
131.59
132.26
132.95
133.63
134.35
135.06
135.73
136.44
137.16
137.88
138.61
139.33
140.02
140.69
141.41
142.11
142.78
143.48
144.15
144.79
145.45
146.10
146.77
147.45
148.10
148.71
149.36
150.00
150.65
151.30
151.95
152.58
153.21
153.86
154.54
155.11
155.67
156.22
156.78
157.36
157.92
158.48
158.99
159.52
160.06
160.64
161.17
161.75
162.33
162.91
163.49
164.07
