# Beats
0.42
0.85
1.29
1.73
2.16
2.59
3.02
3.45
3.89
4.34
4.81
5.29
5.75
6.21
6.69
7.14
7.59
8.06
8.52
9.00
9.49
9.97
10.50
11.01
11.53
12.02
12.53
13.03
13.53
14.04
14.54
15.03
15.53
16.03
16.54
17.06
17.57
18.18
18.80
19.46
20.17
20.85
21.54
22.23
22.92
23.58
24.20
24.81
25.41
25.98
26.59
27.09
27.59
28.08
28.56
29.04
29.49
29.92
30.35
30.78
31.21
31.64
32.07
32.50
32.94
33.37
33.81
34.23
34.67
35.10
35.53
35.96
36.40
36.83
37.26
37.70
38.13
38.56
39.01
39.45
39.89
40.34
40.83
41.31
41.82
42.32
42.84
43.36
43.90
44.41
44.91
45.43
45.94
46.45
47.00
47.53
48.15
48.75
49.37
50.00
50.61
51.18
51.72
52.28
52.84
53.38
53.95
54.51
55.07
55.61
56.15
56.65
57.16
57.66
58.18
58.70
59.21
59.69
60.16
60.66
61.15
61.64
62.14
62.65
63.15
63.62
64.11
64.62
65.16
65.67
66.18
66.68
67.15
67.65
68.15
68.63
69.10
69.59
70.03
70.46
70.89
71.32
71.75
72.19
72.63
73.06
73.49
73.93
74.48
74.99
75.51
76.05
76.56
77.07
77.52
77.98
78.45
78.90
79.35
79.80
80.21
80.65
81.10
81.54
82.00
82.44
82.91
83.36
83.85
84.35
84.78
85.23
85.69
86.13
86.55
86.97
87.39
87.79
88.20
88.58
88.96
89.36
89.72
90.13
90.53
90.92
91.28
91.65
92.02
92.47
92.91
93.36
93.81
94.28
94.78
95.31
95.81
96.33
96.84
97.35
97.86
98.38
98.91
99.43
99.94
100.45
100.98
101.45
101.92
102.37
102.84
103.33
103.80
104.28
104.76
105.21
105.66
106.12
106.56
107.00
107.45
107.91
108.37
108.81
109.25
109.71
110.07
110.43
110.76
111.10
111.41
111.71
112.05
112.38
112.71
113.05
113.36
113.67
114.02
114.35
114.75
115.17
115.58
116.03
116.44
116.87
117.31
117.83
118.33
118.80
119.35
119.88
120.41
120.93
121.48
121.99
122.54
123.09
123.61
124.16
124.68
125.20
125.71
126.26
126.84
127.43
128.00
128.56
129.11
129.67
130.24
130.82
131.38
131.94
132.47
133.00
133.54
134.11
134.65
135.20
135.74
136.27
136.88
137.50
138.11
138.69
139.23
139.71
140.24
140.77
141.27
141.76
142.23
142.78
143.33
143.88
144.45
145.01
145.57
146.04
146.54
147.08
147.61
148.15
148.68
149.20
149.69
150.21
150.71
151.21
151.72
152.24
152.74
153.17
153.62
154.06
154.53
154.94
155.31
155.69
156.05
156.41
156.77
157.14
157.48
157.80
158.14
158.44
158.78
159.08
159.43
159.76
160.10
160.44
160.77
161.11
161.44
161.79
162.20
162.64
163.06
163.56
164.07
164.57
165.07
165.56
166.05
166.56
167.07
167.57
168.08
168.55
169.03
169.51
170.03
170.55
171.05
171.55
172.05
172.64
173.21
173.79
174.37
174.95
175.57
176.18
176.80
177.33
177.88
178.40
178.93
179.44
179.99
180.52
181.05
181.55
182.04
182.52
183.00
183.51
184.03
184.52
184.98
185.47
185.95
186.43
186.91
187.41
187.91
188.41
188.98
189.58
190.14
190.72
191.26
191.82
192.37
192.91
193.47
194.01
194.55
195.13
195.69
196.26
196.86
197.42
197.92
198.41
198.91
199.44
199.96
200.50
200.97
201.43
201.90
202.34
202.78
203.24
203.69
204.13
204.57
204.99
205.44
205.88
206.32
206.75
207.17
207.60
208.03
208.45
208.88
209.30
209.73
210.18
210.62
211.05
211.50
211.95
212.37
212.81
213.26
213.70
214.16
214.61
215.05
215.48
215.92
216.35
216.78
217.21
217.65
218.12
218.56
219.00
219.48
219.93
220.36
220.79
221.22
221.65
222.11
222.57
222.99
223.38
223.79
224.19
224.61
224.98
225.35
225.72
226.09
226.50
226.88
227.27
227.69
228.16
228.61
229.05
229.48
229.92
230.41
230.90
231.39
231.89
232.37
232.86
233.34
233.78
234.24
234.70
235.17
235.65
236.12
236.58
237.01
237.45
237.88
238.31
238.74
239.17
239.60
240.05
240.52
240.97
241.39
241.82
242.25
242.69
243.12
243.55
243.98
244.41
244.85
245.32
245.77
246.21
246.67
247.12
247.56
247.99
248.43
248.86
249.29
249.72
250.16
250.61
251.05
251.51
251.94
252.37
252.81
253.28
253.72
254.22
254.77
255.27
255.84
256.43
257.01
257.57
258.14
258.68
259.24
259.76
260.30
260.84
261.39
261.84
262.28
262.73
263.17
263.60
264.05
264.48
264.94
265.43
265.91
266.36
266.79
267.22
267.55
267.94
268.32
268.69
269.12
269.55
269.98
270.41
270.84
271.26
