# Beats
0.64
1.28
1.93
2.57
3.19
3.82
4.45
5.07
5.68
6.19
6.70
7.21
7.72
8.23
8.74
9.25
9.75
10.25
10.76
11.28
11.80
12.39
12.98
13.58
14.19
14.79
15.39
16.00
16.60
17.21
17.82
18.46
19.10
19.74
20.39
21.10
21.82
22.53
23.24
23.96
24.68
25.34
26.01
26.67
27.33
27.99
28.64
29.29
29.86
30.43
31.00
31.52
32.04
32.57
33.08
33.60
34.12
34.67
35.21
35.86
36.51
37.16
37.80
38.45
39.03
39.61
40.18
40.75
41.32
41.88
42.43
43.00
43.57
44.14
44.70
45.26
45.81
46.36
46.90
47.44
47.97
48.51
49.04
49.56
50.09
50.61
51.13
51.65
52.14
52.63
53.10
53.59
54.08
54.57
55.07
55.55
56.05
56.54
57.03
57.52
58.04
58.56
59.08
59.62
60.16
60.71
61.27
61.81
62.37
62.93
63.48
64.05
64.62
65.19
65.75
66.30
66.86
67.42
67.98
68.53
69.09
69.65
70.19
70.75
71.30
71.87
72.43
73.00
73.57
74.14
74.65
75.16
75.67
76.08
76.49
76.90
77.32
77.74
78.16
78.58
79.01
79.44
79.88
80.43
80.99
81.55
82.08
82.62
83.16
83.68
84.21
84.73
85.24
85.75
86.27
86.80
87.31
87.76
88.21
88.67
89.12
89.54
89.95
90.37
90.80
91.23
91.67
92.10
92.46
92.83
93.20
93.58
93.92
94.26
94.60
94.93
95.33
95.71
96.11
96.50
96.90
97.28
97.66
98.06
98.44
98.82
99.22
99.61
100.01
100.40
100.80
101.26
101.74
102.21
102.69
103.17
103.63
104.10
104.56
105.02
105.49
105.89
106.30
106.71
107.13
107.53
107.95
108.37
108.74
109.12
109.51
109.89
110.27
110.65
111.05
111.43
111.80
112.18
112.55
112.92
113.29
113.66
114.03
114.42
114.80
115.17
115.54
116.01
116.47
116.95
117.42
117.90
118.38
118.85
119.33
119.80
120.28
120.76
121.24
121.72
122.24
122.76
123.27
123.83
124.40
124.96
125.52
126.07
126.69
127.30
128.06
128.81
129.57
130.32
131.12
131.92
132.73
133.53
134.33
135.12
135.92
136.72
137.50
138.29
139.08
139.85
140.64
141.43
142.22
143.01
143.80
144.59
145.38
146.17
146.96
147.75
148.55
149.35
150.15
150.94
151.72
152.51
153.30
154.09
154.85
155.64
156.42
157.20
157.94
158.70
159.36
160.02
160.66
161.30
161.94
162.53
163.12
163.70
164.28
164.86
