# Beats
0.71
1.42
2.12
2.83
3.55
4.26
4.99
5.72
6.46
7.19
7.92
8.65
9.35
10.04
10.61
11.18
11.75
12.23
12.71
13.19
13.66
14.14
14.62
15.09
15.57
16.04
16.52
17.00
17.46
17.93
18.40
18.88
19.38
19.88
20.38
21.01
21.66
22.30
22.94
23.59
24.24
24.88
25.52
26.16
26.80
27.45
28.10
28.75
29.38
29.94
30.49
31.03
31.63
32.23
32.81
33.40
33.99
34.59
35.18
35.76
36.34
36.92
37.50
38.08
38.67
39.26
39.87
40.45
41.03
41.60
42.04
42.47
42.90
43.33
43.77
44.20
44.64
45.07
45.50
45.94
46.37
46.80
47.24
47.64
48.03
48.43
48.82
49.21
49.61
50.00
50.40
50.79
51.20
51.59
51.99
52.38
52.78
53.17
53.56
53.95
54.33
54.73
55.11
55.51
55.90
56.30
56.70
57.10
57.49
57.90
58.32
58.73
59.15
59.56
59.98
60.40
60.81
61.23
61.65
62.07
62.50
62.93
63.36
63.79
64.23
64.67
65.11
65.56
66.01
66.47
66.95
67.44
67.93
68.50
69.07
69.64
70.23
70.82
71.41
72.01
72.59
73.20
73.82
74.43
75.06
75.69
76.35
77.01
77.67
78.34
79.02
79.69
80.36
81.04
81.71
82.31
82.92
83.51
84.10
84.69
85.19
85.69
86.19
86.69
87.18
87.67
88.12
88.58
89.05
89.44
89.83
90.21
90.59
90.98
91.37
91.77
92.15
92.53
92.91
93.30
93.68
94.06
94.45
94.83
95.27
95.71
96.14
96.64
97.14
97.65
98.28
98.89
99.51
100.12
100.74
101.36
101.97
102.56
103.15
103.75
104.32
104.88
105.47
106.05
106.63
107.19
107.75
108.32
108.88
109.44
109.99
110.55
111.11
111.71
112.30
112.90
113.49
114.09
