# Beats
0.43
0.87
1.31
1.75
2.21
2.65
3.09
3.53
3.97
4.46
4.95
5.42
5.94
6.46
6.97
7.47
7.96
8.46
8.93
9.39
9.89
10.40
10.89
11.35
11.84
12.34
12.84
13.35
13.85
14.35
14.84
15.33
15.81
16.34
16.95
17.53
18.24
18.95
19.62
20.34
21.11
21.85
22.59
23.34
24.06
24.78
25.45
26.13
26.77
27.40
28.05
28.70
29.40
30.09
30.77
31.44
32.11
32.81
33.51
34.20
34.88
35.55
36.19
36.82
37.52
38.23
38.96
39.68
40.45
41.24
41.98
42.71
43.49
44.26
44.94
45.67
46.35
47.04
47.69
48.37
49.09
49.78
50.45
51.20
51.95
52.69
53.43
54.17
54.90
55.61
56.33
57.05
57.82
58.58
59.30
59.91
60.51
61.14
61.77
62.39
63.00
63.62
64.34
65.09
65.81
66.53
67.20
67.90
68.59
69.33
70.05
70.80
71.52
72.21
72.93
73.70
74.44
75.16
75.95
76.72
77.48
78.25
78.98
79.76
80.50
81.25
81.99
82.70
83.43
84.17
84.89
85.64
86.42
87.20
87.96
88.72
89.49
90.26
91.02
91.79
92.51
93.27
94.06
94.83
95.60
96.36
97.13
97.92
98.66
99.43
100.19
100.98
101.61
102.24
102.75
103.26
103.79
104.35
104.86
105.42
105.91
106.39
106.90
107.42
107.93
108.44
108.95
109.44
109.92
110.46
110.97
111.46
111.97
112.45
112.94
113.43
113.89
114.36
114.80
115.26
115.73
116.15
116.56
116.96
117.35
117.75
118.14
118.55
118.91
119.28
119.65
120.02
120.41
120.79
121.16
121.53
122.02
122.49
122.93
123.41
123.86
124.30
124.74
125.20
125.67
126.11
126.57
127.01
127.45
127.92
128.38
128.82
129.36
129.87
130.39
130.96
131.56
132.14
132.75
133.34
133.96
134.58
135.16
135.78
136.37
136.82
137.30
137.76
138.21
138.67
139.11
139.56
140.05
140.50
140.97
141.44
141.93
142.38
142.87
143.38
143.87
144.36
144.80
145.26
145.73
146.24
146.73
147.21
147.74
148.22
148.72
149.22
149.77
150.28
150.81
151.31
151.84
152.40
152.94
153.44
153.97
154.51
154.97
155.46
155.97
156.46
156.94
157.43
157.90
158.36
158.80
159.27
159.71
160.17
160.61
161.07
161.52
161.95
162.42
162.89
163.39
163.77
164.14
164.51
164.91
165.27
165.65
166.03
166.42
166.80
167.18
167.57
167.95
168.33
