# Beats
0.42
0.85
1.28
1.71
2.12
2.54
2.96
3.36
3.75
4.14
4.73
5.31
5.89
6.48
7.07
7.62
8.17
8.73
9.20
9.66
10.12
10.50
10.86
11.23
11.59
11.95
12.31
12.67
13.03
13.39
13.75
14.13
14.50
14.86
15.21
15.57
15.93
16.28
16.64
17.01
17.37
17.73
18.09
18.44
18.80
19.14
19.50
19.86
20.21
20.58
20.93
21.29
21.65
22.00
22.36
22.71
23.06
23.41
23.77
24.13
24.49
24.85
25.21
25.57
25.91
26.27
26.63
26.99
27.35
27.74
28.10
28.46
28.80
29.15
29.50
29.86
30.22
30.57
30.93
31.29
31.65
32.01
32.37
32.72
33.08
33.44
33.80
34.14
34.50
34.86
35.22
35.57
35.92
36.27
36.62
36.98
37.34
37.69
38.03
38.38
38.75
39.13
39.49
39.85
40.21
40.57
40.93
41.29
41.64
42.00
42.38
42.75
43.11
43.46
43.82
44.16
44.51
44.86
45.22
45.58
45.94
46.29
46.64
47.00
47.36
47.71
48.07
48.41
48.77
49.13
49.49
49.84
50.20
50.56
50.92
51.28
51.64
52.01
52.37
52.73
53.09
53.46
53.81
54.16
54.51
54.87
55.22
55.57
55.91
56.25
56.59
56.94
57.30
57.66
58.15
58.64
59.13
59.76
60.38
61.01
61.63
62.24
62.86
63.46
64.06
64.67
65.27
65.86
66.46
66.99
67.54
68.08
68.56
69.03
69.51
69.97
70.44
70.91
71.38
71.85
72.33
72.81
73.28
73.76
74.23
74.73
75.23
75.73
76.30
76.87
77.45
78.02
78.59
79.17
79.75
80.32
80.90
81.48
82.01
82.55
83.08
83.63
84.17
84.72
85.26
85.81
86.36
86.91
87.47
88.14
88.83
89.50
90.17
90.84
91.50
92.14
92.78
93.40
93.99
94.59
95.18
95.76
96.34
96.93
97.51
98.09
98.68
99.28
99.86
100.44
101.02
101.60
102.18
102.64
103.10
103.56
104.03
104.48
104.93
105.37
105.82
106.28
106.72
107.17
107.61
108.05
108.51
108.96
109.41
109.88
110.35
110.83
111.29
111.76
112.21
112.66
113.12
113.56
114.01
114.46
114.92
115.37
115.82
116.27
116.73
117.17
117.61
118.05
118.48
118.97
119.46
119.94
120.53
121.14
121.74
122.35
122.95
123.55
124.16
124.76
125.38
125.99
126.60
127.20
127.80
128.39
128.99
129.58
130.17
130.75
131.37
131.97
132.57
133.18
133.79
134.41
135.02
135.63
136.24
136.85
137.44
138.02
138.62
139.22
139.82
140.41
141.01
141.62
142.22
142.84
143.45
144.06
144.66
145.26
145.87
146.48
147.10
147.71
148.34
148.96
149.57
150.19
150.80
151.42
152.03
152.64
153.24
153.84
154.45
155.04
155.63
156.25
156.86
157.48
158.09
158.71
