# Beats
0.57
1.15
1.68
2.21
2.72
3.24
3.78
4.33
4.83
5.36
5.96
6.49
7.04
7.62
8.17
8.73
9.26
9.80
10.36
10.89
11.40
11.89
12.40
12.93
13.54
14.16
14.77
15.37
15.98
16.56
17.16
17.72
18.32
18.95
19.73
20.46
21.20
21.97
22.76
23.52
24.31
25.11
25.87
26.63
27.33
27.98
28.60
29.20
29.84
30.46
31.11
31.74
32.36
33.00
33.65
34.27
34.88
35.48
36.08
36.66
37.24
37.85
38.48
39.06
39.64
40.24
40.82
41.40
42.03
42.66
43.26
43.86
44.45
45.02
45.58
46.11
46.60
47.14
47.60
48.07
48.53
48.97
49.37
49.78
50.22
50.65
51.12
51.57
51.99
52.41
52.85
53.25
53.68
54.13
54.54
55.01
55.52
55.99
56.47
56.96
57.42
57.92
58.37
58.86
59.33
59.74
60.16
60.60
60.98
61.37
61.73
62.14
62.53
62.88
63.23
63.58
63.97
64.38
64.74
65.13
65.55
65.94
66.32
66.71
67.06
67.44
67.87
68.29
68.71
69.08
69.50
69.89
70.26
70.64
71.03
71.40
71.80
72.19
72.59
72.96
73.31
73.65
74.00
74.42
74.81
75.19
75.58
75.96
76.37
76.75
77.14
77.51
77.88
78.30
78.67
79.09
79.48
79.85
80.36
80.85
81.33
81.89
82.45
83.01
83.59
84.15
84.71
85.24
85.80
86.24
86.68
87.12
87.54
87.96
88.38
88.82
89.23
89.65
90.07
90.49
90.88
91.31
91.74
92.14
92.51
92.88
93.25
93.65
94.04
94.47
94.87
95.25
95.64
96.04
96.42
96.83
97.25
97.65
98.12
98.57
99.06
99.51
100.00
100.46
100.96
101.45
101.96
102.45
102.93
103.40
103.84
104.30
104.75
105.22
105.67
106.14
106.60
107.11
107.60
108.14
108.72
109.32
109.90
110.47
111.06
111.62
112.20
112.76
113.30
113.85
114.40
114.92
115.45
115.97
116.47
116.96
117.43
117.96
118.44
118.93
119.42
119.93
120.44
120.95
121.49
122.02
122.52
123.00
123.48
123.98
124.49
125.00
125.48
125.95
126.43
126.90
127.36
127.80
128.27
128.70
129.13
129.56
130.03
130.50
131.04
131.63
132.24
132.82
133.38
133.93
134.51
135.09
135.60
136.07
136.56
137.06
137.53
138.02
138.51
138.99
139.45
139.95
140.42
140.93
141.46
141.97
142.48
142.99
143.55
144.08
144.59
145.12
145.66
146.19
146.73
147.21
147.66
148.09
148.57
148.98
149.37
149.82
150.21
150.60
151.03
151.44
151.86
152.28
152.67
153.11
153.53
153.97
154.44
154.85
155.30
155.71
156.15
156.60
156.99
157.38
157.76
158.13
158.52
158.92
159.28
159.66
160.03
160.43
160.77
161.12
161.52
161.91
162.26
162.62
163.00
163.38
163.70
164.03
164.33
164.68
165.02
165.35
165.67
166.02
166.39
166.79
167.17
167.52
167.86
168.18
168.51
168.83
169.16
169.51
169.85
170.18
170.53
170.89
171.22
171.60
171.97
172.41
172.85
173.27
173.67
174.10
174.54
174.99
175.47
175.94
176.40
176.91
177.42
177.89
178.38
178.89
179.42
179.91
180.35
180.84
181.30
181.75
182.21
182.68
183.17
183.62
184.06
184.51
184.95
185.39
185.88
186.34
186.79
187.21
187.69
188.13
188.59
189.05
189.46
189.92
190.36
190.82
191.24
191.68
192.08
192.49
192.93
193.47
194.03
194.54
195.02
195.55
196.03
196.51
197.00
197.49
197.97
198.44
198.93
199.42
199.89
200.39
200.92
201.48
202.05
202.64
203.24
203.85
204.45
205.07
205.68
206.27
206.83
207.40
207.96
208.54
209.12
209.75
210.33
210.91
211.49
212.07
212.52
213.01
213.53
214.03
214.49
214.99
215.46
215.95
216.46
216.97
217.48
218.00
218.46
218.92
219.38
219.82
220.26
220.71
221.17
221.60
222.03
222.46
222.92
223.38
223.82
224.28
224.70
225.14
225.56
225.98
226.37
226.79
227.16
227.53
227.93
228.32
228.70
229.09
229.46
229.88
230.25
230.64
231.02
231.39
231.77
232.16
232.52
232.88
233.24
233.62
233.99
234.36
234.71
235.03
235.37
235.75
236.12
236.50
236.89
237.28
237.67
238.23
238.75
239.26
239.77
240.30
240.79
241.28
241.74
242.23
242.69
243.18
243.68
244.18
244.69
245.18
245.67
246.15
246.64
247.13
247.64
248.22
248.78
249.35
249.82
250.31
250.78
251.24
251.69
252.19
252.73
253.28
253.82
254.35
254.91
255.48
255.95
256.45
256.89
257.30
257.72
258.14
258.58
259.03
259.46
259.87
260.30
260.71
261.12
261.56
261.98
262.41
262.83
263.26
263.71
264.14
264.57
264.99
265.43
265.89
266.33
266.76
267.24
267.67
268.05
268.42
268.82
269.19
269.56
269.93
270.33
270.70
271.07
271.46
271.84
272.23
272.66
273.09
273.52
273.95
