# Beats
0.36
0.72
1.08
1.44
1.81
2.21
2.55
2.93
3.30
3.67
3.99
4.37
4.71
5.06
5.41
5.76
6.13
6.48
6.85
7.20
7.55
7.92
8.29
8.66
9.01
9.36
9.73
10.08
10.41
10.79
11.15
11.52
11.87
12.24
12.57
12.95
13.31
13.65
14.04
14.37
14.72
15.09
15.44
15.79
16.16
16.51
16.86
17.23
17.60
17.93
18.27
18.65
18.99
19.37
19.74
20.06
20.41
20.78
21.15
21.50
21.85
22.20
22.57
22.92
23.29
23.64
23.99
24.33
24.71
25.03
25.40
25.77
26.15
26.52
26.87
27.21
27.56
27.89
28.24
28.61
28.98
29.35
29.72
30.07
30.44
30.79
31.14
31.51
31.86
32.21
32.55
32.93
33.27
33.62
33.99
34.37
34.71
35.09
35.46
35.81
36.15
36.51
36.87
37.24
37.59
37.96
38.31
38.66
39.03
39.38
39.73
40.08
40.43
40.80
41.15
41.49
41.84
42.21
42.56
42.91
43.28
43.63
43.98
44.30
44.63
44.98
45.30
45.65
46.00
46.42
46.83
47.22
47.76
48.30
48.85
49.41
49.96
50.50
51.04
51.55
52.06
52.57
53.13
53.66
54.20
54.73
55.29
55.82
56.35
56.87
57.36
57.84
58.28
58.75
59.23
59.73
60.23
60.73
61.21
61.72
62.19
62.67
63.14
63.60
64.11
64.60
65.09
65.56
66.06
66.59
67.13
67.67
68.19
68.66
69.13
69.64
70.14
70.66
71.17
71.68
72.21
72.72
73.24
73.75
74.26
74.81
75.33
75.81
76.30
76.83
77.32
77.82
78.32
78.85
79.40
79.92
80.43
80.92
81.43
81.92
82.41
82.92
83.44
83.96
84.50
85.03
85.55
86.08
86.61
87.12
87.63
88.17
88.69
89.23
89.79
90.30
90.84
91.38
91.88
92.39
92.95
93.48
94.04
94.57
95.11
95.64
96.20
96.75
97.29
97.84
98.37
98.89
99.38
99.89
100.38
100.88
101.40
101.91
102.45
102.86
103.28
103.70
104.14
104.57
105.04
105.47
105.91
106.35
106.77
107.30
107.82
108.34
108.90
109.42
109.96
110.48
110.99
111.46
111.92
112.41
112.90
113.36
113.82
114.32
114.81
115.31
115.77
116.24
116.68
117.10
117.50
117.98
118.42
118.85
119.25
119.65
120.07
120.50
120.93
121.32
121.74
122.20
122.59
123.04
123.44
123.88
124.33
124.75
125.17
125.57
125.97
126.46
126.94
127.45
127.93
128.45
128.94
129.36
129.73
130.10
130.50
130.93
131.32
131.70
132.08
132.42
132.79
133.14
133.51
133.97
134.47
134.95
135.40
135.86
136.30
136.72
137.15
137.64
138.08
138.53
138.97
139.39
139.81
140.27
140.74
141.24
141.71
142.21
142.74
143.29
143.86
144.45
145.08
145.68
146.29
146.94
147.52
148.07
148.68
149.33
149.95
150.58
151.21
151.81
152.44
153.04
153.55
154.06
154.58
155.09
155.60
156.11
156.61
157.12
157.62
158.15
158.64
159.15
159.64
160.15
160.64
161.15
161.68
162.12
162.56
163.04
163.56
164.10
164.65
165.21
165.74
166.29
166.82
167.39
167.96
168.51
169.08
169.69
170.32
170.97
171.61
172.21
172.85
173.49
174.15
174.82
175.50
176.15
176.79
177.40
178.05
178.72
179.35
179.94
180.51
181.08
181.65
182.21
182.76
183.32
183.86
184.41
184.97
185.53
186.07
186.62
187.18
187.64
188.13
188.60
189.10
189.57
190.01
190.50
190.98
191.45
191.89
192.31
192.76
193.26
193.72
194.17
194.64
195.12
195.58
196.02
196.46
196.91
197.37
197.86
198.30
198.77
199.13
199.48
199.88
200.27
200.63
201.04
201.43
201.78
202.15
202.50
202.85
203.20
203.55
203.94
204.29
204.66
205.08
205.45
205.84
206.24
206.62
207.01
207.38
207.80
208.19
208.58
208.99
209.55
210.05
210.56
211.08
211.58
212.07
212.61
213.16
213.67
214.18
214.71
215.23
215.75
216.31
216.89
217.41
217.97
218.50
219.03
219.57
220.01
220.45
220.91
221.40
221.84
222.27
222.73
223.07
223.40
223.75
224.07
224.44
224.78
225.12
225.49
225.90
226.26
226.60
226.99
227.33
227.72
228.09
228.46
228.81
229.20
229.59
229.95
230.32
230.69
231.08
231.50
231.94
232.39
232.80
233.36
233.89
234.41
234.94
235.47
236.01
236.52
237.03
237.55
238.07
238.61
239.14
239.68
240.19
240.70
241.23
241.77
242.32
242.86
243.36
243.93
244.46
245.02
245.55
246.06
246.60
247.20
247.78
248.36
248.96
249.57
250.24
250.87
251.45
252.05
252.62
253.24
253.84
254.47
255.07
255.65
256.23
256.84
257.44
258.04
258.69
259.36
259.97
260.57
261.18
261.78
262.39
262.99
263.55
264.13
264.68
265.24
265.76
266.31
266.87
267.40
267.91
268.45
268.99
269.57
270.11
270.63
271.19
271.70
272.23
272.76
273.33
273.86
274.40
274.92
275.48
276.06
276.57
277.08
277.59
278.11
278.62
279.13
279.63
280.13
