# Beats
0.42
0.85
1.28
1.71
2.14
2.57
3.00
3.41
3.83
4.24
4.67
5.11
5.55
5.98
6.41
6.84
7.27
7.72
8.15
8.57
9.01
9.43
9.87
10.30
10.73
11.17
11.56
12.00
12.46
12.89
13.31
13.75
14.16
14.61
15.02
15.44
15.86
16.28
16.63
16.97
17.35
17.69
18.08
18.48
18.90
19.39
19.90
20.41
20.91
21.41
21.90
22.37
22.85
23.34
23.88
24.43
24.96
25.48
26.03
26.54
27.04
27.54
28.07
28.58
29.08
29.57
30.07
30.58
31.09
31.47
31.88
32.28
32.68
33.09
33.49
33.90
34.30
34.68
35.06
35.46
35.85
36.27
36.69
37.09
37.52
37.96
38.38
38.77
39.17
39.57
39.98
40.40
40.80
41.19
41.56
41.95
42.33
42.75
43.26
43.75
44.23
44.71
45.19
45.67
46.14
46.60
47.09
47.62
48.18
48.69
49.32
49.96
50.62
51.29
51.97
52.63
53.30
53.96
54.62
55.19
55.75
56.31
56.88
57.42
57.96
58.51
59.07
59.61
60.16
60.72
61.28
61.83
62.44
63.04
63.65
64.25
64.84
65.43
66.01
66.62
67.15
67.67
68.21
68.73
69.24
69.76
70.28
70.80
71.31
71.83
72.35
72.89
73.41
73.93
74.47
74.98
75.49
76.02
76.56
77.10
77.65
78.18
78.72
79.27
79.83
80.39
80.92
81.46
81.99
82.52
83.07
83.59
84.10
84.63
85.15
85.65
86.18
86.73
87.28
87.82
88.38
88.93
89.45
89.98
90.51
91.05
91.59
92.11
92.64
93.16
93.62
94.09
94.55
95.00
95.48
95.94
96.43
96.91
97.41
97.90
98.38
98.89
99.38
99.94
100.50
101.09
101.68
102.28
102.83
103.38
103.92
104.49
105.02
105.58
106.14
106.67
107.15
107.62
108.09
108.54
108.99
109.44
109.88
110.34
110.81
111.25
111.66
112.11
112.56
113.03
113.50
113.96
114.40
114.86
115.31
115.77
116.24
116.68
117.13
117.55
117.98
118.41
118.86
119.30
119.73
120.16
120.56
120.99
121.39
121.80
122.21
122.62
123.05
123.46
123.86
124.25
124.66
125.04
125.43
125.81
126.18
126.53
126.90
127.28
127.66
128.02
128.38
128.75
129.11
129.50
129.85
130.19
130.55
130.91
131.26
131.62
131.98
132.33
132.68
133.03
133.40
133.77
134.14
134.52
134.91
135.40
135.86
136.32
136.78
137.24
137.69
138.15
138.62
139.09
139.54
140.13
140.74
141.32
141.90
142.49
143.06
143.59
144.13
144.66
145.21
145.74
146.29
146.82
147.31
147.80
148.28
148.72
149.14
149.58
150.01
150.44
150.88
151.30
151.72
152.14
152.57
152.97
153.39
153.79
154.19
154.60
155.04
155.45
155.85
156.26
156.67
157.06
157.47
157.86
158.24
158.62
159.00
159.38
159.78
160.17
160.59
161.00
161.40
161.81
162.21
162.63
163.05
163.47
163.90
164.33
164.72
165.15
165.58
166.00
166.46
166.93
167.39
167.83
168.25
168.69
169.13
169.48
169.83
170.18
170.53
170.88
171.22
171.57
171.91
172.25
