# Beats
0.44
0.89
1.35
1.80
2.25
2.71
3.16
3.60
4.06
4.53
5.00
5.48
5.98
6.48
6.95
7.43
7.92
8.39
8.87
9.29
9.71
10.12
10.55
10.97
11.40
11.83
12.24
12.65
13.07
13.49
13.92
14.34
14.74
15.13
15.51
15.89
16.28
16.65
17.01
17.37
17.74
18.11
18.49
18.85
19.24
19.63
20.02
20.41
20.81
21.20
21.59
21.97
22.38
22.81
23.24
23.66
24.08
24.50
24.92
25.40
25.89
26.39
26.94
27.48
28.05
28.64
29.23
29.84
30.45
31.07
31.68
32.28
32.87
33.45
34.04
34.64
35.22
35.78
36.36
36.93
37.41
37.91
38.41
38.88
39.37
39.85
40.32
40.80
41.27
41.76
42.24
42.71
43.17
43.61
44.04
44.49
44.94
45.37
45.80
46.23
46.65
47.09
47.53
47.97
48.39
48.83
49.32
49.82
50.32
50.81
51.32
51.79
52.27
52.73
53.19
53.59
54.00
54.40
54.80
55.19
55.61
56.03
56.45
56.87
57.30
57.72
58.15
58.58
59.01
59.51
60.02
60.52
61.00
61.46
61.94
62.42
62.88
63.34
63.81
64.26
64.74
65.20
65.67
66.13
66.59
67.06
67.52
67.99
68.45
68.91
69.36
69.80
70.24
70.68
71.15
71.60
72.06
72.50
73.05
73.58
74.11
74.68
75.24
75.84
76.43
77.02
77.60
78.18
78.79
79.39
79.99
80.58
81.15
81.76
82.34
82.92
83.53
84.15
84.76
85.36
85.96
86.56
87.17
87.76
88.35
88.96
89.55
90.15
90.74
91.35
91.95
92.55
93.16
93.76
94.37
94.97
95.57
96.18
96.77
97.35
97.94
98.55
99.16
99.78
100.37
100.98
101.49
101.99
102.49
102.97
103.44
103.93
104.33
104.71
105.12
105.50
105.86
106.21
106.57
106.92
107.30
107.67
108.04
108.41
108.81
109.19
109.57
109.96
110.33
110.69
111.06
111.42
111.80
112.18
112.54
112.90
113.24
113.59
113.94
114.30
114.67
115.03
115.38
115.73
116.06
116.41
116.77
117.12
117.50
117.86
118.21
118.57
118.93
119.30
119.69
120.05
120.41
120.79
121.16
121.56
121.94
122.35
122.74
123.14
123.51
123.88
124.25
124.62
125.00
125.36
125.74
126.10
126.47
126.83
127.19
127.55
127.91
128.26
128.62
128.94
129.29
129.64
130.01
130.38
130.75
131.15
131.54
131.95
132.35
132.76
133.15
133.56
133.92
134.28
134.63
134.98
135.35
135.71
136.07
136.44
136.79
137.14
137.51
137.88
138.23
138.55
138.90
139.24
139.60
139.95
140.29
140.65
141.01
141.39
141.76
142.15
142.55
142.90
143.24
143.59
143.94
144.30
144.66
145.03
145.40
145.79
146.15
146.49
146.85
147.23
147.61
147.98
148.35
148.76
149.14
149.51
149.88
150.26
150.64
151.02
151.42
151.79
152.16
152.53
152.89
153.25
153.61
153.97
154.33
154.70
155.06
155.42
155.79
156.15
156.53
156.90
157.27
157.71
158.15
158.60
159.06
159.51
159.95
160.42
160.87
161.32
161.77
162.14
162.50
162.86
163.21
163.58
163.93
164.28
164.63
165.00
165.35
165.70
166.07
166.44
166.79
167.14
167.49
167.83
168.19
168.55
168.90
169.26
169.63
169.99
170.36
170.71
171.07
171.43
171.77
172.13
172.48
172.85
173.22
173.59
173.94
174.29
174.64
174.99
175.33
175.69
176.05
176.40
176.77
177.15
177.52
177.89
178.24
178.58
178.96
179.32
179.69
180.05
180.40
180.74
181.09
181.44
181.80
182.16
182.51
182.86
183.21
183.57
183.93
184.29
184.63
184.99
185.34
185.71
186.08
186.46
186.80
187.15
187.50
187.87
188.23
188.59
188.94
189.29
189.65
189.99
190.33
190.68
191.05
191.41
191.77
192.15
192.49
192.86
193.24
193.60
193.96
194.33
194.68
195.02
195.37
195.72
196.08
196.44
196.81
197.17
197.53
197.90
198.28
198.64
199.02
199.39
199.76
200.13
200.50
200.90
201.29
201.69
202.08
202.47
202.85
203.21
203.58
203.94
204.32
204.71
205.08
205.45
205.82
206.20
206.61
207.01
207.39
207.80
208.22
208.63
209.05
209.44
209.86
210.27
210.67
211.12
211.56
211.99
212.51
213.02
213.53
214.03
214.54
215.04
215.55
216.06
216.57
217.08
217.59
218.11
218.63
219.14
219.64
219.99
220.33
220.69
221.07
221.43
221.80
222.17
222.53
222.90
223.26
223.61
223.97
224.33
224.68
225.02
225.40
225.76
226.10
226.45
226.79
227.14
227.51
227.88
228.24
228.60
228.95
229.30
229.66
230.02
230.38
230.73
231.07
231.42
231.76
232.12
232.48
232.83
233.31
233.78
234.24
234.71
235.17
235.64
236.11
236.58
237.03
237.49
237.95
238.41
238.88
239.34
239.80
240.27
240.74
241.21
241.66
242.11
242.52
242.93
243.33
243.72
244.11
244.51
244.91
245.31
245.70
246.09
246.48
246.85
247.22
247.57
247.93
248.29
248.66
249.03
249.37
249.73
250.08
250.45
250.82
251.18
251.53
251.89
252.25
252.61
252.96
253.31
253.65
254.00
254.37
254.72
255.08
255.44
255.81
256.16
256.50
256.86
257.21
257.58
257.95
258.31
258.65
259.00
259.36
259.72
260.06
260.43
260.81
261.20
261.60
261.97
262.34
262.72
263.11
263.49
263.87
264.27
264.64
265.01
265.38
265.75
266.15
266.52
266.90
267.26
267.61
267.98
268.38
268.76
269.14
269.53
