# Beats
0.37
0.75
1.14
1.52
1.90
2.29
2.67
3.05
3.44
3.81
4.17
4.54
4.90
5.27
5.62
5.99
6.34
6.69
7.05
7.41
7.78
8.13
8.48
8.84
9.20
9.56
9.91
10.26
10.61
10.96
11.31
11.67
12.03
12.38
12.74
13.10
13.47
13.82
14.16
14.54
14.90
15.26
15.62
15.98
16.34
16.71
17.07
17.40
17.75
18.11
18.48
18.83
19.18
19.54
19.90
20.25
20.60
20.96
21.32
21.68
22.04
22.40
22.76
23.12
23.48
23.82
24.17
24.53
24.89
25.24
25.60
25.96
26.31
26.68
27.03
27.38
27.74
28.07
28.44
28.82
29.18
29.54
29.91
30.26
30.60
30.98
31.34
31.70
32.06
32.40
32.75
33.11
33.46
33.82
34.18
34.53
34.89
35.22
35.58
35.94
36.29
36.66
37.02
37.37
37.73
38.09
38.45
38.80
39.15
39.52
39.88
40.24
40.61
40.97
41.34
41.73
42.11
42.49
42.88
43.26
43.64
44.03
44.41
44.86
45.31
45.78
46.23
46.70
47.14
47.58
48.03
48.48
48.94
49.39
49.83
50.27
50.78
51.30
51.83
52.43
53.02
53.63
54.24
54.85
55.45
56.04
56.66
57.26
57.84
58.40
58.96
59.59
60.23
60.87
61.49
62.10
62.72
63.32
63.94
64.53
65.12
65.72
66.32
66.93
67.54
68.13
68.71
69.30
69.89
70.48
71.08
71.68
72.27
72.89
73.49
74.12
74.72
75.33
75.94
76.56
77.18
77.75
78.32
78.90
79.48
80.05
80.62
81.20
81.82
82.43
83.05
83.65
84.25
84.88
85.50
86.19
86.88
87.56
88.22
88.89
89.55
90.22
90.88
91.53
92.14
92.73
93.32
93.88
94.42
94.99
95.56
96.13
96.70
97.27
97.85
98.43
99.01
99.64
100.24
100.87
101.46
102.04
102.60
103.17
103.75
104.30
104.87
105.44
106.00
106.56
107.11
107.67
108.25
108.84
109.44
110.03
110.61
111.20
111.70
112.22
112.73
113.24
113.75
114.27
114.76
115.26
115.76
116.29
116.82
117.35
117.84
118.35
118.86
119.40
119.93
120.44
120.96
121.49
122.00
122.51
123.02
123.56
124.11
124.66
125.20
125.76
126.29
126.78
127.27
127.77
128.24
128.74
129.22
129.70
130.16
130.64
131.05
131.46
131.87
132.26
132.67
133.09
133.49
133.92
134.33
134.75
135.16
135.60
136.05
136.48
136.90
137.33
137.75
138.16
138.58
138.99
139.41
139.88
140.36
140.83
141.31
141.76
142.20
142.65
143.10
143.57
144.03
144.50
144.96
145.41
145.82
146.22
146.61
146.99
147.39
147.77
148.18
148.56
149.00
149.44
149.88
150.38
150.88
151.39
151.95
152.51
153.04
153.60
154.17
154.74
155.31
155.88
156.44
157.04
157.61
158.19
158.75
159.31
159.88
160.47
160.96
161.45
161.95
162.42
162.91
163.39
163.86
164.35
164.84
165.35
165.86
166.45
167.04
167.65
168.25
168.86
169.45
170.04
170.63
171.20
171.78
172.35
172.87
173.41
173.91
174.41
174.92
175.43
175.94
176.44
176.94
177.42
177.91
178.46
179.00
179.55
180.09
180.65
181.20
181.72
182.27
182.80
183.32
183.84
184.37
184.90
185.42
185.95
186.46
186.99
187.52
188.06
188.58
189.16
189.75
190.35
190.94
191.53
192.12
192.71
193.28
193.84
194.40
194.84
195.28
195.74
196.21
196.67
197.14
197.60
198.03
198.48
198.91
199.37
199.81
200.25
200.76
201.27
201.79
202.37
202.95
203.53
204.10
204.66
205.19
205.75
206.31
206.87
207.40
207.93
208.46
208.98
209.50
210.05
210.59
211.14
211.67
212.21
212.74
213.28
213.82
214.37
214.90
215.43
215.96
216.49
217.04
217.57
218.11
218.63
219.15
219.68
220.21
220.75
221.30
221.84
222.38
222.91
223.45
223.98
224.51
225.05
225.57
226.12
226.66
227.21
227.74
228.28
228.81
229.34
229.88
230.41
230.96
231.48
232.01
232.56
233.11
233.64
234.18
234.72
235.24
235.78
236.32
236.87
237.40
237.93
238.48
239.03
239.55
240.09
240.63
241.16
241.72
242.35
242.96
243.60
244.23
244.85
245.46
246.07
246.69
247.32
247.95
248.57
249.17
249.79
250.40
251.03
251.56
252.11
252.64
253.19
253.72
254.26
254.79
255.33
255.86
256.38
256.91
257.40
257.90
258.41
258.95
259.48
260.02
260.54
261.06
261.58
262.11
