# Beats
0.58
1.17
1.76
2.36
2.96
3.56
4.17
4.76
5.34
5.93
6.52
7.12
7.66
8.21
8.75
9.32
9.88
10.43
10.98
11.54
12.12
12.70
13.31
13.86
14.41
14.93
15.44
15.98
16.53
17.10
17.67
18.23
18.80
19.37
19.93
20.48
21.04
21.58
22.15
22.65
23.15
23.64
24.13
24.61
25.10
25.61
26.15
26.68
27.21
27.75
28.27
28.79
29.33
29.94
30.56
31.18
31.81
32.44
33.05
33.67
34.25
34.82
35.41
35.99
36.58
37.15
37.70
38.27
38.82
39.36
39.90
40.46
41.02
41.59
42.14
42.70
43.24
43.77
44.30
44.91
45.51
46.11
46.73
47.36
47.97
48.60
49.21
49.83
50.46
51.10
51.75
52.40
53.05
53.68
54.31
54.94
55.59
56.22
56.85
57.52
58.20
58.89
59.59
60.30
61.01
61.71
62.39
62.98
63.58
64.17
64.77
65.36
65.96
66.55
67.18
67.80
68.42
69.06
69.68
70.30
70.94
71.58
72.21
72.84
73.47
74.07
74.61
75.15
75.70
76.20
76.70
77.19
77.69
78.19
78.69
79.20
79.70
80.20
80.70
81.21
81.71
82.22
82.71
83.21
83.58
83.94
84.32
84.69
85.07
85.44
85.80
86.16
86.52
86.87
87.23
87.68
88.12
88.57
89.03
89.49
89.95
90.40
90.86
91.32
91.78
92.25
92.75
93.23
93.69
94.16
94.62
95.10
95.63
96.15
96.66
97.19
97.71
98.22
98.73
99.27
99.79
100.33
100.87
101.39
101.89
102.40
102.90
103.40
103.91
104.40
104.88
105.36
105.86
106.36
106.86
107.35
107.87
108.37
108.86
109.37
109.97
110.57
111.18
111.79
112.41
113.10
113.78
114.45
115.12
115.80
116.48
117.17
117.83
118.49
119.14
119.81
120.49
121.17
121.84
122.50
123.16
123.77
124.39
125.00
125.62
126.25
126.85
127.45
128.00
128.56
129.10
129.65
130.19
130.74
131.27
131.81
132.34
132.89
133.42
134.03
134.61
135.17
135.74
136.32
136.90
137.47
138.05
138.57
139.08
139.58
140.04
140.49
140.97
141.43
141.87
142.32
142.74
143.17
143.62
144.06
144.50
144.92
145.36
145.89
146.41
146.94
147.47
148.00
148.54
149.05
149.56
150.09
150.63
151.17
151.74
152.30
152.87
153.44
153.99
154.55
155.11
