# Beats
0.52
1.06
1.59
2.12
2.66
3.19
3.73
4.27
4.81
5.33
5.85
6.40
6.94
7.52
8.10
8.68
9.28
9.87
10.45
11.03
11.61
12.28
12.96
13.75
14.50
15.28
16.04
16.82
17.59
18.31
18.96
19.68
20.36
21.05
21.76
22.36
22.96
23.57
24.15
24.73
25.33
25.93
26.52
27.11
27.76
28.36
28.93
29.48
30.02
30.53
31.08
31.49
31.94
32.39
32.82
33.26
33.72
34.17
34.60
35.02
35.40
35.90
36.41
36.90
37.49
38.08
38.66
39.24
39.82
40.43
41.02
41.56
42.14
42.72
43.28
43.83
44.37
44.95
45.52
46.10
46.67
47.25
47.87
48.43
49.04
49.64
50.25
50.81
51.39
51.94
52.48
53.03
53.61
54.21
54.80
55.29
55.77
56.27
56.75
57.25
57.74
58.19
58.65
59.12
59.51
59.90
60.28
60.67
61.11
61.53
61.93
62.42
62.89
63.34
63.81
64.27
64.71
65.17
65.65
66.11
66.55
67.06
67.58
68.10
68.78
69.45
70.09
70.77
71.41
72.05
72.72
73.28
73.82
74.35
74.88
75.40
75.88
76.39
76.89
77.44
78.00
78.51
79.02
79.53
80.04
80.67
81.29
81.93
82.57
83.22
83.86
84.50
85.15
85.76
86.42
87.05
87.67
88.27
88.91
89.57
90.19
90.86
91.51
92.14
92.71
93.30
93.88
94.46
95.06
95.67
96.25
96.80
97.36
97.92
98.48
99.03
99.61
100.17
100.75
101.41
102.07
102.77
103.49
104.19
104.88
105.58
106.25
106.95
107.65
108.39
109.13
109.87
110.52
111.14
111.70
112.25
112.80
113.23
113.70
114.13
114.54
114.97
115.40
115.83
116.24
116.67
117.10
117.59
118.09
118.58
119.07
119.58
120.09
120.63
121.14
121.63
122.09
122.59
123.09
123.69
124.32
124.99
125.64
126.26
126.87
127.48
128.13
128.80
129.51
130.16
130.80
131.42
132.08
132.68
133.31
133.93
134.56
135.19
135.84
136.53
137.17
137.83
138.44
138.99
139.59
140.20
140.81
141.34
141.85
142.36
142.86
143.41
143.94
144.50
145.08
145.73
146.39
146.98
147.61
148.25
148.84
149.42
150.02
150.63
151.24
151.86
152.44
153.02
153.55
154.13
154.67
155.21
155.71
156.22
156.76
157.29
157.83
158.35
158.85
159.31
159.80
160.31
160.84
161.38
161.91
162.41
162.95
163.46
163.96
164.44
164.93
165.40
165.86
166.35
166.80
167.28
167.74
168.25
168.76
169.29
169.90
170.53
171.12
171.69
172.27
172.85
173.41
173.99
174.61
175.19
175.82
176.47
177.10
177.73
178.35
178.96
179.56
180.21
180.90
181.53
182.18
182.80
183.37
183.93
184.49
185.07
185.63
186.25
186.85
187.57
188.28
189.06
189.82
190.57
191.31
192.06
192.89
193.76
194.63
195.49
