# Beats
0.56
1.14
1.71
2.25
2.79
3.33
3.85
4.39
4.95
5.51
6.06
6.59
7.15
7.71
8.27
8.81
9.35
9.88
10.43
10.96
11.52
12.05
12.61
13.15
13.70
14.25
14.79
15.34
15.88
16.44
16.97
17.52
18.07
18.60
19.14
19.69
20.25
20.79
21.34
21.90
22.43
22.95
23.48
24.07
24.66
25.25
25.89
26.53
27.17
27.82
28.44
29.07
29.71
30.30
30.88
31.49
32.11
32.74
33.34
33.95
34.45
34.95
35.45
35.94
36.46
36.97
37.48
37.98
38.50
39.01
39.52
40.03
40.59
41.15
41.71
42.27
42.84
43.37
43.91
44.42
44.93
45.44
45.95
46.50
47.07
47.62
48.16
48.69
49.24
49.78
50.34
50.87
51.42
51.97
52.56
53.15
53.68
54.20
54.73
55.26
55.77
56.29
56.80
57.31
57.82
58.35
58.89
59.42
59.98
60.53
61.11
61.68
62.24
62.83
63.44
64.13
64.83
65.56
66.28
66.98
67.69
68.41
69.10
69.80
70.47
71.17
71.77
72.40
73.03
73.64
74.27
74.88
75.53
76.17
76.80
77.37
77.94
78.53
79.08
79.62
80.16
80.69
81.24
81.78
82.31
82.84
83.38
83.91
84.43
84.97
85.54
86.10
