# Beats
0.39
0.80
1.21
1.61
2.02
2.43
2.83
3.23
3.62
4.02
4.41
4.81
5.18
5.55
5.92
6.30
6.68
7.05
7.42
7.78
8.15
8.52
8.89
9.26
9.61
9.97
10.34
10.70
11.08
11.45
11.81
12.18
12.54
12.91
13.27
13.64
14.00
14.36
14.73
15.10
15.46
15.84
16.20
16.56
16.92
17.29
17.66
18.02
18.38
18.75
19.12
19.49
19.85
20.22
20.58
20.96
21.32
21.69
22.05
22.42
22.79
23.16
23.52
23.89
24.28
24.65
25.03
25.60
26.17
26.73
27.31
27.89
28.46
29.00
29.55
30.10
30.66
31.21
31.75
32.30
32.86
33.40
33.95
34.49
35.04
35.58
36.13
36.69
37.24
37.79
38.35
38.89
39.44
39.98
40.53
41.08
41.62
42.17
42.72
43.28
43.83
44.37
44.92
45.46
46.02
46.57
47.11
47.66
48.20
48.75
49.31
49.85
50.41
50.96
51.50
52.06
52.60
53.16
53.72
54.25
54.81
55.37
55.93
56.47
57.02
57.56
58.12
58.68
59.25
59.80
60.36
60.92
61.46
62.02
62.57
63.12
63.68
64.25
64.81
65.36
65.91
66.46
66.99
67.52
68.06
68.61
69.18
69.74
70.31
70.89
71.47
72.05
72.63
73.18
73.72
74.29
74.85
75.41
76.03
76.66
77.28
77.89
78.51
78.99
79.49
79.98
80.46
80.93
81.41
81.90
82.37
82.85
83.34
83.81
84.29
84.76
85.24
85.72
86.20
86.68
87.16
87.63
88.11
88.60
89.07
89.55
90.02
90.51
90.99
91.46
91.95
92.43
92.90
93.38
93.86
94.34
94.83
95.31
95.78
96.26
96.73
97.21
97.70
98.19
98.66
99.14
99.61
100.10
100.58
101.05
101.53
102.01
102.49
102.97
103.44
103.93
104.41
104.88
105.37
105.85
106.32
106.81
107.29
107.76
108.23
108.70
109.18
109.66
110.13
110.61
111.10
111.57
112.05
112.54
113.01
113.49
113.96
114.44
114.92
115.38
115.86
116.33
116.81
117.28
117.76
118.25
118.74
119.21
119.69
120.17
120.65
121.13
121.61
122.08
122.55
123.04
123.54
124.04
124.53
125.00
125.49
