# Beats
0.41
0.82
1.24
1.66
2.07
2.51
2.95
3.37
3.81
4.25
4.64
5.04
5.43
5.85
6.29
6.73
7.17
7.60
8.03
8.43
8.85
9.24
9.66
10.08
10.50
10.89
11.28
11.69
12.07
12.46
12.89
13.33
13.79
14.26
14.68
15.16
15.65
16.16
16.74
17.36
17.90
18.48
19.09
19.67
20.25
20.85
21.46
22.04
22.62
23.21
23.78
24.36
24.94
25.53
26.12
26.70
27.31
27.89
28.50
29.12
29.74
30.33
30.95
31.60
32.25
32.88
33.48
34.06
34.62
35.16
35.65
36.08
36.52
36.97
37.38
37.83
38.25
38.71
39.13
39.57
39.98
40.41
40.86
41.26
41.68
42.07
42.49
42.89
43.25
43.58
43.91
44.26
44.61
44.95
45.33
45.70
46.05
46.37
46.72
47.04
47.37
47.72
48.07
48.39
48.72
49.04
49.37
49.71
50.06
50.41
50.72
51.08
51.42
51.73
52.11
52.45
52.83
53.17
53.59
54.03
54.45
54.87
55.29
55.70
56.15
56.56
56.98
57.40
57.82
58.21
58.60
59.00
59.37
59.74
60.12
60.49
60.89
61.25
61.65
62.00
62.37
62.74
63.12
63.47
63.87
64.23
64.57
64.97
65.32
65.67
66.01
66.41
66.83
67.22
67.62
67.99
68.55
69.13
69.68
70.26
70.86
71.42
71.96
72.50
72.93
73.40
73.84
74.28
74.75
75.21
75.67
76.14
76.65
77.16
77.69
78.23
78.75
79.27
79.81
80.32
80.83
81.34
81.83
82.34
82.83
83.32
83.85
84.33
84.85
85.31
85.80
86.29
86.82
87.35
87.91
88.47
89.03
89.68
90.33
91.00
91.67
92.35
93.02
93.69
94.37
95.04
95.70
96.36
97.01
97.66
98.30
98.94
99.59
100.21
100.87
101.36
101.87
102.40
102.93
103.44
103.98
104.49
105.00
105.49
106.00
106.46
106.97
107.32
107.67
108.00
108.37
108.75
109.09
109.41
109.78
110.13
110.46
110.81
111.13
111.50
111.85
112.20
112.52
112.90
113.29
113.66
114.03
114.40
114.78
115.17
115.57
116.03
116.45
116.88
117.40
117.91
118.42
118.92
119.40
119.88
120.35
120.80
121.28
121.75
122.30
122.81
123.32
123.70
124.13
124.55
124.98
125.41
125.84
126.26
126.63
127.00
127.37
127.74
128.12
128.49
128.86
129.23
129.61
130.00
130.38
130.71
131.03
131.38
131.75
132.10
132.47
132.84
133.20
133.55
133.93
134.30
134.65
134.99
135.33
135.69
136.00
136.35
136.70
137.02
137.39
137.79
138.17
138.54
138.86
139.18
139.55
139.95
140.32
140.68
141.08
141.46
141.85
142.25
142.64
143.01
143.38
143.75
144.16
144.47
144.82
145.17
145.54
145.87
146.19
146.56
146.94
147.31
147.66
148.00
148.32
148.71
149.07
149.42
149.79
150.16
150.51
150.91
151.28
151.65
152.02
152.42
152.76
153.14
153.51
153.86
154.23
154.60
154.95
155.31
155.67
156.01
156.36
156.71
157.05
157.41
157.76
158.13
158.48
158.82
159.17
159.52
159.89
160.24
160.61
160.98
161.33
161.68
162.01
162.35
162.73
163.07
163.45
163.79
164.17
164.54
164.93
165.35
165.77
166.22
166.60
166.95
167.29
167.67
168.02
168.39
168.76
169.13
169.58
170.02
170.47
170.88
171.28
171.68
172.08
172.49
172.93
173.30
173.73
174.10
174.49
174.89
175.30
175.73
176.15
176.52
177.01
177.50
177.93
178.40
178.89
179.37
179.86
180.35
180.84
181.28
181.81
182.35
182.93
183.55
184.16
184.76
185.36
185.95
186.57
187.18
187.71
188.27
188.80
189.34
189.89
190.33
190.80
191.24
191.69
192.10
192.54
192.96
193.38
193.82
194.21
194.70
195.21
195.70
196.15
196.56
196.97
197.39
197.79
198.21
198.59
198.98
199.38
