# Beats
0.58
1.17
1.76
2.36
2.95
3.53
4.11
4.69
5.27
5.86
6.40
6.92
7.45
7.98
8.50
9.02
9.56
10.09
10.62
11.15
11.68
12.19
12.70
13.21
13.72
14.22
14.73
15.28
15.81
16.35
16.87
17.40
17.94
18.47
19.01
19.53
20.05
20.56
21.04
21.51
21.99
22.44
22.89
23.36
23.85
24.35
24.85
25.34
25.84
26.34
26.85
27.36
27.88
28.39
28.89
29.38
29.85
30.31
30.78
31.24
31.71
32.17
32.65
33.11
33.58
34.03
34.49
34.97
35.45
35.92
36.41
36.88
37.36
37.85
38.34
38.82
39.31
39.80
40.38
40.96
41.54
42.12
42.70
43.28
43.87
44.45
45.05
45.65
46.24
46.83
47.43
48.00
48.56
49.15
49.71
50.28
50.85
51.42
52.00
52.51
53.02
53.53
54.03
54.54
55.12
55.70
56.29
56.87
57.45
58.05
58.64
59.25
59.79
60.35
60.91
61.45
62.00
62.54
63.09
63.63
64.18
64.73
65.27
65.86
66.44
67.02
67.60
68.19
68.75
69.32
69.89
70.46
71.03
71.59
72.13
72.69
73.25
73.80
74.37
74.94
75.51
76.12
76.72
77.33
77.95
78.56
79.18
79.80
80.42
81.04
81.64
82.25
82.85
83.45
84.07
84.68
85.29
85.89
86.51
87.11
87.72
88.33
88.96
89.56
90.16
90.78
91.39
92.00
92.60
93.20
93.81
94.41
95.03
95.64
96.26
96.87
97.48
98.09
98.71
99.33
99.95
100.57
101.05
101.49
101.94
102.39
102.84
103.28
103.74
104.18
104.62
105.07
105.52
105.98
106.43
106.88
107.33
107.79
108.25
108.72
109.17
109.62
110.06
110.50
110.96
111.41
111.87
112.33
112.78
113.23
113.68
114.14
114.59
115.05
115.51
115.96
116.41
116.87
117.32
117.77
118.22
118.68
119.14
119.59
120.06
120.51
120.96
121.42
121.87
122.32
122.78
123.23
123.68
124.15
124.60
125.05
125.50
125.96
126.42
126.87
127.33
127.79
128.24
128.70
129.15
129.60
130.05
130.51
130.96
131.41
131.87
132.32
132.77
133.24
133.70
134.16
134.63
135.09
135.47
135.84
136.22
136.59
136.96
137.33
137.71
138.08
138.45
138.82
139.19
139.69
140.18
140.65
141.13
141.60
142.07
142.55
143.01
143.49
143.96
144.43
144.89
145.36
145.82
