# Beats
0.56
1.13
1.70
2.25
2.79
3.31
3.88
4.42
4.97
5.51
6.06
6.59
7.14
7.66
8.17
8.70
9.26
9.83
10.38
10.92
11.47
11.99
12.53
13.05
13.56
14.07
14.58
15.09
15.59
16.09
16.60
17.11
17.61
18.11
18.62
19.12
19.62
20.13
20.64
21.15
21.66
22.15
22.66
23.17
23.67
24.17
24.68
25.19
25.70
26.19
26.70
27.21
27.72
28.22
28.72
29.23
29.74
30.26
30.77
31.27
31.76
32.28
32.79
33.30
33.80
34.30
34.81
35.32
35.82
36.32
36.82
37.31
37.83
38.34
38.85
39.36
39.86
40.36
40.87
41.37
41.87
42.38
42.89
43.40
43.90
44.40
44.91
45.42
45.92
46.42
46.93
47.44
47.95
48.46
48.96
49.46
49.96
50.46
50.97
51.48
51.99
52.50
53.00
53.50
54.01
54.52
55.03
55.54
56.04
56.54
57.04
57.54
58.05
58.56
59.07
59.58
60.07
60.59
61.09
61.59
62.09
62.60
63.11
63.62
64.12
64.63
65.16
65.74
66.32
66.94
67.55
68.15
68.78
69.40
70.08
70.75
71.42
72.10
72.76
73.42
74.09
74.77
75.46
76.16
76.86
77.53
78.22
78.90
79.59
80.27
80.96
81.65
82.27
82.90
83.50
84.11
84.73
85.34
85.97
86.58
87.17
87.77
88.39
89.00
89.61
90.21
90.81
91.41
92.14
92.83
93.52
94.20
94.89
95.53
96.15
96.80
97.43
98.07
98.65
99.24
99.82
100.40
100.97
101.58
102.17
102.75
103.34
103.93
104.49
105.02
105.57
106.13
106.67
107.23
107.79
108.33
108.87
109.41
109.95
110.48
111.01
111.54
112.06
112.59
113.12
113.64
114.17
114.79
115.41
116.03
116.67
117.31
118.00
118.70
119.47
120.23
120.93
121.64
122.32
123.01
123.60
124.20
124.81
125.39
125.97
126.55
127.12
127.69
128.27
128.85
129.38
129.93
130.46
130.98
131.52
132.06
132.52
132.96
133.40
133.84
134.28
134.72
135.14
135.57
136.00
136.42
136.86
137.31
137.78
138.25
138.74
139.23
139.71
140.20
140.69
141.20
141.69
142.19
142.71
143.23
143.78
144.32
144.85
145.37
145.91
146.45
146.97
147.49
148.00
148.51
148.96
149.41
149.86
150.33
150.78
151.23
151.67
152.11
