# Beats
0.53
1.08
1.61
2.16
2.69
3.18
3.68
4.18
4.67
5.17
5.67
6.15
6.64
7.14
7.66
8.20
8.72
9.24
9.76
10.29
10.81
11.33
11.85
12.39
12.91
13.42
13.93
14.44
14.95
15.46
16.01
16.56
17.09
17.62
18.16
18.69
19.23
19.74
20.26
20.77
21.25
21.73
22.20
22.69
23.17
23.66
24.15
24.65
25.15
25.60
26.06
26.52
26.98
27.45
27.91
28.31
28.70
29.09
29.50
29.91
30.31
30.71
31.10
31.49
31.88
32.25
32.65
33.03
33.41
33.79
34.13
34.50
34.88
35.24
35.60
35.97
36.35
36.73
37.15
37.57
37.99
38.41
38.89
39.37
39.85
40.40
40.98
41.54
42.11
42.66
43.22
43.79
44.36
44.94
45.52
46.09
46.66
47.23
47.90
48.58
49.25
49.92
50.54
51.15
51.76
52.36
52.96
53.57
54.20
54.82
55.47
56.12
56.70
57.31
57.91
58.51
59.12
59.70
60.28
60.86
61.44
62.01
62.58
63.16
63.72
64.28
64.85
65.42
65.97
66.53
67.09
67.65
68.22
68.82
69.42
70.05
70.72
71.45
72.19
72.91
73.63
74.35
75.07
75.78
76.45
77.14
77.83
78.53
79.21
79.90
80.46
81.04
81.61
82.18
82.74
83.23
83.71
84.20
84.67
85.11
85.54
85.98
86.42
86.87
87.32
87.77
88.21
88.67
89.15
89.57
89.99
90.41
90.85
91.29
91.73
92.23
92.73
93.23
93.75
94.27
94.80
95.32
95.84
96.36
96.85
97.34
97.80
98.28
98.75
99.22
99.68
100.17
100.66
101.12
101.61
102.10
102.56
103.03
103.49
103.97
104.42
104.90
105.37
105.86
106.34
106.84
107.33
107.81
108.30
108.79
109.25
109.74
110.23
110.70
111.19
111.65
112.13
112.61
113.10
113.60
114.10
114.60
115.09
115.58
116.08
116.56
117.06
117.56
118.07
118.56
119.07
119.57
120.07
120.58
121.09
121.61
122.11
122.62
123.12
123.62
124.10
124.61
125.11
125.62
126.12
126.56
127.00
127.45
127.90
128.34
128.77
129.18
129.61
130.04
130.46
130.89
131.32
131.75
132.19
132.68
133.14
133.61
134.15
134.70
135.23
135.77
136.30
136.86
137.42
137.95
138.44
138.92
139.40
139.88
140.36
140.88
141.36
141.83
142.29
142.76
143.20
143.66
144.11
144.57
145.01
145.46
145.91
146.37
146.82
147.27
147.74
148.20
148.64
149.07
149.52
149.98
150.43
150.88
151.34
151.77
152.18
152.61
153.07
153.50
153.93
154.37
154.83
155.28
155.74
156.20
156.67
157.13
157.57
158.01
158.46
158.92
159.31
159.71
160.10
160.51
160.91
161.32
161.72
162.10
162.49
162.89
163.28
163.69
164.10
164.49
164.95
165.42
165.88
166.36
166.85
167.32
167.80
168.25
168.69
169.13
169.59
170.04
170.48
170.92
171.36
171.80
172.23
172.66
173.08
173.49
173.89
174.30
174.72
175.12
175.51
175.89
176.27
176.66
177.10
177.54
177.96
178.38
178.82
179.26
179.69
180.14
180.58
181.01
181.45
181.88
182.32
182.74
183.19
183.64
184.08
184.52
184.96
