# Beats
0.49
0.99
1.52
2.03
2.54
3.05
3.56
4.08
4.59
5.10
5.61
6.12
6.63
7.14
7.65
8.16
8.66
9.18
9.69
10.22
10.73
11.24
11.75
12.26
12.77
13.28
13.78
14.29
14.81
15.33
15.84
16.34
16.85
17.36
17.86
18.39
18.91
19.42
19.93
20.45
20.96
21.47
21.98
22.49
23.00
23.51
24.02
24.53
25.03
25.55
26.08
26.59
27.10
27.61
28.12
28.63
29.14
29.66
30.17
30.69
31.20
31.71
32.22
32.73
33.23
33.74
34.26
34.77
35.28
35.79
36.30
36.82
37.33
37.84
38.34
38.82
39.31
39.80
40.29
40.79
41.29
41.77
42.26
42.75
43.24
43.72
44.21
44.71
45.21
45.71
46.20
46.68
47.16
47.65
48.12
48.60
49.09
49.57
50.06
50.54
51.01
51.49
51.97
52.45
52.95
53.45
53.94
54.42
54.90
55.38
55.87
56.34
56.83
57.31
57.79
58.28
58.77
59.26
59.74
60.23
60.71
61.20
61.68
62.17
62.65
63.12
63.61
64.09
64.57
65.05
65.54
66.01
66.50
66.99
67.48
67.95
68.44
68.93
69.43
69.92
70.40
70.89
71.37
71.84
72.33
72.81
73.28
73.76
74.25
74.73
75.21
75.70
76.18
76.67
77.16
77.64
78.12
78.60
79.09
79.57
80.06
80.54
81.01
81.50
81.99
82.47
82.95
83.44
83.93
84.40
84.89
85.38
85.86
86.34
86.83
87.31
87.79
88.27
88.76
89.26
89.76
90.26
90.77
91.25
91.74
92.24
92.73
93.22
93.75
94.30
94.83
95.41
95.99
96.56
97.14
97.72
98.30
98.88
99.47
100.07
100.65
101.26
101.88
102.48
103.10
103.72
104.34
104.94
105.51
106.07
106.61
107.17
107.74
108.31
108.87
109.42
109.98
110.53
111.07
111.63
112.19
112.74
113.29
113.84
114.37
114.94
115.51
116.08
116.65
117.21
117.78
118.35
118.91
119.47
120.02
120.49
120.95
121.41
121.86
122.29
122.72
123.16
123.50
123.83
124.17
124.52
124.87
125.20
125.54
125.88
126.21
126.55
126.89
127.22
127.56
127.92
128.28
128.64
129.00
129.36
129.72
130.08
130.45
130.82
131.18
131.55
131.91
132.28
132.67
133.04
133.40
133.77
134.14
134.51
134.88
135.23
135.58
135.94
136.30
136.66
137.01
137.36
137.72
138.07
138.43
138.79
139.15
139.49
139.85
140.21
140.57
140.93
141.29
141.65
142.01
142.38
142.74
143.10
143.46
143.84
144.20
144.56
144.92
145.28
145.66
146.04
146.44
146.83
147.21
147.60
147.97
148.35
148.75
149.13
149.52
149.90
150.26
150.62
150.99
151.38
151.90
152.42
152.92
153.40
153.89
154.37
154.84
155.33
155.81
156.28
156.76
157.22
157.70
158.19
158.66
159.15
159.64
160.11
160.59
161.07
161.55
162.04
162.52
162.99
163.48
163.96
164.44
164.92
165.40
165.87
166.35
166.82
167.30
167.78
168.26
168.75
169.24
169.73
170.20
170.68
171.17
171.65
172.13
172.61
173.09
173.58
174.06
174.54
175.02
175.50
175.96
176.43
176.91
177.39
177.86
178.34
178.82
179.29
179.77
180.24
180.72
181.21
181.68
182.17
182.66
183.14
183.62
184.10
184.59
185.06
185.54
186.03
186.50
186.98
187.45
187.94
188.43
188.92
189.39
189.87
190.35
190.82
191.30
191.77
192.26
192.74
193.22
193.70
194.19
194.68
195.16
195.64
196.12
196.59
197.07
197.56
198.03
198.51
198.98
199.46
199.94
200.42
200.90
201.39
201.86
202.34
202.83
203.31
203.79
204.27
204.74
205.22
205.71
206.18
206.66
207.13
207.61
208.09
208.57
209.05
209.54
210.02
210.50
210.98
211.46
211.94
212.42
212.89
213.38
213.86
214.34
214.82
215.30
215.78
216.27
216.75
217.22
217.70
218.17
218.65
219.14
219.61
220.10
220.58
221.07
221.55
222.03
222.51
222.98
223.46
223.94
224.42
224.91
225.38
225.87
226.35
226.84
227.31
227.79
228.26
228.75
229.23
229.70
230.19
230.68
231.17
231.64
232.12
232.59
233.08
233.56
234.03
234.51
234.99
235.46
235.94
236.41
236.89
237.37
237.84
238.32
238.81
239.29
239.77
240.26
240.74
241.22
241.70
242.17
242.66
243.14
243.61
244.09
244.58
245.05
245.54
246.02
246.49
246.97
247.44
247.93
248.41
248.88
249.37
249.86
250.35
250.82
251.30
251.77
252.25
252.74
253.23
253.70
254.18
254.66
255.14
255.62
256.09
256.58
257.07
257.54
258.02
258.50
258.98
259.47
259.95
260.42
260.91
261.39
261.86
262.35
262.83
263.30
263.78
264.27
264.74
265.22
265.69
266.18
266.67
267.15
267.62
268.11
268.59
269.07
269.56
270.05
270.47
270.87
271.28
271.67
272.07
272.46
272.86
273.25
273.66
274.05
274.44
274.81
275.19
275.57
275.96
276.34
276.72
277.10
277.47
277.85
278.22
278.59
278.98
279.35
279.73
280.10
280.47
280.86
281.24
281.61
281.99
282.37
282.74
283.11
283.49
283.88
284.26
284.63
285.01
285.38
285.76
286.13
286.51
286.89
287.28
287.65
288.03
288.40
288.77
289.15
289.53
289.90
290.28
290.67
291.05
291.42
291.79
292.17
292.55
292.92
293.29
293.67
294.07
294.44
294.82
295.20
295.58
295.95
296.33
296.70
297.09
297.46
297.84
298.21
298.60
298.97
299.34
299.71
300.09
300.47
300.84
301.21
301.59
301.95
302.32
302.68
303.04
303.43
303.81
304.18
304.55
304.95
305.34
305.74
306.14
306.52
306.90
307.27
307.64
308.01
308.40
308.78
309.16
309.53
309.91
310.28
310.66
311.04
311.43
311.80
312.18
312.55
312.94
313.31
313.69
314.06
314.43
314.82
315.20
315.57
315.95
316.33
316.70
317.08
317.46
317.83
318.22
318.60
318.97
319.36
319.74
320.11
320.49
320.86
321.24
321.62
321.99
322.36
322.75
323.12
323.50
323.88
324.26
324.64
325.02
325.39
325.76
326.15
326.53
326.90
327.29
327.66
328.03
328.41
328.79
329.17
329.55
329.92
330.29
330.68
331.06
331.43
331.81
332.18
332.56
332.94
333.31
333.69
334.08
334.45
334.83
335.20
335.59
335.96
336.33
336.71
337.10
337.47
337.85
338.22
338.60
338.98
339.35
339.73
340.11
340.49
340.87
341.24
341.62
342.00
342.37
342.75
343.13
343.50
343.89
344.26
344.63
345.01
345.40
345.77
346.14
346.52
346.91
347.28
347.66
348.07
348.47
348.88
349.34
349.82
350.28
350.83
351.36
351.89
352.41
352.93
353.47
354.00
354.52
355.03
355.61
356.19
356.76
357.33
