# Beats
0.51
1.04
1.60
2.16
2.71
3.26
3.81
4.35
4.90
5.46
6.00
6.55
7.11
7.66
8.20
8.75
9.31
9.86
10.41
10.96
11.51
12.06
12.61
13.17
13.71
14.27
14.84
15.39
15.94
16.49
17.02
17.55
18.11
18.66
19.23
19.78
20.32
20.87
21.42
21.97
22.52
23.07
23.61
24.16
24.71
25.26
25.82
26.38
26.92
27.47
28.01
28.57
29.12
29.68
30.23
30.78
31.32
31.88
32.44
32.97
33.53
34.09
34.63
35.18
35.74
36.28
36.83
37.38
37.93
38.48
38.85
39.23
39.59
39.96
40.34
40.73
41.12
41.52
41.91
42.31
42.72
43.14
43.56
43.97
44.38
44.79
45.19
45.58
45.96
46.35
46.73
47.12
47.53
47.93
48.32
48.72
49.11
49.50
49.90
50.29
50.69
51.08
51.48
51.87
52.27
52.66
53.06
53.44
53.85
54.24
54.62
55.01
55.40
55.80
56.19
56.59
56.98
57.38
57.77
58.17
58.56
58.97
59.37
59.77
60.15
60.55
60.95
61.35
61.74
62.15
62.62
63.10
63.56
64.02
64.48
64.95
65.41
65.86
66.32
66.78
67.29
67.80
68.30
68.80
69.31
69.81
70.31
70.83
71.35
71.88
72.40
72.89
73.35
73.82
74.28
74.70
75.10
75.51
75.93
76.36
76.79
77.21
77.64
78.07
78.48
78.89
79.32
79.74
80.14
80.55
80.96
81.36
81.78
82.19
82.59
82.99
83.39
83.80
84.21
84.61
85.03
85.45
85.84
86.26
86.67
87.07
87.47
87.89
88.31
88.71
89.12
89.52
89.93
90.35
90.74
91.16
91.58
91.99
92.39
92.80
93.20
93.61
94.02
94.42
94.83
95.24
95.64
96.06
96.47
96.87
97.28
97.69
98.10
98.51
98.92
99.32
99.73
100.15
100.57
100.97
101.38
101.78
102.19
102.61
103.03
103.42
103.84
104.26
104.66
105.07
105.48
105.88
106.29
106.70
107.11
107.53
107.94
108.34
108.75
109.16
109.56
109.97
110.39
110.79
111.20
111.61
112.01
112.43
112.85
113.24
113.65
114.07
114.47
114.88
115.29
115.71
116.12
116.52
116.94
117.35
117.76
118.18
118.58
118.99
119.41
119.83
120.23
120.67
121.13
121.58
122.00
122.43
122.86
123.27
123.69
124.11
124.53
124.92
125.34
125.75
126.15
126.62
127.08
127.55
128.15
128.77
129.40
130.04
130.67
131.29
131.90
132.54
133.17
133.77
134.40
135.01
135.63
136.24
136.86
137.49
138.10
138.72
139.33
139.95
140.55
141.15
141.77
142.36
142.97
143.56
144.17
144.78
145.40
146.01
146.62
147.24
147.84
148.46
149.05
149.65
150.26
150.87
151.49
152.10
152.72
153.32
153.93
154.53
155.13
155.74
156.34
156.92
157.50
158.08
158.67
159.28
159.87
160.45
161.04
161.62
162.21
162.82
163.41
164.00
164.61
165.20
165.79
166.37
166.95
167.54
167.95
168.34
168.74
169.13
169.53
169.92
170.32
170.71
171.11
171.51
171.92
172.30
172.70
173.08
173.48
173.87
174.27
174.67
175.07
175.47
175.87
176.26
176.66
177.05
177.45
177.86
178.28
178.71
179.12
179.53
179.91
180.30
180.69
181.08
181.46
181.86
182.25
182.65
183.04
183.41
183.81
184.20
184.58
184.96
185.34
185.81
186.28
186.76
187.34
187.92
188.50
189.10
189.71
190.24
190.76
191.29
191.82
192.35
192.89
193.41
193.93
194.47
195.00
195.55
196.07
196.58
197.11
197.64
198.05
198.46
198.86
199.26
199.68
200.09
200.48
200.86
201.25
201.64
202.04
202.43
202.83
203.22
203.62
204.01
204.41
204.80
205.19
205.59
205.96
206.36
206.75
207.15
207.54
207.93
208.34
208.74
209.12
209.49
209.89
210.28
210.67
211.06
211.44
211.82
212.23
212.63
213.02
213.44
213.86
214.27
214.69
215.11
215.52
215.92
216.33
216.74
217.13
217.52
217.92
218.31
218.71
219.10
219.50
219.89
220.30
220.71
221.10
221.47
221.87
222.25
222.63
223.03
223.42
223.82
224.20
224.60
224.98
225.37
225.78
226.17
226.56
226.95
227.33
227.72
228.11
228.51
228.91
229.31
229.70
230.10
230.48
230.88
231.27
231.67
232.06
232.45
232.85
233.24
233.64
234.03
234.41
234.80
235.19
235.59
235.98
236.38
236.77
237.17
237.55
237.93
238.33
238.72
239.12
239.51
239.91
240.30
240.69
241.07
241.46
241.86
242.27
242.65
243.05
243.46
243.88
244.30
244.70
245.11
245.53
245.93
246.34
246.74
247.15
247.57
247.97
248.36
248.76
249.15
249.56
249.94
250.33
250.73
251.12
251.52
251.91
252.30
252.68
253.07
253.47
253.85
254.26
254.65
255.05
255.44
255.84
256.24
256.63
257.02
257.39
257.78
258.16
258.55
258.95
259.34
259.76
260.14
260.54
260.93
261.33
261.71
262.11
262.50
262.90
263.29
263.69
264.08
264.48
264.87
265.26
265.65
266.03
266.43
266.81
267.19
267.59
267.98
268.38
268.77
269.17
269.56
269.96
270.34
270.72
271.12
271.51
271.91
272.30
272.70
273.09
273.48
273.88
274.26
274.65
275.04
275.44
275.83
276.22
276.62
277.00
277.40
277.78
278.18
278.57
278.96
279.36
279.75
280.15
280.53
280.92
281.30
281.68
282.08
282.47
282.87
283.25
283.63
284.01
284.40
284.79
285.19
285.58
285.98
286.37
286.77
287.16
287.54
287.93
288.31
288.71
289.10
289.48
289.88
290.27
290.66
291.04
291.43
291.83
292.22
292.62
293.02
293.42
293.81
294.21
294.59
294.96
295.33
295.73
296.12
296.52
296.91
297.30
297.68
298.06
298.46
298.84
299.22
299.61
300.00
300.38
300.79
301.20
301.60
302.00
302.39
302.78
303.16
303.54
303.93
304.32
304.72
305.12
305.53
305.92
306.34
306.76
307.15
307.55
307.92
308.29
308.69
309.10
309.52
309.93
310.33
310.73
311.14
311.54
312.08
312.59
313.12
313.66
314.19
314.72
315.26
315.79
316.31
316.72
317.15
317.56
317.95
318.35
318.74
319.14
319.53
319.92
320.32
320.70
321.09
321.48
321.86
322.25
322.64
323.05
323.47
323.88
324.31
324.74
325.16
325.59
326.01
326.40
326.82
327.23
327.65
328.06
328.49
328.91
329.33
329.77
330.19
330.58
330.97
331.36
331.77
332.16
332.54
332.94
333.32
333.72
334.11
334.53
334.92
335.31
335.69
336.09
336.48
336.88
337.27
337.66
338.06
338.45
338.85
339.26
339.65
340.03
340.42
340.81
341.22
341.64
342.06
342.48
342.91
343.33
343.76
344.18
344.58
344.99
345.40
345.81
346.24
346.65
347.06
347.46
347.88
348.30
348.71
349.12
349.52
349.92
350.32
350.71
351.11
351.50
351.90
352.26
352.64
353.02
353.41
353.83
354.24
354.64
355.03
355.43
355.82
356.21
356.60
356.98
357.38
357.76
358.16
358.56
358.97
359.38
359.78
360.19
360.58
361.00
361.42
361.81
362.20
362.58
362.97
363.36
363.74
364.09
364.44
364.80
365.16
365.51
365.88
366.24
366.60
366.96
367.30
367.68
368.06
368.41
368.78
369.13
369.50
369.86
370.23
370.59
370.94
371.30
371.66
372.01
372.34
372.68
373.03
373.39
373.74
374.10
374.44
374.79
375.14
375.49
375.86
376.23
376.60
376.98
377.32
377.67
378.02
378.37
378.72
379.07
379.43
379.77
380.12
380.48
380.85
381.23
381.60
381.95
382.29
382.64
382.98
383.33
383.66
384.01
384.35
384.68
385.03
385.38
385.72
386.05
386.40
386.75
387.09
387.42
387.77
388.11
388.45
388.79
389.14
389.49
389.84
390.19
390.52
390.86
391.21
391.56
391.89
392.24
392.59
392.93
393.28
393.61
393.95
394.30
394.63
394.97
395.32
395.67
396.00
396.34
396.68
397.01
397.36
397.71
398.06
398.41
398.76
399.09
399.43
399.78
400.13
400.47
400.82
401.16
401.50
401.83
402.17
402.52
402.87
403.21
403.55
403.89
404.24
404.58
404.91
405.25
405.59
405.95
406.31
406.67
407.02
407.44
407.85
408.25
408.66
409.07
409.48
409.90
410.37
410.81
411.24
411.64
412.04
412.43
412.83
413.21
413.59
413.98
414.37
414.77
415.17
415.58
415.96
416.36
416.75
417.12
417.61
418.10
418.57
419.05
419.54
420.01
420.58
421.15
421.70
422.28
422.87
423.46
424.05
424.67
425.27
425.87
426.46
427.08
427.72
428.34
428.97
429.57
430.18
430.80
431.40
432.01
432.55
433.08
433.61
434.12
434.63
435.15
435.68
436.20
436.72
437.23
437.75
438.28
438.90
439.52
440.13
440.74
441.35
441.92
442.50
443.07
443.64
444.20
444.78
445.37
445.96
446.55
447.15
447.76
448.37
448.96
