# Beats
0.70
1.39
2.09
2.79
3.44
4.09
4.70
5.31
5.96
6.57
7.17
7.77
8.37
8.97
9.58
10.17
10.73
11.28
11.84
12.35
12.86
13.37
13.89
14.40
14.91
15.42
15.93
16.54
17.16
17.77
18.39
18.99
19.50
20.02
20.53
21.04
21.54
22.04
22.53
23.05
23.55
24.07
24.59
25.11
25.63
26.15
26.67
27.26
27.85
28.44
29.02
29.61
30.14
30.69
31.22
31.75
32.29
32.83
33.38
33.92
34.46
34.99
35.54
36.08
36.63
37.18
37.71
38.25
38.80
39.33
39.88
40.43
40.97
41.52
42.05
42.59
43.10
43.61
44.12
44.63
45.14
45.65
46.16
46.67
47.18
47.71
48.24
48.77
49.30
49.81
50.32
50.83
51.34
51.85
52.36
52.87
53.39
53.92
54.44
54.96
55.51
56.05
56.58
57.10
57.61
58.14
58.67
59.19
59.70
60.21
60.72
61.23
61.75
62.28
62.82
63.37
63.91
64.46
64.99
65.52
66.05
66.57
67.09
67.62
68.14
68.65
69.17
69.68
70.24
70.81
71.38
71.96
72.54
73.12
73.68
74.23
74.79
75.37
75.95
76.54
77.14
77.69
78.26
78.83
79.42
80.00
80.58
81.17
81.76
82.34
82.92
83.49
84.06
84.64
85.21
85.77
86.34
86.91
87.49
88.07
88.65
89.26
89.84
90.42
91.00
91.58
92.15
92.72
93.27
93.84
94.41
94.99
95.57
96.13
96.72
97.31
97.88
98.48
99.07
99.66
100.24
100.82
101.40
101.98
102.57
103.14
103.70
104.26
104.83
105.40
106.00
106.60
107.17
107.74
108.31
108.90
109.51
110.12
110.74
111.35
111.93
112.51
113.10
113.70
114.29
114.88
115.46
116.05
116.65
117.24
117.83
118.42
119.01
