# Beats
0.48
0.96
1.45
1.93
2.41
2.97
3.52
4.06
4.61
5.17
5.74
6.29
6.83
7.36
7.89
8.44
8.96
9.50
10.04
10.59
11.15
11.70
12.21
12.71
13.21
13.72
14.25
14.77
15.30
15.84
16.37
16.90
17.44
18.00
18.56
19.11
19.67
20.20
20.75
21.27
21.80
22.37
22.94
23.50
24.07
24.66
25.25
25.82
26.39
26.95
27.50
28.05
28.49
28.93
29.37
29.81
30.26
30.70
31.14
31.61
32.09
32.57
33.04
33.52
34.01
34.49
34.99
35.48
35.96
36.46
36.94
37.37
37.80
38.23
38.68
39.14
39.59
40.02
40.45
40.89
41.33
41.77
42.20
42.64
43.12
43.61
44.09
44.59
45.09
45.59
46.09
46.59
47.09
47.60
48.09
48.59
49.09
49.57
50.06
50.57
51.10
51.62
52.18
52.73
53.30
53.85
54.39
54.94
55.50
56.05
56.56
57.09
57.62
58.17
58.71
59.26
59.81
60.37
60.92
61.46
62.01
62.53
63.05
63.58
64.09
64.60
65.11
65.62
66.13
66.66
67.20
67.71
68.36
69.01
69.66
70.30
70.94
71.55
72.17
72.79
73.33
73.86
74.44
75.01
75.58
76.16
76.74
77.28
77.81
78.32
78.85
79.39
79.92
80.49
81.06
81.64
82.29
82.94
83.59
84.22
84.85
85.47
86.10
86.73
87.38
88.03
88.65
89.29
89.93
90.57
91.10
91.64
92.14
92.62
93.10
93.60
94.09
94.57
95.07
95.57
96.06
96.56
97.06
97.56
98.05
98.55
99.04
99.56
100.12
100.68
101.26
101.84
102.41
102.98
103.56
104.13
104.70
105.26
105.82
106.39
106.97
107.55
108.12
108.72
109.31
109.88
110.45
111.01
111.57
112.14
112.71
113.27
113.81
114.38
114.96
115.54
116.18
116.82
117.43
118.05
118.68
119.30
119.92
120.53
121.15
121.77
122.39
123.02
123.66
124.28
124.92
125.57
126.25
126.85
127.45
128.00
128.55
129.09
129.63
130.15
130.68
131.22
131.74
132.26
132.78
133.31
133.82
134.33
134.85
135.37
135.91
136.44
136.95
137.45
137.97
138.48
138.99
139.51
140.02
140.50
141.00
141.50
141.99
142.48
142.97
143.45
143.94
144.43
144.90
145.38
145.84
146.31
146.81
147.30
147.78
148.26
148.75
149.23
149.72
150.21
150.69
151.16
151.64
152.11
152.58
153.04
153.47
153.90
154.34
154.84
155.34
155.84
156.35
156.85
157.36
157.85
158.34
158.80
159.28
159.75
160.24
160.75
161.24
161.73
162.21
162.73
163.24
163.75
164.23
164.72
165.21
165.71
166.21
166.72
167.23
167.74
168.18
168.65
169.10
169.56
170.02
170.48
170.95
171.40
171.86
172.33
172.80
173.27
173.73
174.20
174.66
175.12
175.61
176.10
176.59
177.08
177.57
178.05
178.48
178.91
179.35
179.78
180.19
180.60
181.00
181.42
181.82
182.23
182.79
183.33
183.88
184.41
184.95
185.48
186.02
186.55
187.06
187.55
188.06
188.55
189.06
189.56
190.06
190.54
191.05
191.56
192.08
192.56
193.05
193.56
194.06
194.56
195.05
195.56
196.05
196.56
197.06
197.56
198.05
198.55
199.05
199.56
200.06
200.56
201.06
201.55
202.04
202.55
203.06
203.59
204.12
204.64
205.15
205.66
206.18
206.70
207.24
207.76
208.29
208.83
209.35
209.84
210.30
210.77
211.24
211.70
212.18
212.65
213.11
213.58
214.05
