# Beats
0.44
0.89
1.35
1.80
2.25
2.71
3.15
3.58
3.99
4.40
4.79
5.20
5.60
5.99
6.39
6.78
7.19
7.58
7.98
8.38
8.79
9.20
9.62
10.05
10.48
10.90
11.32
11.75
12.17
12.59
13.00
13.41
13.82
14.21
14.62
15.02
15.43
15.82
16.22
16.61
17.02
17.44
17.87
18.30
18.73
19.16
19.56
19.97
20.38
20.78
21.19
21.59
22.00
22.43
22.86
23.29
23.72
24.14
24.56
24.98
25.40
25.81
26.22
26.63
27.04
27.45
27.85
28.26
28.67
29.06
29.48
29.88
30.29
30.70
31.10
31.51
31.90
32.30
32.69
33.09
33.48
33.88
34.27
34.67
35.06
35.46
35.86
36.26
36.65
37.06
37.45
37.85
38.24
38.64
39.02
39.40
39.79
40.18
40.58
40.97
41.37
41.75
42.14
42.54
42.92
43.33
43.72
44.13
44.54
44.97
45.38
45.79
46.22
46.65
47.08
47.51
47.95
48.40
48.85
49.34
49.83
50.32
50.82
51.29
51.77
52.14
52.52
52.90
53.27
53.65
54.04
54.43
54.82
55.22
55.62
56.02
56.40
56.80
57.19
57.59
57.97
58.36
58.76
59.15
59.56
59.95
60.36
60.76
61.14
61.53
61.93
62.32
62.73
63.12
63.51
63.90
64.27
64.66
65.04
65.45
65.84
66.23
66.63
67.02
67.41
67.79
68.16
68.53
68.91
69.29
69.67
70.10
70.53
70.96
71.41
71.88
72.33
72.79
73.25
73.70
74.15
74.61
75.06
75.50
75.95
76.41
76.86
77.32
77.78
78.23
78.68
79.13
79.59
80.04
80.48
80.92
81.36
81.79
82.22
82.64
83.06
83.53
84.01
84.50
84.99
85.47
85.96
86.49
87.03
87.56
88.08
88.62
89.15
89.69
90.21
90.72
91.24
91.77
92.35
92.94
93.53
94.16
94.77
95.39
96.00
96.61
97.21
97.81
98.44
99.07
99.69
100.32
100.94
101.62
102.31
102.99
103.67
104.33
105.00
105.66
106.34
107.02
107.72
108.39
109.02
109.64
110.25
110.86
111.49
112.11
112.73
113.43
114.10
114.78
115.45
116.05
116.66
117.27
117.89
118.50
119.12
119.72
120.33
121.00
121.66
122.33
123.02
123.70
124.38
125.05
125.72
126.41
127.09
127.78
128.48
129.17
129.94
130.71
131.47
132.24
132.95
133.64
134.35
135.06
135.77
136.48
137.09
137.72
138.33
138.96
139.59
140.18
140.77
141.36
141.96
142.55
143.13
143.72
144.30
144.88
145.46
146.03
146.60
147.18
147.76
148.34
148.92
149.50
150.07
150.65
151.22
151.80
152.38
152.95
153.53
154.11
154.68
155.26
155.84
156.42
157.00
157.58
158.16
158.74
159.37
160.00
160.62
161.23
161.83
162.44
163.04
163.63
164.22
164.83
165.42
166.01
166.58
167.15
167.74
168.31
168.88
169.46
170.04
170.62
171.19
171.76
172.34
172.92
173.50
174.08
174.65
175.22
175.80
176.38
176.96
177.55
178.14
178.72
179.32
179.90
180.49
181.08
181.66
182.24
182.82
183.40
183.98
184.56
185.14
185.72
186.29
186.87
187.45
188.04
188.62
189.20
189.78
190.35
190.93
191.51
192.09
192.67
193.24
193.81
194.39
194.95
195.54
196.10
196.50
196.88
197.27
197.65
198.02
198.40
198.80
199.18
199.56
199.95
200.34
200.71
201.11
201.49
201.87
202.26
202.64
203.01
203.40
203.78
204.16
204.54
204.93
205.31
205.68
206.07
206.45
206.83
207.20
207.59
207.97
208.35
208.72
209.11
209.49
209.87
210.26
210.63
211.01
211.39
211.78
212.15
212.53
212.92
213.30
213.68
214.06
214.44
214.82
215.20
215.59
215.97
216.34
216.72
217.11
217.49
217.86
218.24
218.63
219.01
219.39
219.78
220.15
220.53
220.90
221.29
221.67
222.05
222.45
222.85
223.26
223.67
224.07
224.48
224.87
225.27
225.65
226.03
226.42
226.80
227.18
227.58
227.99
228.38
228.79
229.18
229.59
229.99
230.40
230.81
231.20
231.60
231.99
232.40
232.80
233.20
233.63
234.06
234.49
234.92
235.35
235.76
236.19
236.61
237.04
237.47
237.88
238.28
238.69
239.12
239.54
239.94
240.35
240.76
241.16
241.57
241.99
242.42
242.85
243.28
243.69
244.12
244.55
244.97
245.41
245.86
246.32
246.69
247.06
247.42
247.78
248.14
248.50
248.85
249.20
249.52
249.86
250.20
250.53
250.87
251.21
251.52
251.86
252.20
252.55
253.03
253.50
253.98
254.48
254.98
255.48
255.97
256.46
256.96
257.46
