# Beats
0.49
0.99
1.47
1.96
2.45
2.94
3.39
3.84
4.30
4.75
5.20
5.61
6.04
6.44
6.85
7.47
8.08
8.71
9.33
9.96
10.58
11.19
11.82
12.45
13.07
13.69
14.30
14.88
15.50
16.09
16.68
17.31
17.90
18.49
19.09
19.74
20.38
21.01
21.64
22.26
22.89
23.50
24.09
24.68
25.33
25.99
26.66
27.45
28.24
29.02
29.83
30.63
31.37
32.14
32.87
33.59
34.32
35.09
35.81
36.50
37.21
37.89
38.57
39.26
39.96
40.66
41.37
42.05
42.74
43.44
44.15
44.83
45.49
46.15
46.81
47.48
48.13
48.80
49.49
50.18
50.87
51.57
52.24
52.93
53.55
54.16
54.78
55.39
56.01
56.63
57.25
57.86
58.49
59.12
59.74
60.37
61.00
61.63
62.25
62.79
63.33
63.88
64.41
64.95
65.46
65.98
66.50
67.04
67.58
68.12
68.71
69.31
69.90
70.50
71.09
71.68
72.28
72.89
73.51
74.12
74.75
75.38
76.00
76.63
77.24
77.87
78.50
79.05
79.62
80.18
80.75
81.32
81.85
82.38
82.92
83.45
83.99
84.52
85.03
85.57
86.10
86.66
87.21
87.79
88.36
88.93
89.51
90.07
90.63
91.20
91.77
92.32
92.87
93.41
93.97
94.53
95.07
95.61
96.15
96.71
97.25
97.76
98.27
98.79
99.31
