# Beats
0.60
1.21
1.81
2.41
3.11
3.82
4.52
5.21
5.91
6.62
7.31
8.01
8.71
9.42
10.12
10.72
11.32
11.91
12.52
13.11
13.70
14.30
14.86
15.39
15.93
16.47
17.03
17.58
18.18
18.80
19.32
19.83
20.34
20.85
21.35
21.85
22.36
22.87
23.38
23.89
24.40
24.92
25.41
25.91
26.41
26.91
27.40
27.89
28.37
28.87
29.37
29.88
30.39
30.89
31.39
31.89
32.39
32.88
33.37
33.85
34.35
34.85
35.35
35.81
36.27
36.72
37.18
37.64
38.10
38.64
39.17
39.69
40.22
40.73
41.24
41.76
42.28
42.79
43.31
43.80
44.32
44.83
45.35
45.86
46.36
46.86
47.36
47.86
48.36
48.85
49.37
49.88
50.40
50.91
51.41
51.92
52.43
52.95
53.48
53.97
54.46
54.96
55.43
55.89
56.35
56.80
57.24
57.68
58.13
58.58
59.03
59.48
59.93
60.38
60.93
61.47
62.02
62.55
63.09
63.62
64.13
64.64
65.16
65.64
66.13
66.63
67.13
67.63
68.13
68.61
69.11
69.63
70.14
70.65
71.16
71.68
72.19
72.71
73.24
73.77
74.29
74.81
75.34
75.85
76.35
76.85
77.35
77.83
78.32
78.81
79.30
79.78
80.26
80.75
81.24
81.72
82.14
82.56
82.98
83.46
83.95
84.44
84.93
85.41
85.90
86.39
86.89
87.38
87.86
88.36
88.86
89.36
89.86
90.36
90.88
91.41
91.93
92.44
92.95
93.46
93.97
94.48
94.99
95.49
95.99
96.50
97.00
97.51
98.08
98.63
99.17
99.82
100.47
101.13
101.80
102.45
103.10
103.74
104.37
105.02
105.67
106.32
106.97
107.61
108.24
108.83
109.44
110.00
110.57
111.14
111.71
112.28
112.85
113.38
113.93
114.45
114.97
115.48
116.01
116.54
117.08
117.59
118.11
118.62
119.14
119.68
120.21
120.70
121.18
121.67
122.22
122.76
123.30
123.81
124.32
124.83
125.34
125.85
126.36
126.87
127.38
127.92
128.45
128.98
129.47
129.99
130.50
131.01
131.52
132.04
132.56
133.09
133.60
134.11
134.61
135.12
135.63
136.14
136.65
137.07
137.50
137.93
138.43
138.92
139.41
139.92
140.43
140.95
141.33
141.70
142.08
142.47
142.86
143.26
143.64
144.01
144.39
144.79
145.18
145.57
145.94
146.31
146.68
147.05
147.46
147.86
148.27
148.68
149.07
149.47
149.87
150.27
150.67
151.08
151.49
151.86
152.23
152.60
152.97
153.33
153.69
154.05
154.41
154.85
155.31
155.76
156.22
156.69
157.15
157.69
158.22
158.75
159.27
159.78
160.29
160.80
161.31
161.82
162.33
162.84
163.36
163.91
164.46
165.04
165.60
166.17
166.67
167.17
167.67
168.17
168.67
169.17
169.67
170.17
170.68
171.15
171.63
172.11
172.54
172.97
173.41
173.85
174.31
174.78
175.23
175.67
176.12
176.58
177.02
177.46
177.91
178.35
178.79
179.25
179.70
180.14
180.58
181.03
181.48
181.93
182.37
182.81
183.25
183.69
184.13
184.58
185.02
185.47
185.89
186.31
186.72
187.14
187.59
188.04
188.48
188.93
189.37
189.82
190.26
190.71
191.16
191.61
192.08
192.53
192.98
193.43
193.89
194.34
194.80
195.27
195.74
196.23
196.67
197.11
197.56
198.03
198.50
198.97
199.45
199.92
200.40
200.88
201.34
201.82
202.25
202.68
203.12
203.55
203.98
204.42
204.85
205.26
205.68
206.11
206.54
206.97
207.40
207.83
208.18
208.54
208.90
209.26
209.61
209.95
210.33
210.70
211.05
211.39
211.75
212.11
212.49
212.85
213.23
213.60
213.98
214.37
214.74
215.11
215.50
215.90
216.27
216.67
217.04
217.41
217.79
218.17
218.58
218.99
219.38
219.78
220.17
220.57
220.96
221.36
