# Beats
0.70
1.39
2.09
2.79
3.51
4.20
4.84
5.48
6.08
6.69
7.29
7.87
8.45
9.03
9.61
10.19
10.73
11.26
11.82
12.38
12.91
13.46
14.00
14.57
15.12
15.65
16.18
16.67
17.16
17.67
18.18
18.69
19.19
19.64
20.12
20.57
21.04
21.50
21.95
22.43
22.91
23.36
23.81
24.26
24.73
25.21
25.61
26.01
26.40
26.78
27.17
27.56
27.95
28.33
28.72
29.13
29.54
30.04
30.55
31.06
31.56
32.07
32.57
33.07
33.55
34.04
34.56
35.11
35.67
36.20
36.73
37.20
37.66
38.13
38.64
39.13
39.61
40.10
40.57
41.02
41.47
41.96
42.45
42.91
43.40
43.89
44.37
44.84
45.33
45.79
46.25
46.74
47.22
47.69
48.16
48.62
49.08
49.53
49.99
50.45
50.93
51.41
51.90
52.38
52.85
53.31
53.73
54.17
54.61
55.10
55.59
56.08
56.58
57.07
57.56
58.04
58.51
59.01
59.50
59.98
60.46
60.95
61.43
61.90
62.38
62.84
63.32
63.79
64.26
64.74
65.20
65.67
66.13
66.62
67.11
67.59
68.09
68.52
68.94
69.36
69.78
70.19
70.62
71.05
71.47
71.89
72.33
72.76
73.18
73.61
74.05
74.49
74.93
75.36
75.79
76.22
76.65
77.09
77.53
77.97
78.41
78.85
79.32
79.77
80.25
80.72
81.20
81.66
82.11
82.55
82.99
83.43
83.89
84.35
84.85
85.34
85.84
86.36
86.89
87.40
87.91
88.42
88.93
89.49
90.06
90.65
91.23
91.81
92.39
92.97
93.53
94.11
94.69
95.25
95.81
96.36
96.94
97.54
98.20
98.85
99.49
100.12
100.76
101.41
102.07
102.75
103.40
