# Beats
0.53
1.07
1.60
2.14
2.67
3.19
3.72
4.24
4.76
5.28
5.80
6.32
6.83
7.43
8.00
8.58
9.17
9.76
10.36
10.94
11.53
12.11
12.70
13.28
13.84
14.41
14.98
15.55
16.11
16.66
17.21
17.76
18.31
18.85
19.47
20.09
20.70
21.37
22.05
22.71
23.37
23.92
24.45
25.00
25.54
26.09
26.63
27.19
27.75
28.32
28.89
29.44
30.00
30.56
31.10
31.75
32.43
33.09
33.75
34.41
35.07
35.78
36.50
37.22
37.93
38.64
39.35
40.05
40.76
41.46
42.17
42.88
43.57
44.27
44.93
45.59
46.24
46.89
47.54
48.11
48.68
49.24
49.80
50.34
50.97
51.59
52.24
52.88
53.53
54.18
54.85
55.50
56.16
56.78
57.41
58.03
58.63
59.23
59.85
60.45
61.05
61.65
62.24
62.88
63.52
64.15
64.77
65.43
66.10
66.78
67.47
68.15
68.85
69.54
70.08
70.60
71.12
71.65
72.18
72.71
73.24
73.77
74.29
74.83
75.36
75.88
76.42
76.95
77.48
78.02
78.54
79.08
79.60
80.12
80.64
81.18
81.70
82.23
82.77
83.31
83.86
84.42
84.80
85.18
85.57
85.93
86.29
86.65
87.01
87.35
87.71
88.06
88.41
88.77
89.12
89.48
89.83
90.17
90.52
90.88
91.23
91.59
91.94
92.30
92.65
93.00
93.36
93.72
94.06
94.41
94.76
95.12
95.48
95.83
96.19
96.54
96.89
97.23
97.58
97.94
98.30
98.65
99.00
99.36
99.71
100.07
100.41
100.76
101.11
101.47
101.83
102.18
102.54
102.90
103.25
103.60
103.96
104.30
104.66
105.01
105.36
105.72
106.07
106.42
106.78
107.13
107.49
107.83
108.18
108.53
108.88
109.23
109.57
109.93
110.28
110.64
111.00
111.36
111.71
112.06
112.42
112.77
113.12
113.46
113.82
114.17
114.52
114.87
115.22
115.58
115.94
116.30
116.65
116.99
117.35
117.70
118.06
118.42
118.77
119.12
119.48
119.83
120.17
120.52
120.87
121.23
121.58
121.93
122.29
122.64
123.00
123.34
123.69
124.05
124.41
124.76
125.12
125.47
125.82
126.15
126.50
126.85
127.21
127.57
127.93
128.28
128.64
128.99
129.34
129.70
130.04
130.40
130.75
131.10
131.45
131.81
132.16
132.52
132.88
133.22
133.58
133.93
134.29
134.64
134.99
135.34
135.70
136.06
136.42
136.77
137.11
137.46
137.82
138.18
138.53
138.88
139.23
139.58
139.92
140.27
140.62
140.98
141.34
141.70
142.05
142.40
142.76
143.10
143.46
143.82
144.18
144.53
144.88
145.23
145.58
145.93
146.27
146.63
146.99
147.34
147.70
148.05
148.40
148.75
149.10
149.44
149.80
150.16
150.51
150.86
151.21
151.56
151.92
152.28
152.64
153.00
153.34
153.69
154.05
154.40
154.75
155.10
155.45
155.79
156.15
156.51
156.87
157.23
157.59
157.94
158.29
158.65
159.00
159.36
159.71
160.07
160.42
160.76
161.11
161.47
161.82
162.17
162.52
162.88
163.24
163.60
163.94
164.29
164.64
165.00
165.36
165.71
166.07
166.42
166.77
167.11
167.46
167.82
168.17
168.53
168.88
169.23
169.58
169.94
170.30
170.66
171.00
171.36
171.71
172.07
172.42
172.78
173.13
173.48
173.82
174.17
174.52
174.88
175.36
175.82
176.29
176.75
177.21
177.67
178.11
178.55
178.99
179.43
179.88
180.34
180.78
181.23
181.60
181.99
182.36
182.74
183.11
183.48
183.87
184.24
184.65
185.04
185.43
185.83
186.24
186.64
187.05
187.45
187.86
188.28
188.69
189.10
189.51
189.92
190.31
190.71
191.10
191.49
191.88
192.26
192.66
193.05
193.45
193.84
194.22
194.61
194.97
195.34
195.71
196.08
196.42
196.75
197.09
197.43
197.80
198.17
198.54
198.91
199.27
199.63
199.99
200.35
200.81
201.26
201.71
202.19
202.64
203.09
203.53
203.98
204.42
204.87
205.33
205.81
206.29
206.70
207.12
207.54
207.96
208.38
208.78
209.19
209.70
210.21
210.72
211.23
211.74
212.25
212.86
213.46
214.05
214.65
215.24
215.85
216.47
217.12
217.77
218.41
219.05
219.68
220.32
220.96
221.61
222.25
222.89
223.53
224.17
224.80
225.44
226.14
226.84
227.51
228.19
228.86
229.52
230.16
230.79
231.43
232.10
232.80
233.51
234.22
234.95
235.68
236.41
237.15
