# Beats
0.49
0.99
1.49
1.99
2.48
2.98
3.48
3.97
4.46
4.95
5.42
5.90
6.37
6.85
7.33
7.84
8.34
8.84
9.35
9.86
10.37
10.88
11.40
11.90
12.40
12.90
13.39
13.87
14.36
14.85
15.33
15.80
16.28
16.83
17.39
17.95
18.51
19.09
19.64
20.20
20.76
21.33
21.87
22.41
22.95
23.50
24.08
24.66
25.25
25.77
26.32
26.84
27.35
27.86
28.37
28.87
29.38
29.91
30.44
30.99
31.49
31.99
32.48
32.97
33.47
33.97
34.47
34.96
35.46
35.94
36.42
36.90
37.36
37.83
38.29
38.82
39.35
39.87
40.39
40.90
41.42
41.99
42.56
43.24
43.91
44.57
45.26
45.93
46.61
47.29
47.90
48.52
49.13
49.75
50.36
51.01
51.66
52.30
52.94
53.57
54.20
54.83
55.46
56.09
56.74
57.39
58.05
58.70
59.36
60.02
60.69
61.30
61.92
62.47
63.03
63.60
64.16
64.71
65.26
65.81
66.36
66.91
67.45
68.01
68.58
69.15
69.73
70.28
70.81
71.33
71.84
72.35
72.88
73.40
73.92
74.44
74.98
75.51
75.95
76.38
76.81
77.25
77.65
78.04
78.44
78.82
79.20
79.61
80.02
80.40
80.77
81.15
81.54
82.06
82.58
83.22
83.82
84.43
85.03
85.62
86.19
86.75
87.30
87.86
88.43
89.00
89.56
90.12
90.67
91.23
91.79
92.36
92.93
93.48
94.03
94.59
95.18
95.77
96.37
96.99
97.59
98.23
98.88
99.53
100.16
100.79
101.42
102.05
102.67
103.28
103.90
104.52
105.15
105.78
106.41
107.00
107.58
108.17
108.63
109.11
109.59
110.06
110.55
111.03
111.51
111.98
112.44
112.91
113.37
113.84
114.30
114.81
115.33
115.86
116.38
116.90
117.42
117.93
118.46
118.97
119.48
120.00
120.52
121.05
121.57
122.09
122.61
123.12
123.60
124.08
124.56
125.05
125.54
126.03
126.51
127.00
127.49
128.02
128.56
129.09
129.54
130.00
130.46
130.93
131.39
131.85
132.39
132.92
133.45
133.98
134.51
135.04
135.56
136.08
136.60
137.11
137.62
138.12
138.62
139.12
139.63
140.20
140.77
141.31
141.84
142.36
142.79
143.22
143.65
144.08
144.51
144.93
145.36
145.79
146.20
146.62
147.04
147.46
147.88
148.29
148.72
149.15
149.57
149.99
150.41
150.83
151.25
151.71
152.16
152.61
153.05
153.57
154.08
154.58
155.07
155.59
156.10
156.61
157.13
157.74
158.36
158.96
159.58
160.19
160.82
161.46
162.12
162.78
163.45
164.13
164.82
165.50
166.19
166.88
167.57
168.25
168.94
169.68
170.41
171.13
171.86
172.55
173.24
173.93
174.61
175.30
175.98
176.67
177.35
178.03
178.62
179.21
179.82
180.42
181.02
181.65
182.28
182.90
183.54
184.17
184.80
185.42
186.06
186.70
187.25
187.76
188.28
188.80
189.32
189.86
190.37
190.87
191.36
191.85
192.35
192.85
193.31
193.77
194.23
194.70
195.16
195.64
196.10
196.58
197.06
197.52
197.92
198.31
198.72
199.12
199.47
199.82
200.17
200.62
201.05
201.48
201.91
202.37
202.84
203.29
203.76
204.21
204.66
205.13
205.58
206.03
206.48
206.95
207.41
207.88
208.33
208.78
209.24
209.64
210.04
210.43
210.83
211.22
211.62
212.01
212.39
212.78
213.16
213.54
213.93
214.31
214.69
215.09
215.47
215.90
216.32
216.75
217.22
217.70
218.17
218.64
219.10
219.57
220.03
220.50
220.96
221.43
221.88
222.34
222.82
223.28
223.75
224.21
224.68
225.14
225.61
226.07
226.53
227.01
227.47
227.95
228.41
228.89
229.37
229.84
230.32
230.82
231.32
231.80
232.34
232.87
233.45
234.03
234.63
235.29
235.95
236.62
237.28
237.93
238.59
239.24
239.84
240.44
241.03
241.63
242.22
242.73
243.23
243.73
244.23
244.73
245.23
245.73
246.22
246.74
247.23
247.73
248.27
248.80
249.34
249.88
250.42
250.95
251.48
252.02
252.55
253.02
253.47
253.92
254.37
254.83
255.28
255.73
256.17
256.63
257.08
257.54
258.01
258.48
258.91
259.34
259.78
260.26
260.75
261.24
261.71
262.19
262.66
263.14
263.63
264.10
264.52
264.93
265.32
265.73
266.14
266.54
266.95
267.35
267.76
268.17
268.57
268.98
269.39
269.79
270.20
270.65
271.10
271.56
272.02
272.50
272.97
273.44
273.90
274.36
274.81
275.25
275.69
276.13
276.58
277.01
277.46
277.88
278.30
278.74
279.19
279.63
