# Beats
0.38
0.78
1.17
1.57
1.97
2.38
2.79
3.18
3.58
3.97
4.37
4.77
5.18
5.56
5.93
6.32
6.70
7.08
7.52
7.96
8.39
8.84
9.26
9.69
10.12
10.55
10.98
11.42
11.85
12.28
12.71
13.14
13.56
13.99
14.41
14.83
15.24
15.66
16.08
16.50
16.92
17.32
17.74
18.16
18.58
18.99
19.42
19.84
20.26
20.68
21.05
21.41
21.78
22.15
22.49
22.83
23.16
23.50
23.85
24.18
24.53
24.88
25.23
25.65
26.09
26.52
26.94
27.35
27.76
28.17
28.58
29.00
29.42
29.84
30.26
30.66
31.08
31.50
31.92
32.33
32.75
33.16
33.58
33.99
34.41
34.84
35.25
35.67
36.08
36.50
36.92
37.34
37.76
38.17
38.58
39.00
39.42
39.83
40.24
40.66
41.08
41.49
41.91
42.32
42.74
43.15
43.58
44.00
44.41
44.83
45.26
45.69
46.10
46.52
46.95
47.38
47.80
48.23
48.66
49.09
49.50
49.92
50.35
50.77
51.19
51.61
52.04
52.47
52.88
53.31
53.73
54.15
54.57
54.98
55.41
55.83
56.25
56.68
57.11
57.54
57.97
58.39
58.80
59.23
59.65
60.08
60.50
60.93
61.36
61.79
62.23
62.69
63.16
63.62
64.11
64.59
65.07
65.65
66.25
66.82
67.38
67.95
68.55
69.15
69.74
70.36
70.97
71.51
72.02
72.56
73.07
73.58
74.12
74.70
75.28
75.92
76.56
77.21
77.93
78.66
79.39
80.09
80.74
81.36
81.97
82.57
83.17
83.73
84.29
84.85
85.43
86.02
86.48
86.94
87.38
87.81
88.24
88.65
89.08
89.51
89.94
90.37
90.80
91.22
91.65
92.07
92.52
92.98
93.45
93.91
94.40
94.88
95.32
95.78
96.24
96.66
97.09
97.52
97.94
98.37
98.80
99.23
99.66
100.09
100.52
100.96
101.38
101.81
102.23
102.66
103.10
103.53
103.96
104.39
104.81
105.24
105.70
106.15
106.61
107.06
107.50
107.93
108.37
108.81
109.25
109.70
110.16
110.61
111.06
111.50
111.94
112.38
112.83
113.28
113.73
114.17
114.75
115.33
115.91
116.49
117.08
117.66
118.24
118.82
119.42
120.02
120.64
121.25
121.86
122.46
123.08
123.66
124.23
124.80
125.38
125.95
126.51
127.08
127.65
128.23
128.80
129.37
129.94
130.52
131.09
131.66
132.23
132.77
133.32
133.91
134.50
135.09
135.69
136.28
136.81
137.37
137.91
138.34
138.77
139.20
139.63
140.05
140.49
140.93
141.37
141.80
142.23
142.66
143.08
143.51
143.94
144.47
145.01
145.54
146.09
146.63
147.30
147.96
148.61
149.25
149.88
150.52
151.17
151.81
152.45
