# Beats
0.39
0.80
1.21
1.63
2.04
2.46
2.86
3.34
3.83
4.32
4.79
5.29
5.78
6.29
6.79
7.29
7.78
8.27
8.77
9.26
9.78
10.26
10.77
11.27
11.78
12.32
12.84
13.35
13.94
14.55
15.14
15.74
16.35
16.95
17.55
18.16
18.75
19.44
20.12
20.81
21.49
22.18
22.87
23.57
24.14
24.71
25.26
25.82
26.38
26.92
27.47
28.03
28.58
29.14
29.70
30.24
30.79
31.35
31.90
32.45
33.07
33.68
34.30
34.92
35.55
36.08
36.62
37.14
37.58
38.03
38.50
38.93
39.36
39.79
40.24
40.68
41.12
41.58
42.03
42.49
42.93
43.42
43.92
44.42
44.97
45.53
46.08
46.63
47.18
47.74
48.30
48.84
49.39
49.95
50.49
51.03
51.55
52.01
52.47
52.94
53.41
53.86
54.31
54.78
55.31
55.84
56.35
56.89
57.40
57.93
58.46
59.00
59.54
60.07
60.62
61.23
61.83
62.43
63.02
63.62
64.13
64.64
65.17
65.62
66.06
66.50
66.90
67.30
67.72
68.13
68.49
68.85
69.22
69.57
69.96
70.36
70.77
71.20
71.63
72.05
72.48
72.89
73.31
73.71
74.12
74.52
74.95
75.37
75.82
76.27
76.72
77.17
77.65
78.14
78.63
79.11
79.57
80.04
80.49
80.96
81.42
81.87
82.33
82.80
83.31
83.82
84.32
84.92
85.51
86.11
86.73
87.34
87.96
88.58
89.25
89.90
90.57
91.21
91.85
92.50
93.14
93.76
94.41
95.04
95.64
96.25
96.86
97.48
98.07
98.57
99.04
99.53
99.99
100.43
100.89
101.36
101.82
102.28
102.76
103.24
103.70
104.12
104.54
104.93
105.35
105.77
106.17
106.58
106.97
107.37
107.76
108.17
108.55
108.95
109.35
109.74
110.13
110.53
110.92
111.32
111.71
112.09
112.48
112.87
113.28
113.66
114.04
114.44
114.83
115.25
115.67
116.12
116.58
117.02
117.46
117.89
118.33
118.78
119.23
119.68
120.12
120.58
121.05
121.51
121.97
122.45
122.90
123.34
123.79
124.23
124.69
125.14
125.61
126.06
126.58
127.08
127.59
128.09
128.60
129.10
129.59
130.08
130.57
131.04
131.52
131.99
132.47
132.92
133.38
133.83
134.27
134.72
135.16
135.60
136.07
136.51
136.96
137.42
137.88
138.34
138.81
139.27
139.69
140.12
140.53
140.97
141.41
141.85
142.29
142.72
