# Beats
0.58
1.17
1.76
2.36
2.95
3.53
4.11
4.69
5.26
5.85
6.43
7.01
7.50
7.99
8.48
8.92
9.38
9.82
10.26
10.77
11.31
11.84
12.40
12.93
13.44
13.97
14.49
15.01
15.53
16.08
16.68
17.28
17.88
18.46
19.05
19.69
20.32
20.99
21.68
22.36
23.07
23.77
24.47
25.17
25.87
26.56
27.26
27.96
28.61
29.25
29.90
30.51
31.14
31.76
32.39
33.02
33.63
34.20
34.77
35.34
35.93
36.50
37.09
37.69
38.25
38.89
39.54
40.22
40.87
41.54
42.23
42.90
43.58
44.28
44.98
45.67
46.41
47.15
47.87
48.60
49.34
50.09
50.75
51.41
52.06
52.73
53.41
54.04
54.68
55.22
55.74
56.26
56.70
57.14
57.59
58.03
58.46
58.90
59.33
59.76
60.21
60.66
61.18
61.70
62.19
62.65
63.09
63.53
63.98
64.44
64.90
65.36
65.85
66.34
66.83
67.37
67.92
68.46
69.01
69.56
70.11
70.67
71.23
71.78
72.34
72.90
73.46
74.01
74.59
75.17
75.79
76.41
77.02
77.62
78.23
78.81
79.39
79.97
80.48
81.01
81.55
82.08
82.60
83.15
83.73
84.30
84.94
85.58
86.22
86.87
87.50
88.11
88.72
89.33
89.95
90.58
91.21
91.83
92.44
93.07
93.70
94.34
94.97
95.61
96.26
96.91
97.55
98.15
98.73
99.33
99.92
100.52
101.15
101.75
102.34
102.91
103.47
104.03
104.58
105.16
105.73
106.32
106.90
107.51
108.10
108.69
109.28
109.88
110.47
111.06
111.65
112.26
112.87
113.41
113.95
114.49
115.01
115.52
116.05
116.59
117.12
117.63
118.14
118.68
119.21
119.75
120.37
120.96
121.56
122.16
122.75
123.34
123.97
124.58
125.16
125.74
126.29
126.87
127.47
128.06
128.64
129.22
129.86
130.50
131.12
131.75
132.35
132.96
133.55
134.14
134.75
135.34
135.93
136.53
137.15
137.76
138.52
139.30
140.05
140.81
141.55
142.32
143.08
143.84
144.59
145.35
146.10
146.85
147.59
148.33
148.98
149.63
150.21
150.79
151.39
151.97
152.57
153.09
153.60
154.12
154.62
155.11
155.60
156.05
156.50
156.93
157.36
157.80
158.24
158.69
159.20
159.71
160.24
160.82
161.38
161.96
162.57
163.18
163.84
164.51
165.18
165.84
166.50
167.16
167.81
168.47
169.13
169.81
170.47
171.14
171.83
172.50
173.17
173.86
174.43
175.01
175.57
176.12
176.67
177.24
177.80
178.33
178.86
179.40
179.86
180.33
180.78
181.24
181.63
182.03
182.44
182.85
183.25
183.66
184.06
184.54
185.02
185.48
185.95
186.41
186.87
187.34
187.81
188.29
188.76
189.22
189.68
190.22
190.73
191.26
191.81
192.35
192.89
193.43
193.98
194.54
195.09
195.60
196.16
196.71
197.24
197.69
198.14
198.60
199.06
199.54
200.02
200.47
200.92
201.35
201.78
202.22
202.66
203.10
203.55
204.01
204.45
204.89
205.30
205.71
206.14
206.59
207.05
207.52
207.98
208.45
208.91
209.39
209.85
210.30
210.77
211.24
211.70
212.14
212.59
213.07
213.53
213.98
214.48
214.96
215.43
215.92
216.41
216.90
217.36
217.83
218.29
218.74
219.20
219.64
220.08
220.52
220.96
221.46
221.96
222.47
222.97
223.47
223.96
224.47
224.98
225.49
226.00
226.51
227.02
227.52
228.04
228.55
229.06
229.58
230.11
230.63
231.15
231.67
232.15
232.65
233.16
233.69
234.21
234.73
235.26
235.80
236.33
236.87
237.40
237.93
238.47
239.00
239.53
240.07
240.61
241.15
241.70
242.24
242.79
243.35
243.93
244.48
245.05
245.62
246.20
246.76
247.32
247.88
248.48
249.06
249.63
250.09
250.57
251.03
251.50
251.96
252.42
252.91
253.40
253.88
254.35
254.84
255.33
255.83
256.34
256.82
257.35
257.86
258.35
258.93
259.51
260.06
260.62
261.20
261.78
262.34
262.93
263.52
264.09
264.66
265.24
265.82
266.39
266.98
267.55
268.11
268.69
269.28
269.87
270.47
271.05
271.63
272.21
272.80
273.39
273.97
