# Beats
0.53
1.08
1.63
2.17
2.72
3.24
3.76
4.28
4.76
5.24
5.70
6.16
6.63
7.09
7.55
7.99
8.43
8.88
9.33
9.79
10.24
10.74
11.24
11.73
12.25
12.76
13.27
13.79
14.32
14.83
15.23
15.64
16.04
16.45
16.86
17.26
17.67
18.03
18.38
18.73
19.06
19.46
19.85
20.25
20.64
21.03
21.41
21.79
22.15
22.56
22.95
23.34
23.72
24.10
24.49
24.87
25.24
25.62
26.01
26.38
26.76
27.13
27.50
27.88
28.26
28.64
29.01
29.38
29.76
30.14
30.51
30.89
31.27
31.65
32.03
32.42
32.80
33.18
33.55
33.92
34.31
34.69
35.07
35.46
35.84
36.22
36.61
36.99
37.37
37.76
38.14
38.52
38.91
39.29
39.67
40.05
40.46
40.87
41.29
41.81
42.32
42.84
43.43
44.01
44.58
45.15
45.73
46.27
46.80
47.33
47.87
48.43
48.97
49.60
50.21
50.83
51.46
52.07
52.69
53.30
53.91
54.50
55.09
55.68
56.26
56.84
57.42
58.00
58.60
59.19
59.78
60.36
60.94
61.52
62.11
62.71
63.30
63.88
64.46
65.05
65.64
66.22
66.82
67.41
68.00
68.58
69.17
69.76
70.34
70.94
71.49
72.05
72.62
73.18
73.73
74.28
74.84
75.37
75.96
76.57
77.16
77.76
78.36
78.94
79.53
80.11
80.69
81.28
81.87
82.47
83.05
83.64
84.23
84.81
85.38
85.96
86.54
87.12
87.70
88.28
88.86
89.45
90.05
90.64
91.23
91.82
92.42
93.03
93.62
94.21
94.81
95.40
95.99
96.57
97.16
97.76
98.16
98.57
98.98
99.37
99.76
100.17
100.59
101.01
101.42
101.84
102.26
102.67
103.07
103.47
103.85
104.25
104.64
105.04
105.42
105.80
106.20
106.58
106.95
107.35
107.74
108.12
108.52
108.91
109.31
109.69
110.09
110.47
110.85
111.25
111.62
112.00
112.38
112.76
113.14
113.53
113.92
114.30
114.68
115.05
115.44
115.82
116.20
116.59
116.97
117.35
117.74
118.11
118.49
118.87
119.26
119.64
120.02
120.41
120.79
121.17
121.56
121.94
122.31
122.71
123.09
123.47
123.86
124.24
124.62
125.00
125.39
125.77
126.15
126.53
126.91
127.29
127.67
128.05
128.43
128.82
129.21
129.59
129.96
130.36
130.74
131.11
131.49
131.88
132.26
132.64
133.03
133.41
133.79
134.16
134.55
134.93
135.33
135.70
136.08
136.46
136.86
137.24
137.62
138.00
138.38
138.76
139.15
139.53
139.91
140.29
140.68
141.06
141.43
141.82
142.20
142.58
142.97
143.35
143.73
144.11
144.49
144.87
145.25
145.64
146.02
146.41
146.80
147.18
147.56
147.95
148.32
148.70
149.10
149.48
149.86
150.24
150.63
151.00
151.38
151.77
152.15
152.54
152.92
153.29
153.67
154.04
154.42
154.81
155.19
155.57
155.96
156.34
156.72
157.11
157.49
157.87
158.26
158.64
159.02
159.39
159.78
160.16
160.54
160.93
161.31
161.69
162.08
162.46
162.84
163.21
163.60
163.98
164.36
164.75
165.13
165.51
165.88
166.25
166.64
167.02
167.40
167.78
168.16
168.53
168.91
169.29
169.67
170.04
170.41
170.79
171.18
171.56
171.93
172.32
172.69
173.06
173.43
173.80
174.17
174.56
174.93
175.31
175.72
176.13
176.55
176.97
177.40
177.82
178.24
178.65
179.07
179.50
179.91
180.33
180.73
181.15
181.58
182.00
182.43
182.89
183.34
183.80
184.25
184.71
185.18
185.63
186.06
186.48
186.90
187.32
187.73
188.16
188.58
189.01
189.44
189.86
190.28
190.69
191.11
191.53
191.95
192.38
192.81
193.22
193.65
194.08
194.50
194.93
195.36
195.79
196.22
196.65
197.08
197.51
197.92
198.31
198.70
199.10
199.49
199.89
200.27
200.66
201.05
201.43
201.83
202.23
202.64
203.05
203.45
203.85
204.24
204.64
205.04
205.45
205.84
206.24
206.63
207.04
207.44
207.84
208.25
208.64
209.03
209.42
209.83
210.22
210.63
211.03
211.43
211.82
212.23
212.64
213.03
213.43
213.82
214.22
214.61
215.01
215.40
215.83
216.27
216.71
217.15
217.58
218.01
218.45
218.88
219.32
219.77
220.21
220.65
221.08
221.55
222.03
222.51
223.03
223.56
224.10
224.62
225.14
225.66
226.19
226.71
227.24
227.71
228.16
228.61
229.04
229.48
229.91
230.35
230.79
231.25
231.69
232.14
232.58
233.02
233.51
234.00
234.50
234.92
235.32
235.73
236.14
236.53
236.94
237.34
237.76
238.17
238.57
238.98
239.39
239.78
240.18
240.57
240.98
241.38
241.79
242.20
242.59
243.00
243.40
243.81
244.22
244.61
245.02
245.41
245.82
246.21
246.62
247.03
247.42
247.81
248.22
248.63
249.03
249.44
249.85
250.25
250.65
251.05
251.46
251.86
252.26
252.67
253.06
253.47
253.86
254.27
254.68
255.08
255.49
255.90
256.30
256.70
257.09
257.50
257.90
258.30
258.71
259.11
259.52
259.91
260.32
260.73
261.12
261.53
261.92
262.33
262.73
263.14
263.53
263.94
264.36
264.78
265.18
265.59
266.01
266.41
266.81
267.20
267.60
268.00
268.40
268.79
269.19
269.58
269.99
270.40
270.79
271.20
271.60
272.01
272.43
272.83
273.25
273.72
274.18
274.65
275.08
275.50
275.93
276.36
276.81
277.23
277.65
278.08
278.51
278.94
279.37
279.81
280.25
280.68
281.12
281.57
281.99
282.44
282.88
283.32
283.76
284.20
284.64
285.08
285.52
285.97
286.41
286.86
287.31
287.75
288.19
288.66
289.11
289.58
289.99
290.41
290.84
291.26
291.68
292.08
292.49
292.88
293.29
293.70
294.10
294.51
294.92
295.33
295.74
296.15
296.55
296.97
297.39
297.80
298.20
298.62
299.04
299.46
299.89
300.32
300.76
301.19
301.63
302.07
302.51
302.95
303.38
303.81
304.24
304.76
305.28
305.81
306.33
306.85
307.37
307.93
308.49
309.03
309.58
310.13
310.68
311.24
311.80
312.35
