# Beats
0.51
1.03
1.56
2.07
2.59
3.10
3.62
4.14
4.66
5.17
5.68
6.28
6.88
7.47
8.05
8.63
9.20
9.75
10.40
11.04
11.67
12.29
12.91
13.51
14.12
14.71
15.31
15.92
16.51
17.11
17.72
18.32
18.92
19.53
20.12
20.72
21.34
21.95
22.56
23.16
23.77
24.37
24.97
25.59
26.20
26.82
27.43
28.06
28.68
29.29
29.90
30.51
31.13
31.75
32.37
32.94
33.52
34.18
34.80
35.41
36.04
36.65
37.24
37.85
38.45
39.07
39.69
40.15
40.59
41.04
41.49
41.94
42.38
42.83
43.28
43.71
44.13
44.56
44.98
45.40
45.80
46.20
46.60
47.01
47.42
47.82
48.23
48.62
49.03
49.44
49.83
50.24
50.65
51.06
51.47
51.87
52.28
52.69
53.10
53.52
53.94
54.35
54.75
55.15
55.54
55.94
56.33
56.73
57.12
57.52
57.92
58.31
58.68
59.06
59.43
59.81
60.21
60.59
60.96
61.34
61.72
62.10
62.50
62.88
63.26
63.65
64.03
64.41
64.80
65.18
65.57
65.98
66.36
66.76
67.15
67.54
67.92
68.30
68.68
69.07
69.45
69.85
70.24
70.64
71.02
71.40
71.78
72.17
72.55
72.93
73.32
73.71
74.09
74.47
74.85
75.23
75.62
76.00
76.38
76.77
77.15
77.53
77.91
78.30
78.69
79.08
79.46
79.84
80.22
80.61
80.99
81.37
81.75
82.13
82.51
82.90
83.28
83.65
84.03
84.40
84.80
85.18
85.58
85.96
86.34
86.73
87.12
87.50
87.89
88.27
88.65
89.03
89.41
89.79
90.17
90.56
90.94
91.32
91.71
92.09
92.47
92.86
93.24
93.62
93.99
94.38
94.76
95.14
95.53
95.92
96.32
96.70
97.08
97.47
97.85
98.23
98.62
99.00
99.37
99.75
100.14
100.52
100.90
101.29
101.66
102.04
102.42
102.82
103.20
103.57
103.97
104.36
104.77
105.16
105.67
106.18
106.68
107.18
107.68
108.19
108.82
109.44
110.07
110.71
111.35
111.99
112.62
113.24
113.87
114.50
115.12
115.75
116.38
117.01
