# Beats
0.48
0.95
1.43
1.90
2.39
2.86
3.33
3.80
4.26
4.70
5.15
5.62
6.08
6.55
7.02
7.48
7.94
8.39
8.86
9.33
9.79
10.25
10.72
11.18
11.63
12.09
12.54
12.99
13.46
13.91
14.37
14.83
15.26
15.70
16.13
16.60
17.07
17.55
18.03
18.51
18.98
19.46
19.92
20.39
20.85
21.30
21.76
22.29
22.83
23.36
23.92
24.47
25.03
25.58
26.15
26.70
27.27
27.83
28.36
28.91
29.44
29.97
30.50
31.02
31.53
32.04
32.55
33.04
33.53
34.02
34.48
34.95
35.42
35.83
36.22
36.62
37.01
37.43
37.86
38.29
38.79
39.29
39.79
40.31
40.83
41.35
41.90
42.45
42.98
43.51
44.05
44.58
45.09
45.59
46.09
46.60
47.10
47.67
48.24
48.81
49.37
49.91
50.46
51.06
51.65
52.20
52.73
53.27
53.80
54.32
54.85
55.34
55.83
56.33
56.82
57.31
57.81
58.31
58.80
59.32
59.81
60.33
60.82
61.37
61.93
62.48
63.04
63.59
64.12
64.66
65.20
65.76
66.29
66.84
67.38
67.93
68.46
69.00
69.54
70.10
70.64
71.19
71.69
72.19
72.68
73.13
73.58
74.05
74.52
75.00
75.46
75.95
76.44
76.93
77.48
78.04
78.59
79.15
79.70
80.25
80.81
81.36
81.87
82.38
82.87
83.39
83.92
84.42
84.92
85.40
85.89
86.40
86.91
87.42
87.95
88.44
88.94
89.44
89.94
90.44
90.92
91.39
91.88
92.32
92.76
93.20
93.63
94.06
94.48
94.90
95.39
95.88
96.35
96.89
97.38
97.91
98.42
98.93
99.45
99.96
100.47
100.98
101.47
101.97
102.47
102.97
103.47
103.97
104.47
104.98
105.47
105.99
106.51
107.02
107.54
108.07
108.58
109.09
109.60
110.11
110.62
111.12
111.61
112.09
112.58
113.08
113.57
114.06
114.54
115.03
115.52
116.03
116.54
117.04
117.53
118.03
118.51
119.14
119.79
120.47
121.14
121.89
122.65
123.41
124.17
124.92
125.69
126.41
127.11
127.83
128.55
129.27
129.97
130.68
131.39
132.11
132.70
133.29
133.89
134.49
135.09
135.66
136.21
136.77
137.32
137.88
138.46
139.04
139.62
140.20
140.78
141.36
141.93
142.51
143.10
143.69
144.24
144.80
145.33
145.87
146.41
146.94
147.49
148.02
148.54
149.10
149.65
150.22
150.79
151.38
151.95
152.53
153.11
153.67
154.23
154.80
155.36
155.92
156.51
157.11
157.72
158.31
158.92
159.39
159.87
160.33
160.77
161.22
161.66
162.10
162.54
162.98
163.42
163.89
164.33
164.78
165.21
165.64
166.07
166.58
167.08
167.60
168.11
168.62
169.13
169.68
170.24
170.78
171.29
171.79
172.29
172.70
173.10
173.49
173.89
174.29
174.68
175.06
175.45
175.84
176.26
176.68
177.08
177.47
177.86
178.33
178.77
179.22
179.69
180.14
180.58
181.02
181.46
181.91
182.33
182.78
183.18
183.58
183.96
184.34
184.73
185.11
185.50
185.90
186.32
186.73
187.15
187.59
188.06
188.50
188.94
189.37
189.80
190.24
190.69
191.15
191.60
192.05
192.49
192.93
193.38
193.81
194.26
194.69
195.13
195.57
196.00
196.44
196.91
197.36
197.75
198.16
198.57
198.95
199.32
199.68
200.05
200.41
200.76
201.12
201.48
201.84
202.21
202.59
202.97
203.33
203.69
204.06
204.43
204.80
205.19
205.59
205.98
206.37
206.80
207.24
207.68
208.17
208.65
209.14
209.63
210.14
210.63
211.12
211.59
212.07
212.52
213.03
213.54
214.05
214.55
