# Beats
0.52
1.04
1.58
2.10
2.62
3.17
3.72
4.26
4.78
5.32
5.85
6.39
6.92
7.48
8.01
8.56
9.08
9.59
10.11
10.61
11.12
11.63
12.12
12.63
13.12
13.65
14.19
14.73
15.28
15.84
16.39
16.93
17.48
18.04
18.59
19.16
19.74
20.31
20.87
21.43
22.01
22.59
23.19
23.75
24.32
24.92
25.45
25.98
26.52
27.03
27.54
28.07
28.58
29.09
29.61
30.05
30.50
30.95
31.40
31.86
32.31
32.83
33.37
33.90
34.44
34.96
35.49
36.04
36.55
37.07
37.59
38.13
38.68
39.22
39.78
40.38
40.97
41.54
42.09
42.63
43.14
43.67
44.18
44.71
45.24
45.78
46.24
46.72
47.18
47.72
48.27
48.84
49.39
49.95
50.50
51.06
51.62
52.14
52.64
53.15
53.67
54.18
54.68
55.19
55.70
56.23
56.73
57.21
57.70
58.17
58.63
59.09
59.55
60.01
60.46
60.91
61.35
61.79
62.24
62.69
63.16
63.61
64.06
64.52
64.99
65.50
65.99
66.48
66.99
67.51
68.06
68.63
69.20
69.76
70.33
70.90
