# Beats
0.39
0.80
1.21
1.61
2.02
2.43
2.83
3.25
3.67
4.09
4.53
4.97
5.41
5.84
6.36
6.88
7.41
7.94
8.44
8.96
9.49
10.01
10.54
11.06
11.60
12.14
12.69
13.25
13.84
14.43
15.00
15.56
16.13
16.68
17.24
17.80
18.39
18.98
19.59
20.18
20.78
21.37
21.97
22.53
23.12
23.70
24.25
24.82
25.38
25.94
26.49
27.06
27.63
28.21
28.80
29.40
29.92
30.43
30.94
31.45
31.95
32.45
32.96
33.47
33.98
34.48
34.98
35.49
35.99
36.48
36.97
37.45
37.94
38.44
38.89
39.33
39.78
40.14
40.50
40.86
41.22
41.56
41.92
42.28
42.63
42.98
43.33
43.68
44.04
44.38
44.73
45.08
45.44
45.80
46.23
46.65
47.07
47.48
47.90
48.32
48.74
49.15
49.55
49.96
50.36
50.77
51.18
51.58
51.99
52.40
52.79
53.19
53.57
53.96
54.36
54.75
55.15
55.53
55.91
56.32
56.71
57.11
57.52
57.92
58.33
58.72
59.12
59.50
59.88
60.27
60.65
61.02
61.41
61.80
62.19
62.59
62.98
63.39
63.80
64.20
64.61
64.99
65.38
65.76
66.14
66.53
66.92
67.31
67.71
68.10
68.50
68.88
69.29
69.69
70.10
70.51
70.89
71.27
71.66
72.03
72.42
72.81
73.20
73.60
73.99
74.40
74.80
75.21
75.60
76.01
76.42
76.83
77.24
77.65
78.05
78.46
78.87
79.27
79.67
80.07
80.48
80.89
81.30
81.71
82.12
82.52
82.94
83.34
83.74
84.15
84.56
84.96
85.37
85.77
86.18
86.60
87.02
87.45
87.85
88.26
88.67
89.08
89.50
89.92
90.33
90.73
91.13
91.51
91.90
92.29
92.68
93.08
93.47
93.89
94.31
94.73
95.17
95.61
96.05
96.49
96.91
97.33
97.76
98.19
98.62
99.04
99.47
99.89
100.30
100.70
101.11
101.52
101.91
102.31
102.71
103.13
103.54
103.94
104.40
104.84
105.29
105.74
106.18
106.64
107.09
107.55
108.02
108.48
108.95
109.42
109.89
110.29
110.70
111.11
111.53
111.94
112.35
112.77
113.19
113.60
114.02
114.43
114.83
115.24
115.65
116.04
116.45
116.85
117.27
117.68
118.09
118.49
118.92
119.34
119.75
120.15
120.56
120.96
121.37
121.78
122.18
122.58
122.98
123.39
123.80
124.19
124.60
125.00
125.39
125.79
126.19
126.61
127.02
127.43
127.84
128.24
128.64
129.04
129.45
129.86
130.26
130.68
131.13
131.59
132.04
132.48
132.92
133.38
133.82
134.26
134.69
135.13
135.47
135.80
136.14
136.48
136.81
137.16
137.50
137.83
138.18
138.54
138.89
139.24
139.59
139.94
140.29
140.65
141.01
141.36
141.71
142.06
142.40
142.73
143.07
143.41
143.74
144.09
144.43
144.75
145.09
145.43
145.76
146.09
146.41
146.75
147.09
147.42
147.76
148.09
148.41
148.75
149.08
149.41
149.73
150.06
150.38
150.71
151.03
151.35
151.67
152.00
152.32
152.65
152.98
153.33
153.69
154.05
154.40
154.75
155.10
155.45
155.79
156.15
156.51
156.86
157.21
157.55
157.88
158.22
158.56
158.88
159.21
159.54
159.88
160.22
160.55
160.88
161.22
161.55
161.88
162.23
162.56
162.90
163.24
163.57
163.91
164.26
164.61
164.95
165.31
165.67
166.03
166.44
166.82
167.21
167.58
167.95
168.33
168.72
169.09
169.46
169.82
170.19
170.56
170.93
171.31
171.68
172.05
172.43
172.80
173.17
173.55
173.92
174.28
174.64
175.00
175.36
175.72
176.08
176.44
176.80
177.20
177.59
177.97
178.36
178.76
179.15
179.56
179.94
180.36
