# Beats
0.45
0.93
1.39
1.86
2.32
2.79
3.19
3.60
4.01
4.41
4.81
5.20
5.61
6.01
6.43
6.85
7.27
7.70
8.12
8.53
8.95
9.38
9.82
10.26
10.70
11.15
11.59
12.09
12.57
13.06
13.55
14.04
14.52
15.01
15.50
15.99
16.46
16.95
17.45
17.94
18.43
18.91
19.41
19.91
20.42
20.99
21.56
22.13
22.70
23.27
23.86
24.44
25.02
25.62
26.23
26.75
27.27
27.79
28.24
28.67
29.09
29.54
29.93
30.34
30.73
31.13
31.53
31.94
32.36
32.77
33.19
33.61
34.02
34.42
34.84
35.25
35.65
36.06
36.47
36.87
37.26
37.65
38.05
38.44
38.82
39.21
39.59
39.97
40.34
40.72
41.09
41.46
41.83
42.21
42.59
42.95
43.32
43.69
44.06
44.44
44.85
45.24
45.64
46.03
46.42
46.79
47.16
47.53
47.89
48.24
48.60
48.96
49.33
49.69
50.05
50.41
50.77
51.14
51.51
51.88
52.24
52.60
52.98
53.35
53.73
54.11
54.50
54.88
55.28
55.67
56.08
56.48
56.89
57.30
57.70
58.10
58.48
58.86
59.26
59.64
60.01
60.40
60.78
61.15
61.52
61.90
62.29
62.66
63.03
63.40
63.77
64.15
64.52
64.88
65.26
65.62
65.99
66.36
66.76
67.16
67.57
67.98
68.39
68.81
69.23
69.66
70.10
70.55
71.01
71.47
71.92
72.39
72.84
73.28
73.72
74.16
74.69
75.21
75.74
76.23
76.72
77.21
77.69
78.17
78.65
79.12
79.59
80.05
80.50
80.96
81.42
81.90
82.37
82.85
83.32
83.82
84.32
84.86
85.39
85.91
86.58
87.23
87.88
88.53
89.18
89.83
90.48
91.12
91.75
92.45
93.16
93.97
94.77
95.58
96.40
97.28
98.19
99.09
99.89
100.68
101.19
101.73
102.27
102.82
103.38
103.94
104.50
105.07
105.62
106.17
106.73
107.29
107.82
108.37
108.91
109.47
110.03
110.60
111.15
111.71
112.27
112.84
113.41
113.96
114.51
115.07
115.62
116.19
116.76
117.33
117.75
118.17
118.58
118.98
119.37
119.77
120.15
120.52
120.89
121.27
121.65
122.02
122.40
122.79
123.17
123.54
123.92
124.31
124.68
125.04
125.41
125.78
126.14
126.53
126.93
127.34
127.74
128.12
128.49
128.86
129.23
129.63
130.01
130.39
130.77
131.15
131.52
131.90
132.27
132.66
133.03
133.41
133.79
134.18
134.56
134.94
135.33
135.71
136.09
136.49
136.87
137.25
137.64
138.02
138.39
138.76
139.12
139.48
139.84
140.21
140.57
140.93
141.29
141.65
142.02
142.40
142.78
143.16
143.56
143.95
144.32
144.71
145.09
145.48
145.86
146.23
146.60
146.96
147.32
147.67
148.03
148.38
148.72
149.07
149.42
149.77
150.13
150.48
150.83
151.19
151.55
151.89
152.24
152.59
152.94
153.30
153.67
154.04
154.41
154.78
155.16
155.53
155.88
156.22
156.57
156.93
157.29
157.66
158.04
158.41
158.78
159.13
159.47
159.83
160.18
160.54
160.90
161.26
161.62
161.98
162.35
162.71
163.07
163.43
163.79
164.15
164.52
164.91
165.28
165.66
166.03
166.41
166.77
167.11
167.47
167.82
168.17
168.52
168.88
169.23
169.58
169.94
170.28
170.63
170.98
171.33
171.68
172.03
172.37
172.73
173.10
173.46
173.82
174.18
174.54
174.90
175.26
175.62
175.97
176.33
176.69
177.05
177.40
177.75
178.11
178.47
178.82
179.17
179.51
179.90
180.29
180.70
181.10
181.51
181.92
182.33
182.75
