# Beats
0.44
0.89
1.35
1.80
2.25
2.71
3.16
3.61
4.06
4.52
4.97
5.43
5.90
6.39
6.86
7.34
7.83
8.32
8.82
9.33
9.85
10.37
10.89
11.42
11.95
12.47
12.99
13.49
13.99
14.49
14.99
15.49
15.99
16.47
16.96
17.45
17.98
18.51
19.04
19.56
20.09
20.60
21.15
21.71
22.26
22.84
23.41
23.97
24.54
25.12
25.70
26.28
26.94
27.59
28.22
28.96
29.69
30.44
31.20
31.96
32.72
33.47
34.20
34.93
35.67
36.40
37.13
37.86
38.59
39.33
40.09
40.83
41.59
42.35
43.10
43.83
44.56
45.30
46.05
46.68
47.32
47.96
48.60
49.23
49.84
50.47
51.12
51.77
52.41
53.05
53.65
54.25
54.86
55.39
55.93
56.46
56.91
57.36
57.81
58.28
58.77
59.25
59.71
60.17
60.63
61.09
61.56
62.02
62.47
62.93
63.38
63.83
64.28
64.74
65.19
65.64
66.10
66.55
67.01
67.48
67.94
68.38
68.84
69.29
69.73
70.17
70.61
71.05
71.45
71.84
72.24
72.63
73.10
73.56
74.03
74.50
74.99
75.46
75.95
76.43
76.90
77.39
77.88
78.37
78.81
79.25
79.69
80.13
80.57
81.01
81.47
81.90
82.34
82.77
83.20
83.64
84.08
84.52
84.94
85.36
85.77
86.20
86.63
87.06
87.49
87.92
88.35
88.77
89.20
89.63
90.05
90.46
90.89
91.32
91.75
92.23
92.71
93.18
93.65
94.11
94.57
95.04
95.50
95.97
96.43
96.90
97.36
97.83
98.34
98.85
99.36
99.86
100.36
100.87
101.37
101.87
102.37
102.86
103.38
103.89
104.42
104.95
105.49
105.91
106.32
106.75
107.18
107.61
108.04
108.48
108.91
109.35
109.80
110.24
110.68
111.12
111.58
112.06
112.54
113.00
113.48
113.95
114.43
114.90
115.37
115.91
116.46
117.01
117.55
118.09
118.61
119.13
119.65
120.17
120.72
121.27
121.81
122.37
122.93
123.47
124.03
124.59
125.11
125.63
126.15
126.68
127.20
127.71
128.22
128.74
129.27
129.67
130.08
130.48
130.83
131.18
131.53
131.89
132.24
132.60
132.95
133.29
133.64
134.00
134.36
134.72
135.08
135.43
135.79
136.15
136.51
136.89
137.28
137.66
138.04
138.43
138.81
139.19
139.58
139.96
140.34
140.71
141.08
141.44
141.80
142.16
142.52
142.87
143.22
143.57
143.91
144.27
144.63
144.99
145.35
145.71
146.07
146.43
146.80
147.18
147.56
147.95
148.33
148.77
149.21
149.65
150.09
150.53
150.98
151.42
151.86
152.30
152.75
153.19
153.63
154.06
154.51
154.94
155.36
155.79
156.20
156.62
157.04
157.45
157.86
158.27
158.67
159.06
159.45
159.83
160.22
160.61
161.00
161.39
161.79
162.26
162.73
163.19
163.65
164.12
164.58
165.16
165.74
166.32
166.87
167.42
167.96
168.51
169.05
169.59
170.12
170.66
171.25
171.83
172.42
173.01
173.60
174.20
174.79
175.39
175.98
176.58
177.12
177.68
178.22
178.77
179.33
179.88
180.44
181.00
181.56
182.10
182.65
183.16
183.66
184.16
184.66
185.17
185.67
186.12
186.58
187.04
187.56
188.08
188.60
189.11
189.63
190.14
190.65
191.16
191.67
192.18
