# Beats
0.58
1.17
1.76
2.35
2.94
3.49
4.05
4.55
5.02
5.48
5.94
6.41
6.87
7.34
7.73
8.14
8.53
8.92
9.30
9.68
10.05
10.43
10.79
11.15
11.52
11.89
12.26
12.63
12.99
13.36
13.73
14.11
14.49
14.86
15.21
15.56
15.92
16.27
16.61
16.96
17.31
17.65
18.00
18.33
18.68
19.03
19.40
19.76
20.12
20.48
20.89
21.30
21.71
22.12
22.52
22.93
23.35
23.77
24.11
24.46
24.81
25.16
25.50
25.83
26.16
26.49
26.83
27.16
27.49
27.82
28.13
28.48
28.82
29.18
29.51
29.86
30.21
30.57
30.92
31.28
31.64
32.00
32.36
32.71
33.07
33.43
33.79
34.16
34.53
34.90
35.26
35.62
35.98
36.34
36.72
37.09
37.48
37.85
38.21
38.57
38.93
39.30
39.67
40.04
40.41
40.79
41.15
41.52
41.88
42.25
42.62
43.00
43.39
43.76
44.12
44.49
44.86
45.24
45.62
45.98
46.35
46.71
47.07
47.43
47.79
48.15
48.52
48.88
49.24
49.60
49.96
50.32
50.68
51.05
51.42
51.78
52.14
52.50
52.85
53.20
53.53
53.89
54.25
54.61
54.97
55.34
55.70
56.08
56.44
56.81
57.18
57.55
57.92
58.28
58.63
59.00
59.36
59.74
60.12
60.48
60.85
61.20
61.56
61.92
62.29
62.66
63.03
63.39
63.75
64.11
64.47
64.83
65.21
65.60
65.97
66.34
66.71
67.06
67.42
67.79
68.16
68.53
68.91
69.28
69.65
70.02
70.38
70.74
71.11
71.49
71.88
72.25
72.61
72.98
73.35
73.73
74.11
74.47
74.84
75.20
75.56
75.92
76.28
76.64
77.00
77.37
77.74
78.11
78.47
78.83
79.19
79.55
79.91
80.27
80.64
81.00
81.37
81.73
82.11
82.47
82.84
83.21
83.58
83.94
84.30
84.67
85.04
85.40
85.77
86.15
86.53
86.91
87.31
87.75
88.19
88.63
89.07
89.62
90.16
90.70
91.24
91.80
92.36
92.90
93.46
94.04
94.62
95.20
95.77
96.34
96.91
97.48
98.05
98.63
99.21
99.78
100.36
100.93
101.49
102.07
102.54
102.98
103.42
103.86
104.30
104.75
105.19
105.60
106.01
106.42
106.84
107.26
107.69
108.12
108.54
108.95
109.34
109.73
110.12
110.52
110.91
111.29
111.66
112.06
112.47
112.86
113.23
113.62
114.00
114.38
114.76
115.12
115.50
115.88
116.26
116.66
117.05
117.46
117.85
118.25
118.64
119.05
119.43
119.83
120.22
120.62
121.01
121.39
121.78
122.17
122.57
122.95
123.34
123.73
124.12
124.51
124.92
125.34
125.75
126.17
126.58
127.00
127.42
127.83
128.23
128.64
129.03
129.43
129.81
130.21
130.60
131.01
131.41
131.83
132.24
132.63
133.03
133.42
133.82
134.21
134.61
135.00
135.41
135.80
136.20
136.59
137.00
137.40
137.81
138.24
138.67
139.10
139.53
139.91
140.28
140.65
141.01
141.36
141.71
142.06
142.41
142.77
143.14
143.50
143.86
144.22
144.58
144.94
145.29
145.64
146.00
146.36
146.73
147.09
147.46
147.82
148.18
148.55
148.99
149.42
149.84
150.31
150.79
151.27
151.75
152.23
152.71
153.17
153.63
154.10
154.56
155.03
155.49
155.95
156.32
156.69
157.06
157.43
157.80
158.17
158.56
158.94
159.31
159.68
160.06
160.43
160.81
161.19
161.58
161.95
162.32
162.69
163.07
163.46
163.84
164.22
164.59
164.95
165.31
165.67
166.05
166.42
166.81
167.21
167.60
167.98
168.38
168.77
169.18
169.58
169.97
170.36
170.78
171.22
171.67
172.12
172.59
173.06
173.51
173.98
174.45
174.92
175.38
175.84
176.31
176.84
177.38
177.91
178.47
179.03
179.58
180.15
180.71
181.30
181.88
182.46
183.08
183.69
184.29
184.88
185.47
186.08
186.70
187.35
188.00
188.73
189.44
190.15
190.87
191.59
192.34
193.10
193.88
194.65
195.44
196.26
197.07
197.88
198.69
199.48
200.27
201.04
201.80
202.57
203.31
204.07
204.82
205.53
206.24
206.95
207.67
208.38
209.08
209.78
210.49
211.20
211.89
212.54
213.19
213.86
214.51
215.16
215.81
216.47
217.11
217.75
218.38
219.01
219.65
220.25
220.84
221.44
222.03
222.62
223.23
223.83
224.40
224.94
225.48
225.95
226.43
226.92
227.37
227.79
228.22
228.65
229.09
229.52
229.96
230.41
230.85
231.29
231.74
232.14
232.55
232.94
233.48
234.00
234.53
235.07
235.61
236.15
236.66
237.17
237.68
238.21
238.75
239.36
239.99
240.61
241.22
241.85
242.47
243.10
243.73
244.36
244.98
245.61
246.22
246.90
247.57
248.22
248.86
249.50
250.13
250.75
251.39
252.02
252.63
253.26
253.88
254.51
255.15
255.84
256.53
257.16
257.79
258.43
259.05
259.69
260.27
260.84
261.40
261.92
262.44
262.95
263.41
263.85
264.29
264.75
265.22
265.68
266.16
266.62
267.09
267.56
268.04
268.52
268.99
