# Beats
0.42
0.85
1.28
1.71
2.14
2.57
3.00
3.41
3.83
4.25
4.67
5.09
5.49
5.90
6.30
6.73
7.15
7.58
8.03
8.48
9.00
9.52
10.03
10.53
11.03
11.53
12.05
12.55
13.06
13.56
14.07
14.57
15.07
15.58
16.07
16.54
17.04
17.55
18.01
18.45
18.89
19.34
19.78
20.22
20.67
21.13
21.61
22.07
22.53
23.00
23.45
23.89
24.33
24.79
25.24
25.69
26.13
26.59
27.03
27.50
27.96
28.37
28.78
29.19
29.59
30.00
30.41
30.81
31.21
31.63
32.04
32.44
32.86
33.27
33.69
34.20
34.73
35.24
35.84
36.43
37.02
37.57
38.12
38.71
39.28
39.85
40.44
41.03
41.62
42.20
42.78
43.37
43.98
44.56
45.16
45.77
46.36
46.95
47.58
48.20
48.83
49.46
50.09
50.71
51.33
51.94
52.48
53.03
53.52
54.02
54.50
54.97
55.45
55.96
56.48
56.99
57.52
58.02
58.51
59.03
59.51
60.02
60.52
61.07
61.63
62.18
62.72
63.25
63.81
64.33
64.84
65.36
65.85
66.33
66.82
67.34
67.86
68.36
68.87
69.39
69.92
70.43
70.94
71.42
71.91
72.40
72.88
73.35
73.83
74.30
74.79
75.27
75.73
76.23
76.73
77.23
77.65
78.09
78.52
78.92
79.32
79.69
80.09
80.48
80.89
81.27
81.73
82.19
82.64
83.10
83.57
84.01
84.45
84.95
85.45
85.95
86.46
86.96
87.45
87.96
88.46
88.97
89.47
89.97
90.49
90.98
91.46
91.93
92.35
92.79
93.23
93.67
94.11
94.55
94.99
95.34
95.70
96.06
96.43
96.79
97.15
97.52
97.90
98.27
98.65
99.06
99.44
99.80
100.15
100.51
