# Beats
0.63
1.25
1.86
2.48
3.12
3.75
4.39
5.02
5.62
6.23
6.85
7.45
8.08
8.71
9.29
9.89
10.51
11.13
11.75
12.35
12.93
13.51
14.09
14.68
15.27
15.88
16.49
17.09
17.69
18.30
18.92
19.56
20.20
20.83
21.48
22.14
22.78
23.39
24.01
24.65
25.24
25.86
26.46
27.05
27.68
28.31
28.92
29.52
30.12
30.73
31.35
31.97
32.58
33.18
33.77
34.37
34.97
35.67
36.36
37.06
37.73
38.39
39.06
39.73
40.48
41.24
42.02
42.79
43.57
44.35
45.14
45.93
46.54
47.23
47.88
48.53
49.18
49.81
50.42
51.04
51.65
52.29
52.92
53.53
54.18
54.82
55.48
56.15
56.77
57.42
58.05
58.69
59.35
60.02
