# Beats
0.58
1.16
1.74
2.32
2.91
3.49
4.08
4.66
5.24
5.82
6.40
6.98
7.57
8.15
8.71
9.25
9.79
10.32
10.87
11.40
11.95
12.49
13.05
13.60
14.14
14.70
15.26
15.82
16.38
16.94
17.48
18.02
18.56
19.11
19.66
20.19
20.74
21.28
21.82
22.36
22.92
23.48
24.04
24.61
25.17
25.72
26.26
26.81
27.35
27.90
28.44
28.99
29.52
30.07
30.60
31.15
31.70
32.24
32.79
33.33
33.88
34.41
34.95
35.49
36.03
36.57
37.11
37.65
38.19
38.72
39.26
39.80
40.33
40.87
41.41
41.96
42.52
43.06
43.61
44.15
44.70
45.23
45.78
46.28
46.78
47.29
47.79
48.29
48.79
49.26
49.75
50.25
50.74
51.22
51.72
52.29
52.85
53.41
53.99
54.57
55.16
55.76
56.35
56.94
57.52
58.11
58.70
59.29
59.88
60.45
61.03
61.59
62.15
62.72
63.29
63.85
64.42
64.99
65.57
66.18
66.78
67.31
67.85
68.39
68.94
69.47
70.05
70.64
71.23
71.82
72.40
72.97
73.55
74.13
74.65
75.16
75.69
76.20
76.71
77.23
77.75
78.27
78.80
79.32
79.84
80.34
80.85
81.35
81.85
82.35
82.85
83.35
83.85
84.36
84.90
85.44
85.97
86.51
87.04
87.57
88.10
88.62
89.15
89.59
90.04
90.49
90.93
91.37
91.80
92.24
92.68
93.12
93.56
94.05
94.54
95.03
95.42
95.82
96.21
96.60
96.97
97.34
97.71
98.07
98.46
98.85
99.23
99.61
100.00
100.38
100.76
101.13
101.49
101.87
102.24
102.60
102.96
103.32
103.68
104.04
104.39
104.73
105.08
105.42
105.77
106.12
106.46
106.81
107.15
107.50
107.85
108.19
108.54
108.90
109.26
109.62
110.03
110.43
110.84
111.25
111.64
112.02
112.41
112.80
113.17
113.55
113.93
114.32
114.71
115.09
115.47
115.86
116.23
116.60
116.97
117.34
117.71
118.07
118.43
118.79
119.15
119.51
119.87
120.22
120.58
120.94
121.30
121.66
122.02
122.38
122.74
123.10
123.46
123.83
124.20
124.56
124.92
125.28
125.64
126.01
126.37
126.73
127.11
127.48
127.85
128.22
128.59
128.96
129.35
129.73
130.11
130.51
130.93
131.34
131.76
132.18
132.59
133.00
133.42
133.82
134.21
134.61
135.00
135.40
135.79
136.19
136.58
136.97
137.37
137.78
138.18
138.60
139.02
139.44
139.83
140.24
140.63
141.04
141.44
141.85
142.26
142.66
143.06
143.44
143.84
144.22
144.60
