# Beats
0.38
0.78
1.17
1.57
1.96
2.36
2.69
3.02
3.36
3.69
4.02
4.34
4.68
5.03
5.36
5.69
6.01
6.34
6.68
7.02
7.38
7.76
8.10
8.48
8.85
9.25
9.65
10.03
10.43
10.82
11.22
11.59
11.96
12.33
12.75
13.14
13.54
13.93
14.33
14.72
15.12
15.51
15.92
16.32
16.74
17.15
17.54
17.90
18.26
18.62
18.95
19.28
19.62
19.97
20.33
20.70
21.04
21.36
21.71
22.06
22.42
22.78
23.15
23.52
23.89
24.26
24.61
24.98
25.40
25.81
26.22
26.63
27.07
27.54
27.98
28.48
28.98
29.49
29.99
30.49
30.96
31.38
31.79
32.19
32.60
33.02
33.43
33.83
34.25
34.67
35.06
35.46
35.87
36.28
36.69
37.11
37.55
38.00
38.44
38.82
39.21
39.59
39.97
40.38
40.79
41.19
41.70
42.21
42.71
43.21
43.71
44.22
44.72
45.22
45.73
46.23
46.74
47.24
47.74
48.24
48.74
49.24
49.74
50.24
50.67
51.12
51.56
52.00
52.41
52.81
53.22
53.64
54.06
54.47
54.89
55.30
55.70
56.11
56.52
56.89
57.27
57.66
58.02
58.35
58.72
59.09
59.47
59.86
60.26
60.66
61.11
61.57
62.02
62.44
62.81
63.20
63.60
63.99
64.39
64.81
65.22
65.64
66.05
66.46
66.94
67.43
67.92
68.41
68.89
69.38
69.87
70.36
70.84
71.33
71.81
72.28
72.75
73.24
73.72
74.21
74.71
75.20
75.70
76.18
76.67
77.17
77.67
78.16
78.65
79.13
79.60
80.06
80.55
81.06
81.55
82.07
82.59
83.12
83.66
84.21
84.85
85.50
86.15
86.80
87.43
88.07
88.71
89.35
89.99
90.63
91.27
91.90
92.55
93.20
93.86
94.51
95.16
95.82
96.48
97.20
97.91
98.62
99.32
100.03
100.73
101.45
102.17
102.77
103.38
103.98
104.55
105.14
105.74
106.34
106.94
107.53
108.14
108.73
109.32
109.90
110.46
111.01
111.55
112.08
112.63
113.15
113.66
114.20
114.66
115.12
115.58
116.03
116.47
116.91
117.38
117.84
118.31
118.77
119.22
119.68
120.14
120.49
120.84
121.18
121.53
121.88
122.21
122.55
122.89
123.23
123.55
123.89
124.22
124.55
124.89
125.21
125.55
125.89
126.22
126.55
126.89
127.25
127.58
127.92
128.26
128.59
128.93
129.27
129.59
129.92
130.26
130.61
130.94
131.26
131.60
131.92
132.26
132.60
132.93
133.26
133.61
133.97
134.30
134.63
134.97
135.30
135.63
135.98
136.32
136.65
136.99
137.32
137.67
138.01
138.34
138.67
139.01
139.34
139.67
140.00
140.34
140.67
140.99
141.32
141.64
141.97
142.28
142.63
142.98
143.33
143.69
144.15
144.58
145.02
145.47
146.01
146.54
147.12
147.70
148.26
148.85
149.43
150.00
150.58
151.16
151.75
152.33
152.93
153.46
153.99
154.56
155.16
155.74
156.29
156.86
157.43
157.99
158.55
159.10
159.66
160.21
160.81
161.40
162.01
162.61
163.21
163.82
164.41
165.00
165.58
166.19
166.73
167.28
167.81
168.34
168.87
169.39
169.90
170.42
170.95
171.47
171.99
172.50
173.01
173.55
174.10
174.66
175.23
175.82
176.43
177.01
177.59
178.17
178.74
179.30
