# Beats
0.50
1.01
1.52
2.03
2.54
3.08
3.61
4.14
4.67
5.19
5.71
6.23
6.76
7.27
7.78
8.29
8.80
9.24
9.69
10.15
10.52
10.89
11.28
11.66
12.03
12.41
12.79
13.17
13.51
13.86
14.22
14.58
14.94
15.33
15.70
16.06
16.42
16.79
17.16
17.53
17.97
18.41
18.85
19.30
19.63
19.99
20.34
20.69
21.03
21.39
21.75
22.11
22.49
22.85
23.20
23.53
23.88
24.24
24.59
24.94
25.29
25.66
26.03
26.38
26.73
27.10
27.46
27.82
28.19
28.56
28.91
29.28
29.64
30.00
30.39
30.78
31.15
31.51
31.88
32.25
32.61
32.97
33.34
33.72
34.09
34.46
34.83
35.19
35.55
35.92
36.28
36.66
37.05
37.41
37.78
38.15
38.52
38.91
39.26
39.64
40.01
40.37
40.73
41.09
41.45
41.82
42.19
42.57
42.96
43.31
43.65
44.00
44.36
44.72
45.08
45.44
45.81
46.16
46.51
46.86
47.21
47.57
47.93
48.30
48.66
49.04
49.40
49.76
50.13
50.50
50.89
51.26
51.62
51.98
52.34
52.71
53.08
53.45
53.82
54.18
54.54
54.89
55.25
55.61
55.97
56.33
56.70
57.07
57.43
57.81
58.17
58.53
58.90
59.27
59.63
60.00
60.36
60.72
61.08
61.44
61.81
62.18
62.58
62.96
63.34
63.72
64.10
64.48
64.86
65.27
65.67
66.05
66.46
66.85
67.27
67.66
68.08
68.48
68.87
69.29
69.71
70.18
70.64
71.10
71.56
72.02
72.47
72.93
73.40
73.84
74.30
74.75
75.19
75.63
76.06
76.49
76.93
77.38
77.86
78.32
78.79
79.20
79.67
80.13
80.60
81.06
81.53
81.99
82.45
82.92
83.37
83.82
84.28
84.73
85.17
85.59
86.03
86.46
86.90
87.33
87.88
88.42
88.98
89.52
90.09
90.69
91.25
91.82
92.45
93.07
93.69
94.32
94.95
95.60
96.22
96.86
97.50
98.23
98.96
99.69
100.41
101.12
101.84
102.54
103.25
103.94
104.65
105.35
106.06
106.74
107.44
108.14
108.84
109.55
110.29
111.06
111.80
112.56
113.31
114.04
114.75
115.46
116.17
116.89
117.59
118.29
118.99
119.68
120.38
121.07
121.77
122.46
123.16
123.87
124.56
125.27
125.97
126.68
127.38
128.03
128.68
129.34
129.99
130.65
131.31
131.96
132.62
133.28
133.98
134.68
135.38
136.09
136.81
137.53
138.21
138.84
139.48
140.03
140.60
141.15
141.71
142.28
142.84
143.41
143.96
144.53
145.10
145.80
146.52
147.23
147.93
148.70
149.47
150.23
151.00
151.77
152.51
153.29
154.04
154.81
155.56
156.34
157.11
157.84
158.57
159.29
160.02
160.72
161.41
162.08
162.75
163.41
164.10
164.76
165.40
166.05
166.68
167.32
167.97
168.61
169.25
169.89
170.53
171.15
171.79
172.44
173.10
173.77
174.43
175.08
175.75
176.45
177.12
177.80
178.47
179.14
179.82
180.49
181.16
181.84
182.51
183.14
183.76
184.34
184.94
185.55
186.17
186.75
187.34
187.92
188.52
189.14
189.74
190.36
190.96
191.56
192.16
192.75
193.35
193.96
194.56
195.15
195.74
196.35
196.95
197.56
198.15
198.76
199.40
200.03
200.64
201.27
201.91
202.56
203.22
203.87
204.54
205.19
205.84
206.52
207.18
207.84
208.49
209.15
209.82
210.50
211.14
211.77
212.37
212.95
213.54
214.12
214.69
215.26
215.78
216.29
216.80
217.34
217.86
218.38
218.87
219.36
219.85
220.35
220.84
221.36
221.87
222.38
222.89
223.41
223.93
224.46
224.98
225.49
226.00
226.49
227.00
227.49
227.99
228.50
228.91
229.32
229.74
230.14
230.55
230.97
231.39
231.80
232.19
232.57
232.97
233.35
233.73
234.12
234.50
234.88
235.25
235.64
236.01
236.44
236.87
237.28
237.71
238.14
238.57
239.00
239.55
240.09
240.65
241.21
241.75
242.38
243.00
243.62
244.26
244.88
245.46
246.04
246.62
247.18
247.73
248.26
248.78
249.29
249.80
250.33
250.87
251.47
252.06
252.70
253.35
254.00
254.62
255.26
255.88
256.51
257.11
257.72
258.31
258.93
259.54
260.16
260.77
261.38
261.99
262.62
263.23
263.85
264.48
265.07
265.66
266.26
266.86
267.45
268.03
268.61
269.22
269.84
270.45
271.09
271.73
272.37
273.02
273.69
274.36
275.03
275.70
276.41
277.13
277.84
278.55
279.27
279.96
280.66
