# Beats
0.42
0.85
1.28
1.71
2.14
2.55
3.00
3.44
3.88
4.27
4.67
5.06
5.47
5.87
6.26
6.65
7.05
7.43
7.80
8.20
8.57
8.96
9.33
9.73
10.10
10.47
10.84
11.22
11.59
11.97
12.35
12.72
13.10
13.47
13.84
14.21
14.58
14.95
15.34
15.72
16.10
16.49
16.87
17.26
17.65
18.02
18.39
18.76
19.13
19.52
19.90
20.27
20.65
21.04
21.43
21.84
22.22
22.60
23.01
23.41
23.80
24.20
24.59
24.96
25.36
25.74
26.15
26.54
26.94
27.31
27.71
28.10
28.50
28.89
29.28
29.68
30.09
30.49
30.88
31.28
31.68
32.09
32.51
32.94
33.38
33.81
34.19
34.59
34.99
35.41
35.78
36.15
36.52
36.88
37.29
37.71
38.10
38.48
38.86
39.24
39.62
40.01
40.40
40.76
41.15
41.53
41.90
42.28
42.67
43.06
43.44
43.82
44.19
44.57
44.95
45.33
45.72
46.09
46.46
46.83
47.18
47.54
48.12
48.72
49.30
49.88
50.43
51.01
51.59
52.09
52.59
53.09
53.57
54.03
54.50
54.96
55.40
55.84
56.29
56.74
57.17
57.59
58.02
58.44
58.89
59.30
59.73
60.16
60.58
61.00
61.42
61.83
62.25
62.67
63.11
63.54
63.98
64.41
64.86
65.32
65.77
66.22
66.68
67.07
67.48
67.88
68.36
68.82
69.29
69.75
70.22
70.68
71.13
71.52
71.92
72.33
72.76
73.21
73.68
74.14
74.63
75.12
75.59
76.09
76.60
77.10
77.60
78.10
78.60
79.11
79.63
80.13
80.64
81.14
81.66
82.18
82.67
83.27
83.85
84.43
85.01
85.59
86.15
86.69
87.24
87.79
88.34
88.89
89.44
89.98
90.53
91.10
91.67
92.23
92.78
93.32
93.86
94.41
94.96
95.60
96.21
96.94
97.66
98.41
99.15
99.92
100.68
101.46
102.24
102.99
103.77
104.45
105.14
105.84
106.56
107.24
107.95
108.65
109.35
110.04
110.71
111.37
111.92
112.48
112.99
113.52
114.04
114.47
114.89
115.31
115.72
116.15
116.58
116.99
117.41
117.83
118.24
118.63
119.05
119.47
119.90
120.38
120.86
121.35
121.84
122.32
122.82
123.32
123.81
124.28
124.76
125.24
125.72
126.22
126.71
127.20
127.67
128.21
128.74
129.27
129.85
130.44
131.03
131.63
132.24
132.77
133.29
133.80
134.33
134.84
135.36
135.88
136.43
136.95
137.46
137.96
138.48
139.01
139.54
140.06
140.60
141.18
141.72
142.27
142.80
143.36
143.92
144.54
145.15
145.77
146.39
147.02
147.63
148.26
148.79
149.33
149.86
150.40
150.93
151.44
151.97
152.51
153.05
153.55
154.04
154.53
154.97
155.41
155.85
156.29
156.75
157.20
157.65
158.10
158.52
158.96
159.39
159.82
160.26
160.71
161.15
161.60
162.11
162.63
163.14
163.72
164.30
164.88
165.45
166.02
166.60
167.18
167.74
168.30
168.87
169.42
169.97
170.53
171.11
171.68
172.25
172.79
173.33
173.85
174.38
174.92
175.45
175.98
176.51
177.03
177.56
178.11
178.70
179.30
179.91
180.52
181.14
181.73
182.32
182.92
183.52
184.11
184.67
185.21
185.78
186.36
186.94
187.64
188.34
189.03
189.73
190.43
191.12
191.81
192.49
193.21
193.93
194.65
195.24
195.84
196.35
196.86
197.36
197.80
198.24
198.68
199.12
199.55
199.97
200.39
200.81
201.22
201.64
202.06
202.45
202.83
203.21
203.58
203.96
204.36
204.78
205.22
205.65
206.08
206.50
206.96
207.42
207.88
208.33
208.78
209.22
209.68
210.14
210.59
211.02
211.46
211.91
212.37
212.81
213.25
213.69
214.16
214.62
215.10
215.60
216.10
216.60
217.11
217.59
218.08
218.57
219.06
219.54
220.07
220.59
221.11
221.68
222.26
222.84
223.42
224.03
224.61
225.19
225.76
226.35
226.95
227.53
228.10
228.68
229.25
229.83
230.39
230.95
231.51
232.15
232.78
233.41
234.03
234.64
235.26
235.90
236.50
237.10
237.70
238.35
239.00
239.66
240.31
240.95
241.58
242.21
242.85
243.48
244.02
244.55
245.09
245.61
246.13
246.65
247.18
247.70
248.22
248.73
249.25
249.78
250.30
250.82
251.33
251.84
252.37
252.88
253.40
253.93
254.46
254.99
255.51
255.93
256.34
256.75
257.16
257.57
257.99
258.41
258.82
259.23
259.63
260.04
260.38
260.71
261.05
261.39
261.78
262.18
262.57
262.97
263.36
263.74
264.13
