# Beats
0.37
0.75
1.14
1.52
1.90
2.29
2.67
3.05
3.44
3.82
4.19
4.53
4.86
5.20
5.54
5.87
6.21
6.55
6.88
7.22
7.57
7.92
8.28
8.64
9.02
9.40
9.78
10.16
10.51
10.84
11.18
11.52
11.87
12.21
12.56
12.91
13.25
13.58
13.92
14.26
14.61
14.94
15.28
15.62
15.95
16.28
16.64
17.00
17.36
17.73
18.09
18.46
18.83
19.20
19.59
19.96
20.33
20.69
21.03
21.36
21.70
22.04
22.38
22.73
23.08
23.43
23.78
24.13
24.49
24.85
25.21
25.57
25.91
26.26
26.61
26.96
27.30
27.63
27.98
28.33
28.68
29.02
29.37
29.73
30.09
30.45
30.81
31.16
31.51
31.86
32.21
32.55
32.91
33.27
33.63
33.99
34.37
34.74
35.12
35.50
35.87
36.23
36.61
36.97
37.34
37.71
38.09
38.48
38.85
39.22
39.60
39.98
40.37
40.75
41.13
41.52
41.89
42.26
42.63
43.10
43.54
43.98
44.43
44.88
45.33
45.77
46.21
46.64
47.07
47.50
47.93
48.36
48.79
49.26
49.73
50.19
50.69
51.19
51.69
52.19
52.69
53.17
53.66
54.15
54.64
55.12
55.61
56.10
56.59
57.07
57.56
58.17
58.76
59.36
59.95
60.55
61.14
61.73
62.33
62.95
63.55
64.12
64.69
65.26
65.82
66.37
66.92
67.47
68.01
68.56
69.10
69.66
70.22
70.76
71.31
71.87
72.41
72.95
73.47
73.99
74.51
75.05
75.58
76.12
76.64
77.16
77.69
78.22
78.75
79.24
79.71
80.20
80.69
81.17
81.64
82.12
82.59
83.07
83.64
84.21
84.78
85.34
85.91
86.48
87.05
87.63
88.20
88.77
89.34
89.91
90.48
91.02
91.57
92.11
92.61
93.11
93.62
94.13
94.64
95.18
95.71
96.26
96.82
97.37
97.92
98.46
99.02
99.58
