# Beats
0.42
0.85
1.28
1.71
2.14
2.57
3.03
3.48
3.94
4.39
4.77
5.14
5.51
5.87
6.25
6.62
6.99
7.35
7.72
8.09
8.45
8.81
9.18
9.56
9.93
10.30
10.67
11.04
11.42
11.81
12.19
12.57
12.97
13.36
13.75
14.12
14.49
14.87
15.27
15.64
16.01
16.39
16.78
17.15
17.53
17.94
18.34
18.75
19.14
19.55
19.96
20.36
20.77
21.16
21.55
21.93
22.31
22.70
23.08
23.49
23.88
24.28
24.66
25.05
25.45
25.84
26.24
26.62
27.00
27.40
27.78
28.18
28.55
28.91
29.28
29.66
30.04
30.39
30.77
31.13
31.49
31.85
32.21
32.57
32.93
33.29
33.65
34.01
34.37
34.73
35.09
35.45
35.82
36.19
36.56
36.93
37.30
37.67
38.05
38.42
38.79
39.16
39.53
39.90
40.26
40.62
40.99
41.37
41.78
42.19
42.60
43.00
43.42
43.84
44.26
44.74
45.23
45.71
46.17
46.65
47.14
47.64
48.13
48.63
49.10
49.57
50.04
50.52
50.89
51.27
51.64
52.00
52.37
52.74
53.12
53.49
53.88
54.29
54.69
55.05
55.41
55.79
56.16
56.53
56.90
57.27
57.64
58.03
58.40
58.77
59.15
59.54
59.92
60.30
60.69
61.06
61.44
61.81
62.19
62.60
63.01
63.40
63.90
64.39
64.88
65.36
65.84
66.30
66.77
67.23
67.70
68.16
68.63
69.10
69.58
69.96
70.34
70.72
71.10
71.48
71.87
72.26
72.66
73.06
73.46
73.84
74.21
74.58
74.95
75.31
75.69
76.06
76.43
76.80
77.18
77.55
77.93
78.30
78.67
79.04
79.41
79.77
80.14
80.50
80.88
81.25
81.62
81.99
82.37
82.76
83.14
83.55
83.96
84.37
84.75
85.14
85.52
85.90
86.30
86.69
87.07
87.47
87.86
88.25
88.63
89.00
89.39
89.78
90.16
90.55
90.95
91.35
91.74
92.14
92.53
92.93
93.32
93.74
94.15
94.55
94.96
95.36
95.77
96.18
96.57
96.97
97.36
97.77
98.17
98.57
98.98
99.38
99.79
100.19
100.59
100.97
101.36
101.75
102.13
102.52
102.92
103.32
103.70
104.10
104.48
104.86
105.24
105.63
106.02
106.41
106.79
107.17
107.57
107.95
108.33
108.72
109.10
109.48
109.87
110.25
110.63
111.01
111.40
111.78
112.16
112.55
112.94
113.34
113.73
114.11
114.50
114.88
115.25
115.62
116.01
116.39
116.78
117.18
117.56
117.95
118.33
118.71
119.10
119.49
119.88
120.28
120.67
121.05
121.42
121.79
122.17
122.54
122.93
123.31
123.70
124.09
124.47
124.85
125.24
125.62
126.03
126.43
126.84
127.26
127.67
128.09
128.51
128.92
129.35
129.78
130.22
130.65
131.07
131.47
131.87
132.26
132.66
133.06
133.46
133.85
134.25
134.64
135.04
135.43
135.83
136.22
136.63
137.02
137.42
137.82
138.32
138.82
139.32
139.95
140.57
141.19
141.82
142.44
143.06
143.67
144.29
144.90
145.52
146.07
146.61
147.16
147.69
148.22
148.77
149.32
149.86
150.41
150.95
151.50
152.04
152.59
153.14
153.69
154.24
154.81
155.36
155.93
156.50
157.08
157.65
