# Beats
0.49
1.00
1.51
2.01
2.51
2.98
3.46
3.94
4.41
4.89
5.36
5.83
6.27
6.72
7.19
7.71
8.23
8.73
9.24
9.75
10.26
10.77
11.26
11.76
12.21
12.68
13.15
13.60
14.02
14.44
14.88
15.31
15.74
16.18
16.61
17.04
17.48
17.94
18.40
18.85
19.32
19.78
20.25
20.71
21.15
21.62
22.08
22.58
23.08
23.59
24.17
24.73
25.29
25.84
26.42
27.00
27.59
28.15
28.72
29.30
29.87
30.42
30.98
31.53
32.07
32.62
33.17
33.72
34.25
34.78
35.32
35.92
36.52
37.11
37.70
38.30
38.89
39.47
40.08
40.68
41.26
41.84
42.41
43.00
43.61
44.21
44.81
45.42
46.05
46.65
47.25
47.88
48.51
49.13
49.76
50.36
50.97
51.57
52.18
52.78
53.37
53.96
54.54
55.12
55.70
56.29
56.87
57.43
58.07
58.72
59.37
60.02
60.66
61.30
61.93
62.54
63.15
63.76
64.33
64.90
65.48
66.06
66.64
67.21
67.77
68.34
68.89
69.45
70.00
70.54
71.10
71.63
72.18
72.72
73.26
73.79
74.33
74.86
75.42
75.95
76.49
77.03
77.59
78.16
78.70
79.30
79.89
80.57
81.27
81.97
82.66
83.36
84.06
84.75
85.44
86.13
86.78
87.45
87.98
88.54
89.07
89.61
90.15
90.67
91.21
91.74
92.25
92.78
93.30
93.89
94.49
95.10
95.69
96.27
96.80
97.34
97.87
98.34
98.81
99.29
99.76
100.24
100.73
101.22
101.70
102.17
102.63
103.11
103.60
104.07
104.54
105.00
105.47
105.91
106.37
106.84
107.35
107.86
108.37
108.95
109.51
110.09
110.67
111.24
111.76
112.28
112.81
113.28
113.74
114.21
114.67
115.12
115.58
