# Beats
0.67
1.36
2.03
2.73
3.42
4.12
4.88
5.63
6.30
6.99
7.66
8.35
9.03
9.71
10.37
11.03
11.69
12.35
13.01
13.66
14.33
14.98
15.64
16.30
16.96
17.62
18.27
18.92
19.55
20.18
20.79
21.34
21.87
22.41
22.94
23.48
24.01
24.56
25.09
25.62
26.15
26.67
27.19
27.71
28.22
28.82
29.40
29.98
30.56
31.15
31.74
32.32
32.91
33.52
34.12
34.75
35.38
35.97
36.55
37.13
37.65
38.17
38.70
39.22
39.73
40.21
40.67
41.15
41.61
42.07
42.54
43.00
43.47
43.93
44.40
44.86
45.33
45.79
46.25
46.72
47.18
47.66
48.15
48.62
49.13
49.64
50.16
50.67
51.18
51.69
52.20
52.71
53.22
53.72
54.22
54.72
55.22
55.72
56.22
56.71
57.20
57.70
58.21
58.71
59.21
59.77
60.33
60.88
61.44
62.00
62.54
63.09
63.63
64.23
64.82
65.50
66.19
66.86
67.55
68.23
68.92
69.59
70.28
70.95
71.63
72.31
72.97
73.64
74.30
74.98
75.65
76.34
77.01
77.66
78.31
78.92
79.55
80.18
80.68
81.18
81.68
82.14
82.62
83.08
83.55
84.01
84.46
84.92
85.36
85.81
86.25
86.69
87.13
87.59
88.06
88.55
89.04
89.59
90.16
90.73
91.30
91.85
92.39
92.97
93.55
94.08
94.59
95.10
95.46
95.82
96.18
96.60
97.01
97.43
97.85
98.26
98.66
99.07
99.44
99.81
100.19
100.57
100.95
101.36
101.75
102.14
102.54
102.93
103.32
103.70
104.11
104.50
104.91
105.30
105.76
106.23
106.71
107.17
107.64
108.09
108.54
108.99
109.45
109.89
110.33
110.78
111.25
111.72
112.20
112.69
113.15
113.63
114.10
114.58
115.05
115.52
116.00
116.47
116.95
117.41
117.88
118.33
118.90
119.47
120.04
120.73
121.43
122.08
122.73
123.39
124.05
124.73
125.35
125.98
126.60
127.20
127.80
128.41
129.01
129.53
130.08
130.62
131.17
131.73
132.26
132.79
133.32
133.87
134.42
134.97
135.49
136.01
136.53
137.06
137.58
138.09
138.60
139.11
139.62
140.06
140.50
140.95
141.37
141.80
142.23
142.65
143.13
143.60
144.08
144.63
145.17
145.72
146.25
146.77
147.31
147.84
148.38
148.87
149.37
149.88
150.40
150.91
151.42
151.92
152.42
152.93
153.41
153.91
154.41
154.90
155.38
155.85
156.34
156.83
157.33
157.79
158.26
158.72
159.18
159.66
160.12
160.60
161.08
161.54
162.02
162.49
162.97
163.45
163.96
164.48
164.95
165.42
165.88
166.35
166.84
167.32
167.81
168.31
168.81
169.31
169.80
170.28
170.78
171.21
171.65
172.08
172.58
173.08
173.58
174.13
174.67
175.21
175.69
176.18
176.66
177.13
177.61
178.09
178.56
179.04
179.51
179.98
180.44
180.93
181.39
181.85
182.30
182.76
183.23
183.68
184.13
184.59
185.04
185.49
185.95
186.40
186.85
187.30
187.76
