# Beats
0.53
1.07
1.60
2.16
2.72
3.29
3.85
4.44
4.97
5.50
6.03
6.56
7.08
7.62
8.15
8.68
9.22
9.75
10.29
10.84
11.39
12.00
12.63
13.26
13.86
14.48
15.05
15.62
16.18
16.74
17.32
17.91
18.48
19.04
19.60
20.15
20.71
21.16
21.62
22.08
22.53
22.98
23.42
23.87
24.31
24.78
25.23
25.68
26.12
26.56
27.03
27.48
27.91
28.35
28.77
29.20
29.63
30.04
30.46
30.89
31.32
31.74
32.17
32.60
33.02
33.45
33.87
34.30
34.71
35.13
35.57
36.12
36.66
37.22
37.78
38.34
38.81
39.30
39.78
40.22
40.67
41.10
41.54
41.97
42.39
42.82
43.33
43.83
44.33
44.84
45.34
45.84
46.34
46.83
47.32
47.86
48.37
48.90
49.46
50.02
50.55
51.11
51.65
52.11
52.57
53.02
53.48
53.94
54.40
54.87
55.31
55.75
56.18
56.61
57.05
57.47
57.89
58.22
58.56
58.93
59.28
59.63
59.97
60.30
60.65
60.99
61.32
61.67
62.01
62.36
62.79
63.19
63.60
64.01
64.41
64.81
65.20
65.62
66.03
66.43
66.85
67.26
67.65
68.06
68.45
68.85
69.27
69.66
70.07
70.48
70.88
71.29
71.63
71.98
72.33
72.68
73.03
73.38
73.70
74.04
74.37
74.71
75.05
75.40
75.74
76.08
76.42
76.75
77.09
77.44
77.79
78.14
78.48
78.82
79.17
79.52
79.88
80.21
80.56
80.90
81.25
81.62
81.97
82.31
82.67
83.01
83.36
83.71
84.03
84.36
84.69
85.03
85.36
85.68
86.01
86.34
86.67
87.01
87.34
87.68
88.02
88.35
88.70
89.05
89.40
89.73
90.07
90.40
90.74
91.07
91.42
91.77
92.09
92.42
92.74
93.08
93.40
93.74
94.05
94.40
94.73
95.06
95.41
95.76
96.11
96.46
96.80
97.14
97.48
97.83
98.15
98.49
98.82
99.17
99.52
99.86
100.19
100.52
100.84
101.18
101.54
101.90
102.26
102.60
102.93
103.27
103.61
103.97
104.30
104.65
105.00
105.35
105.69
106.01
106.32
106.65
106.97
107.31
107.65
107.97
108.30
108.69
109.06
109.44
109.81
110.17
110.54
110.92
111.30
111.69
112.07
112.43
112.81
113.20
113.58
113.95
114.43
114.92
115.39
115.87
116.33
116.81
117.28
117.66
118.05
118.42
118.79
119.16
119.54
119.93
120.30
120.67
121.05
121.43
121.81
122.18
122.54
122.90
123.27
123.65
123.99
124.34
124.70
125.06
125.41
125.76
126.10
126.48
126.86
127.23
127.62
127.99
128.35
128.72
129.10
129.47
129.85
130.22
130.59
130.96
131.32
131.68
132.05
132.42
132.78
133.14
133.51
133.85
134.20
134.55
134.88
135.22
135.56
135.91
136.25
136.60
136.95
137.30
137.64
138.00
138.34
138.69
139.04
139.37
139.71
140.06
140.42
140.78
141.12
141.46
141.80
142.13
142.45
142.84
143.23
143.63
144.02
144.43
144.85
145.24
145.66
146.08
146.49
146.89
147.28
147.67
148.05
148.46
148.87
149.29
149.71
150.12
150.51
150.93
151.37
151.77
152.14
152.51
152.87
153.25
153.62
154.01
154.39
154.76
155.14
155.53
155.90
156.27
156.64
157.02
157.40
157.78
158.17
158.57
159.08
159.60
160.12
160.64
161.15
161.66
162.17
162.67
163.17
163.76
164.35
164.93
165.50
166.07
166.65
167.23
167.83
168.41
168.99
169.55
170.12
170.70
171.29
171.87
172.44
173.00
173.56
174.13
174.68
175.25
175.83
176.40
176.96
177.52
178.10
178.63
179.15
179.68
180.19
180.70
181.21
181.74
182.27
182.79
183.32
183.84
184.39
184.92
185.46
186.08
186.69
187.30
187.92
188.53
189.14
189.75
190.37
