# Beats
0.52
1.04
1.57
2.09
2.62
3.13
3.65
4.16
4.64
5.13
5.62
6.13
6.64
7.16
7.69
8.21
8.68
9.15
9.64
10.12
10.61
11.10
11.59
12.07
12.56
13.06
13.62
14.16
14.71
15.27
15.81
16.37
16.90
17.44
17.97
18.53
19.09
19.62
20.18
20.75
21.29
21.87
22.41
22.94
23.46
23.87
24.29
24.69
25.10
25.52
25.94
26.35
26.75
27.17
27.59
27.98
28.44
28.89
29.34
29.84
30.33
30.81
31.30
31.78
32.28
32.72
33.17
33.65
34.12
34.53
34.95
35.36
35.76
36.17
36.58
36.99
37.41
37.80
38.22
38.66
39.11
39.57
40.02
40.50
40.96
41.42
41.90
42.38
42.83
43.37
43.93
44.48
45.02
45.58
46.13
46.66
47.21
47.75
48.30
48.82
49.39
49.96
50.53
51.06
51.62
52.16
52.71
53.24
53.82
54.40
54.98
55.54
56.10
56.66
57.21
57.77
58.32
58.86
59.42
59.98
60.53
61.07
61.58
62.10
62.58
63.04
63.52
64.02
64.52
65.02
65.52
66.01
66.51
67.01
67.52
68.01
68.56
69.11
69.68
70.24
70.77
71.33
71.89
72.46
73.00
73.55
74.09
74.62
75.14
75.65
76.16
76.68
77.23
77.76
