# Beats
0.52
0.96
1.42
1.86
2.30
2.74
3.18
3.61
4.04
4.48
4.92
5.36
5.80
6.23
6.68
7.12
7.52
7.94
8.38
8.81
9.24
9.67
10.10
10.52
10.96
11.40
11.83
12.26
12.68
13.10
13.51
13.94
14.40
14.84
15.26
15.70
16.14
16.58
17.02
17.46
17.88
18.30
18.74
19.19
19.62
20.05
20.48
20.90
21.34
21.77
22.21
22.64
23.08
23.52
23.95
24.38
24.82
25.26
25.69
26.12
26.56
27.00
27.45
27.89
28.32
28.73
29.16
29.58
30.01
30.44
30.86
31.30
31.73
32.16
32.59
33.03
33.46
33.90
34.34
34.76
35.20
35.64
36.07
36.50
36.94
37.38
37.81
38.24
38.74
39.25
39.76
40.39
41.05
41.73
42.38
43.03
43.68
44.33
44.98
45.65
46.37
47.08
47.80
48.51
49.25
