# Beats
0.49
1.00
1.50
1.96
2.44
2.91
3.38
3.84
4.31
4.71
5.13
5.54
5.94
6.35
6.77
7.17
7.57
7.98
8.38
8.79
9.20
9.60
10.00
10.39
10.81
11.22
11.62
12.03
12.43
12.84
13.25
13.65
14.07
14.49
14.91
15.31
15.73
16.15
16.56
16.96
17.37
17.79
18.20
18.62
19.03
19.45
19.88
20.29
20.72
21.14
21.56
21.99
22.41
22.83
23.24
23.66
24.07
24.49
24.89
25.31
25.74
26.16
26.58
26.99
27.41
27.84
28.27
28.69
29.11
29.54
29.95
30.37
30.80
31.22
31.64
32.07
32.50
32.93
33.34
33.77
34.19
34.61
35.03
35.45
35.87
36.29
36.72
37.14
37.57
38.00
38.42
38.84
39.25
39.68
40.10
40.53
40.95
41.38
41.81
42.23
42.64
43.07
43.49
43.91
44.34
44.77
45.20
45.63
46.07
46.50
46.93
47.37
47.80
48.23
48.65
49.06
49.48
49.90
50.33
50.76
51.19
51.62
52.05
52.48
52.91
53.34
53.75
54.17
54.60
55.03
55.46
55.88
56.30
56.73
57.16
57.57
58.00
58.42
58.84
59.26
59.69
60.12
60.53
60.95
61.37
61.79
62.22
62.64
63.05
63.47
63.89
64.31
64.73
65.14
65.55
65.97
66.39
66.80
67.22
67.65
68.07
68.49
68.92
69.35
69.79
70.22
70.65
71.08
71.51
71.94
72.36
72.78
73.20
73.63
74.05
74.47
74.88
75.30
75.72
76.14
76.54
76.96
77.38
77.80
78.23
78.67
79.12
79.57
80.02
80.50
80.98
81.47
81.94
82.41
82.88
83.32
83.77
84.21
84.65
85.10
85.55
86.00
86.44
86.87
87.30
87.72
88.15
88.58
89.01
89.37
89.73
90.09
90.45
90.82
91.20
91.57
91.94
92.30
92.66
93.03
93.40
93.77
94.15
94.52
94.89
95.27
95.65
96.04
96.42
96.79
97.16
97.54
97.91
98.29
98.68
99.08
99.47
99.86
100.25
100.64
101.02
101.40
101.78
102.17
102.55
102.93
103.32
103.70
104.13
104.56
104.99
105.42
105.86
106.29
106.72
107.15
107.58
108.01
108.43
108.83
109.26
109.69
110.11
110.53
110.93
111.35
111.77
112.18
112.58
113.00
113.42
113.85
114.28
114.71
115.14
115.57
116.00
116.42
116.85
117.28
117.71
118.15
118.60
119.04
119.47
119.91
120.34
120.77
121.20
121.63
122.07
122.50
122.93
123.36
123.79
124.22
124.64
125.03
125.41
125.79
126.18
126.56
126.94
127.33
127.70
128.07
128.45
128.82
129.20
129.58
129.96
130.35
130.72
131.09
131.46
131.83
132.21
132.59
132.95
133.32
133.69
134.07
134.44
134.82
135.19
135.55
135.92
136.29
136.66
137.04
137.42
137.80
138.17
138.55
138.95
139.34
139.75
140.16
140.55
140.93
141.42
141.91
142.40
143.02
143.65
144.27
144.89
145.51
146.12
146.73
147.33
147.93
148.55
149.15
149.77
150.37
150.99
151.60
152.22
152.83
153.37
153.90
154.44
154.96
155.48
156.00
156.53
157.04
157.51
158.07
158.63
159.18
159.74
160.30
160.87
161.44
162.01
162.57
163.14
163.72
164.30
164.87
165.37
165.87
166.37
166.87
167.35
167.81
168.25
168.72
169.18
169.63
170.06
170.52
170.98
171.43
171.90
172.37
172.84
173.31
173.78
174.24
174.73
175.23
175.65
176.07
176.47
176.89
177.31
177.73
178.14
178.56
178.98
179.40
179.82
180.23
180.65
181.06
181.48
181.89
182.32
182.74
183.16
183.58
184.01
184.45
184.89
185.33
185.76
186.18
186.60
187.01
187.47
187.92
188.37
188.82
189.28
189.72
190.15
190.57
191.00
191.43
191.84
192.25
192.67
193.10
193.50
193.91
194.33
194.76
195.18
195.58
195.99
196.39
196.79
197.21
197.63
198.04
198.45
198.87
199.30
199.71
200.13
200.55
200.97
201.40
201.82
202.25
202.69
203.12
203.55
203.98
204.41
204.83
205.28
205.72
206.16
206.61
207.08
207.53
207.98
208.45
208.91
209.39
209.84
210.30
210.77
211.24
211.72
212.20
212.67
213.14
213.60
214.06
214.52
214.97
215.42
215.88
216.33
216.77
217.22
217.68
218.13
218.60
219.08
219.54
220.01
220.47
220.94
221.40
221.88
222.35
222.83
223.33
223.82
224.32
224.79
225.27
225.74
226.17
226.60
227.03
227.51
227.99
228.47
228.96
229.45
229.92
230.42
230.95
231.46
231.94
232.43
232.92
233.40
233.87
234.35
234.80
235.25
235.71
236.16
236.61
237.06
237.52
237.95
238.39
238.83
239.27
239.72
240.16
240.61
241.05
241.49
241.93
242.37
242.82
243.26
243.71
244.13
244.56
245.01
245.45
245.89
246.33
246.77
247.21
247.66
248.12
248.59
249.07
249.56
250.01
250.47
250.94
251.46
251.97
252.48
252.96
253.43
253.90
254.37
254.84
255.32
255.79
256.24
256.70
257.16
257.63
258.09
258.55
259.02
259.48
259.96
260.41
260.86
261.32
261.77
262.22
262.68
263.19
263.71
264.23
264.75
265.28
265.80
266.32
266.84
267.35
267.85
268.34
268.84
269.34
269.83
270.33
270.84
271.35
271.87
272.38
272.89
273.40
273.93
274.45
274.98
275.52
276.05
276.72
277.39
278.06
278.73
279.41
280.07
280.73
281.31
281.89
282.46
283.04
283.61
284.19
284.76
