# Beats
0.51
1.02
1.54
2.07
2.57
3.11
3.66
4.20
4.74
5.27
5.82
6.30
6.79
7.28
7.72
8.16
8.60
9.04
9.49
9.93
10.37
10.80
11.24
11.68
12.05
12.42
12.78
13.14
13.50
13.86
14.22
14.58
14.93
15.28
15.63
15.99
16.35
16.71
17.07
17.43
17.83
18.23
18.62
19.02
19.40
19.78
20.18
20.57
21.04
21.50
21.97
22.44
22.91
23.37
23.84
24.30
24.75
25.22
25.68
26.16
26.63
27.13
27.64
28.15
28.63
29.09
29.56
29.99
30.42
30.85
31.28
31.71
32.12
32.55
32.98
33.41
33.84
34.28
34.73
35.17
35.62
36.07
36.52
36.98
37.43
37.87
38.32
38.78
39.22
39.66
40.11
40.57
41.01
41.45
41.90
42.35
42.81
43.26
43.70
44.16
44.62
45.07
45.52
45.99
46.44
46.90
47.37
47.80
48.23
48.66
49.04
49.41
49.78
50.16
50.60
51.05
51.49
51.93
52.37
52.83
53.28
53.68
54.09
54.50
54.90
55.29
55.66
56.03
56.40
56.77
57.14
57.52
57.88
58.21
58.55
58.90
59.23
59.58
59.93
60.28
60.60
60.94
61.28
61.60
61.94
62.28
62.60
62.95
63.27
63.60
63.92
64.25
64.59
64.92
65.24
65.56
65.90
66.23
66.57
66.91
67.24
67.58
67.92
68.27
68.61
68.95
69.29
69.64
69.97
70.32
70.67
71.02
71.47
71.94
72.39
72.85
73.33
73.79
74.26
74.71
75.16
75.63
76.08
76.54
77.01
77.50
77.98
78.47
78.95
79.42
