# Beats
0.53
1.08
1.63
2.17
2.72
3.24
3.76
4.28
4.76
5.24
5.71
6.20
6.68
7.15
7.63
8.09
8.57
9.09
9.61
10.14
10.67
11.19
11.71
12.24
12.76
13.28
13.80
14.33
14.85
15.45
16.07
16.67
17.28
17.87
18.46
19.06
19.64
20.24
20.82
21.40
21.98
22.57
23.16
23.74
24.32
24.90
25.50
26.09
26.69
27.32
27.95
28.44
28.93
29.42
29.88
30.35
30.82
31.30
31.76
32.23
32.68
33.15
33.60
34.04
34.48
34.92
35.39
35.85
36.32
36.77
37.22
37.67
38.12
38.57
39.03
39.49
39.94
40.40
40.86
41.31
41.76
42.21
42.67
43.11
43.55
44.00
44.45
44.95
45.45
45.96
46.49
47.01
47.53
48.04
48.56
49.06
49.56
50.05
50.55
51.05
51.56
52.08
52.59
53.12
53.64
54.16
54.67
55.19
55.72
56.23
56.75
57.26
57.77
58.24
58.71
59.19
59.70
60.21
60.72
61.24
61.77
62.29
62.90
63.52
64.15
64.77
65.40
66.04
66.66
67.31
67.95
68.60
69.25
69.85
70.43
71.01
71.59
72.18
72.76
73.27
73.79
74.30
74.81
75.33
75.89
76.45
77.00
77.55
78.11
78.67
79.31
79.95
80.58
81.22
81.97
82.71
83.51
84.31
85.10
85.89
86.67
87.46
88.22
89.01
89.78
90.55
91.31
92.07
92.86
93.65
94.44
95.23
96.01
96.76
97.50
98.24
98.99
99.75
100.52
101.29
102.06
102.76
103.47
104.16
104.85
105.55
106.25
106.95
107.54
108.12
108.66
109.20
109.74
110.27
110.81
111.34
111.87
112.40
112.92
113.43
113.94
114.45
114.96
115.47
115.98
116.49
117.01
117.50
118.00
118.51
119.04
119.55
120.07
120.59
121.10
121.63
122.14
122.65
123.16
123.68
124.20
124.73
125.25
125.77
126.29
126.82
127.33
127.85
128.37
128.89
129.42
129.93
130.45
130.97
131.49
132.01
132.53
133.04
133.55
134.07
134.59
135.12
135.64
136.17
136.70
137.23
137.76
138.29
138.83
139.39
140.06
140.74
141.43
142.13
142.83
143.52
144.27
145.01
145.75
146.49
147.32
148.14
148.98
149.80
150.63
