# Beats
0.50
1.00
1.50
1.93
2.36
2.77
3.18
3.61
4.04
4.49
4.95
5.40
5.85
6.34
6.83
7.30
7.78
8.25
8.74
9.22
9.69
10.16
10.65
11.13
11.62
12.06
12.49
12.93
13.37
13.82
14.26
14.70
15.13
15.56
15.99
16.44
16.89
17.33
17.79
18.20
18.61
19.02
19.42
19.83
20.24
20.65
21.08
21.50
21.92
22.40
22.89
23.38
23.87
24.36
24.85
25.26
25.68
26.10
26.52
26.92
27.32
27.71
28.12
28.51
28.91
29.30
29.70
30.10
30.50
30.89
31.28
31.66
32.04
32.44
32.82
33.22
33.60
33.99
34.38
34.77
35.16
35.54
35.94
36.34
36.73
37.14
37.59
38.03
38.48
38.92
39.37
39.83
40.29
40.74
41.20
41.66
42.12
42.57
43.03
43.50
43.97
44.43
44.90
45.36
45.82
46.29
46.75
47.22
47.74
48.25
48.77
49.30
49.81
50.32
50.75
51.17
51.58
52.01
52.44
52.87
53.30
53.74
54.20
54.64
55.08
55.52
55.97
56.41
56.82
57.21
57.61
58.00
58.40
58.80
59.21
59.62
60.04
60.44
60.85
61.34
61.82
62.32
62.87
63.41
63.97
64.53
65.09
65.63
66.18
66.72
67.26
67.79
68.32
68.86
69.39
69.93
70.46
71.00
71.53
72.06
72.60
73.11
73.62
74.12
74.63
75.13
75.64
76.15
76.65
77.15
77.65
78.16
78.67
79.19
79.71
80.22
80.75
81.27
81.79
82.33
82.86
83.39
83.93
84.47
85.04
85.60
86.16
86.71
87.27
87.89
88.50
89.11
89.71
90.31
90.88
91.44
92.01
92.57
93.14
93.62
94.09
94.55
95.02
95.48
95.94
96.41
96.86
97.33
97.78
98.27
98.77
99.27
99.76
100.26
100.75
101.25
101.75
102.25
102.74
103.24
103.74
104.25
104.75
105.24
105.76
106.27
106.78
107.30
107.81
108.31
108.79
109.26
109.74
110.21
110.69
111.18
111.65
112.13
112.59
113.05
113.51
113.99
114.50
115.02
115.54
116.06
116.59
117.11
117.62
118.13
118.64
119.16
119.68
120.19
120.70
121.21
121.72
122.23
122.73
123.24
123.74
124.24
124.75
125.25
125.76
126.27
126.80
127.34
127.91
128.48
129.04
129.68
130.32
130.97
131.62
132.27
132.92
133.56
134.20
134.85
135.49
136.13
136.78
137.44
138.09
138.75
139.41
140.02
140.63
141.25
141.86
142.49
143.06
143.63
144.15
144.66
145.16
145.67
146.17
146.67
147.17
147.67
148.17
148.61
149.04
149.47
149.88
150.31
150.74
151.16
151.59
152.02
152.44
152.87
153.30
153.72
154.15
154.58
155.00
155.43
155.88
156.32
156.76
157.20
157.68
158.15
158.63
159.10
159.58
160.07
160.54
161.02
161.49
161.97
162.45
162.92
163.40
163.86
164.33
164.78
165.24
165.70
166.16
166.61
167.07
167.52
167.93
168.31
168.70
169.09
169.52
169.95
170.36
170.78
171.20
171.62
172.04
172.47
172.90
173.31
173.74
174.17
174.60
175.03
175.45
175.88
176.30
176.72
177.09
177.46
177.83
178.21
178.60
178.97
179.35
179.73
180.11
180.48
180.86
181.23
181.61
182.00
182.38
182.76
183.14
183.51
183.88
184.25
184.62
184.99
185.36
185.72
186.08
186.43
186.78
187.13
