# Beats
0.53
1.08
1.63
2.17
2.72
3.18
3.65
4.12
4.62
5.12
5.63
6.13
6.62
7.13
7.62
8.12
8.61
9.11
9.61
10.10
10.59
11.10
11.59
12.02
12.47
12.91
13.36
13.79
14.21
14.63
15.05
15.48
15.92
16.45
17.00
17.55
18.15
18.74
19.39
20.02
20.64
21.27
21.91
22.57
23.23
23.88
24.56
25.22
25.75
26.28
26.83
27.35
27.90
28.44
28.96
29.49
30.02
30.56
31.09
31.56
32.02
32.51
33.01
33.51
33.99
34.41
34.84
35.25
35.65
36.06
36.48
36.90
37.30
37.71
38.12
38.52
38.92
39.33
39.73
40.15
40.57
40.98
41.40
41.84
42.28
42.70
43.13
43.55
43.96
44.36
44.79
45.21
45.65
46.09
46.54
46.99
47.55
48.11
48.65
49.20
49.76
50.32
50.87
51.43
51.98
52.52
53.07
53.61
54.17
54.73
55.32
55.90
56.49
57.09
57.67
58.21
58.76
59.32
59.79
60.28
60.76
61.25
61.73
62.21
62.61
63.04
63.45
63.85
64.25
64.64
65.04
65.45
65.88
66.27
66.66
67.07
67.48
67.90
68.36
68.81
69.23
69.71
70.10
70.50
70.88
71.26
71.65
72.03
72.41
