# Beats
0.46
0.94
1.42
1.89
2.37
2.84
3.32
3.81
4.30
4.76
5.22
5.68
6.05
6.42
6.79
7.16
7.52
7.88
8.17
8.50
8.82
9.15
9.47
9.79
10.10
10.43
10.77
11.11
11.42
11.75
12.06
12.39
12.70
13.03
13.37
13.70
14.00
14.33
14.65
14.98
15.29
15.62
15.95
16.28
16.58
16.89
17.22
17.57
17.90
18.23
18.55
18.90
19.23
19.55
19.88
20.20
20.53
20.86
21.20
21.55
21.87
22.20
22.52
22.85
23.15
23.50
23.85
24.20
24.52
24.85
25.17
25.52
25.84
26.17
26.49
26.84
27.17
27.49
27.82
28.17
28.49
28.83
29.16
29.49
29.83
30.16
30.49
30.84
31.16
31.49
31.80
32.10
32.42
32.72
33.04
33.39
33.72
34.05
34.39
34.71
35.04
35.38
35.69
36.01
36.34
36.68
37.01
37.37
37.69
38.01
38.34
38.67
39.01
39.33
39.67
40.01
40.33
40.67
40.98
41.31
41.64
41.99
42.33
42.66
42.99
43.33
43.67
44.00
44.34
44.68
45.02
45.35
45.67
46.01
46.32
46.63
46.96
47.30
47.65
48.00
48.32
48.66
48.98
49.32
49.64
49.99
50.33
50.67
50.99
51.32
51.64
51.97
52.31
52.65
52.99
53.31
53.64
53.97
54.31
54.64
54.96
55.31
55.64
55.97
56.31
56.66
56.98
57.33
57.67
58.02
58.34
58.70
59.04
59.39
59.72
60.05
60.37
60.70
61.02
61.35
61.68
62.01
62.35
62.69
63.04
63.39
63.75
64.11
64.47
64.81
65.16
65.50
65.83
66.18
66.54
66.87
67.22
67.55
67.90
68.24
68.59
68.94
69.30
69.67
70.04
70.40
70.76
71.12
71.52
71.94
72.35
72.75
73.14
73.54
73.96
74.39
74.83
75.26
75.70
76.09
76.47
76.86
77.28
77.69
78.11
78.51
78.92
79.34
79.75
80.17
80.56
80.96
81.34
81.71
82.11
82.50
82.90
83.36
83.82
84.29
84.81
85.34
85.87
86.39
86.91
87.42
87.93
88.44
88.96
89.45
89.98
90.50
91.05
91.59
92.25
92.91
93.58
94.26
94.95
95.56
96.18
96.80
97.42
98.03
98.64
99.22
99.75
100.29
100.83
101.29
101.75
102.19
102.66
103.10
103.56
104.04
104.51
105.00
105.50
106.00
106.49
107.00
107.50
107.98
108.47
108.96
109.45
109.93
110.42
110.91
111.40
111.84
112.28
112.72
113.16
113.60
114.04
114.51
114.97
115.44
115.93
116.41
116.90
117.40
117.90
118.40
118.90
119.39
119.87
120.36
120.83
121.29
121.75
122.22
122.68
123.15
123.61
124.08
124.53
124.98
125.43
125.89
126.34
126.76
127.18
127.59
128.01
128.43
128.87
129.29
129.71
130.12
130.55
130.97
131.39
131.80
132.23
132.63
133.03
133.43
133.89
134.34
134.82
135.40
135.98
136.53
137.11
137.69
138.27
138.86
139.42
139.97
140.53
141.06
141.55
142.04
142.52
143.02
143.52
144.02
144.50
144.96
145.43
145.89
146.36
146.81
147.28
147.77
148.24
148.70
149.18
149.69
150.16
150.64
151.12
151.63
152.11
152.58
153.04
153.52
154.02
154.51
154.97
155.46
155.97
156.48
156.97
157.44
157.92
158.41
158.91
159.43
159.96
160.47
161.00
161.52
162.03
162.54
163.02
163.49
163.99
164.47
164.94
165.42
165.88
166.35
166.80
167.25
167.72
168.18
168.65
169.11
169.56
170.00
170.46
170.90
171.35
171.79
172.22
172.66
173.13
173.57
174.02
174.47
174.94
175.38
175.86
176.31
176.77
177.25
177.70
178.17
178.61
179.05
179.49
179.94
180.41
180.87
181.35
181.82
182.31
182.81
183.31
183.81
184.34
184.90
185.43
185.97
186.51
187.05
187.57
188.10
188.64
189.08
189.52
189.96
190.42
190.84
191.30
191.75
192.20
192.66
193.11
