# Beats
0.46
0.93
1.39
1.87
2.33
2.79
3.25
3.74
4.23
4.71
5.19
5.69
6.20
6.69
7.20
7.65
8.09
8.52
8.96
9.40
9.85
10.26
10.66
11.06
11.46
11.87
12.26
12.63
13.03
13.42
13.80
14.19
14.58
14.94
15.30
15.65
16.00
16.37
16.74
17.10
17.47
17.86
18.23
18.58
18.95
19.31
19.67
20.05
20.41
20.77
21.13
21.50
21.87
22.24
22.63
23.00
23.38
23.75
24.14
24.50
24.86
25.22
25.59
25.96
26.32
26.67
27.03
27.39
27.75
28.13
28.51
28.89
29.26
29.72
30.15
30.58
31.01
31.44
31.87
32.30
32.69
33.08
33.46
33.85
34.24
34.64
35.06
35.47
35.87
36.28
36.69
37.11
37.54
37.96
38.39
38.85
39.30
39.75
40.19
40.63
41.08
41.61
42.14
42.68
43.21
43.75
44.28
44.79
45.28
45.79
46.31
46.83
47.37
47.88
48.39
48.90
49.41
49.92
50.43
50.94
51.44
51.93
52.42
52.92
53.43
53.94
54.45
54.96
55.45
55.96
56.45
56.87
57.28
57.71
58.14
58.54
58.93
59.33
59.74
60.16
60.57
60.95
61.35
61.74
62.14
62.51
62.88
63.23
63.59
63.92
64.27
64.63
64.99
65.43
65.90
66.36
66.87
67.38
67.90
68.39
68.88
69.37
69.87
70.38
70.89
71.40
71.91
72.40
72.92
73.44
73.96
74.57
75.19
75.79
76.39
77.00
77.60
78.20
78.77
79.34
79.92
80.49
81.06
81.64
82.22
82.78
83.36
83.96
84.57
85.08
85.58
86.05
86.54
87.05
87.54
88.04
88.54
89.03
89.42
89.84
90.26
90.65
91.06
91.46
91.87
92.28
92.66
93.07
93.48
93.86
94.23
94.60
94.98
95.38
95.78
96.18
96.56
96.94
97.31
97.70
98.07
98.45
98.84
99.24
99.71
100.17
100.61
101.15
101.69
102.24
102.78
103.31
103.84
104.35
104.88
105.41
105.91
106.42
106.90
107.39
107.90
108.41
108.94
109.44
109.95
110.45
110.97
111.47
111.97
112.47
112.99
113.50
114.01
114.53
115.05
115.58
116.10
116.61
117.13
117.64
118.17
118.70
119.25
119.77
120.30
120.84
121.37
121.95
122.54
123.14
123.74
124.33
124.92
125.52
126.11
126.62
127.15
127.69
128.23
128.77
129.29
129.82
130.33
130.88
131.42
131.99
132.61
133.24
133.87
134.51
135.15
135.77
136.38
137.00
137.62
138.25
138.86
139.47
140.06
140.68
141.28
141.89
142.48
143.07
143.67
144.24
144.81
145.38
145.96
146.54
147.12
147.70
148.27
148.86
149.47
150.07
150.55
151.02
151.48
151.93
152.37
152.82
153.27
153.74
154.20
154.59
154.99
155.38
155.76
156.15
156.53
156.90
157.27
157.68
158.07
158.48
158.87
159.27
159.67
160.07
160.47
160.86
161.24
161.63
162.03
162.42
162.81
163.19
163.57
163.98
164.37
164.77
165.16
165.54
165.92
166.30
166.70
167.07
167.45
167.83
168.23
168.62
169.01
169.39
169.82
170.25
170.68
171.12
171.56
171.99
172.41
172.84
173.27
173.69
174.10
174.54
174.99
175.51
176.03
176.54
177.03
177.52
178.00
178.47
178.92
179.39
179.84
180.29
180.77
181.23
181.68
182.13
182.57
183.02
183.47
183.95
184.40
184.85
185.31
185.77
186.24
186.69
187.15
187.62
188.08
188.55
189.01
189.47
189.94
190.40
190.87
191.36
191.72
192.08
192.44
192.80
193.17
193.54
193.91
194.27
194.63
194.99
195.35
195.71
196.07
196.49
196.89
197.32
197.74
198.16
198.58
198.98
199.39
199.80
200.20
200.60
200.99
201.40
201.80
202.20
202.58
202.99
203.38
203.79
204.21
204.61
205.02
205.47
205.94
206.40
206.96
207.52
208.07
208.65
209.24
209.79
210.35
210.91
211.51
212.11
212.72
213.32
213.93
214.48
215.04
215.48
215.93
216.39
216.84
217.27
217.69
218.12
218.55
218.96
219.42
219.87
220.32
220.79
221.24
221.65
222.05
222.45
222.87
223.28
223.70
224.13
224.54
224.95
225.36
225.77
226.16
226.58
226.99
227.39
227.81
228.21
228.60
229.02
229.42
229.84
230.25
230.68
231.10
231.50
231.92
232.34
232.76
233.19
233.62
234.03
234.44
234.85
235.25
235.67
236.09
236.52
236.96
237.40
237.89
238.38
238.85
239.33
239.83
240.30
240.77
241.26
241.72
242.21
242.68
243.16
243.62
244.11
244.59
245.08
245.55
246.02
246.50
247.11
247.70
248.27
248.85
249.42
250.03
250.65
251.26
251.88
252.51
253.11
253.72
254.33
254.93
255.54
256.09
256.63
257.13
257.63
258.14
258.65
259.18
259.72
260.25
260.79
261.34
261.87
262.41
262.94
263.48
