# Beats
0.50
1.01
1.51
2.02
2.53
2.97
3.40
3.82
4.26
4.70
5.14
5.57
6.00
6.44
6.87
7.30
7.73
8.15
8.57
8.99
9.40
9.82
10.25
10.68
11.11
11.53
11.96
12.38
12.81
13.24
13.68
14.11
14.54
14.97
15.39
15.82
16.25
16.70
17.12
17.57
18.00
18.43
18.85
19.28
19.70
20.13
20.55
20.99
21.43
21.86
22.29
22.72
23.16
23.59
24.02
24.46
24.89
25.32
25.75
26.18
26.61
27.04
27.48
27.92
28.36
28.79
29.23
29.66
30.08
30.50
30.93
31.36
31.79
32.22
32.65
33.08
33.49
33.91
34.34
34.77
35.21
35.64
36.06
36.49
36.92
37.35
37.79
38.23
38.70
39.16
39.61
40.07
40.50
40.94
41.38
41.82
42.25
42.68
43.10
43.50
43.91
44.33
44.73
45.14
45.56
45.98
46.47
46.97
47.46
47.96
48.45
48.95
49.44
