# Beats
0.48
0.95
1.37
1.82
2.26
2.71
3.13
3.56
3.99
4.44
4.86
5.33
5.77
6.22
6.69
7.14
7.59
8.03
8.48
8.92
9.36
9.78
10.22
10.65
11.08
11.49
11.94
12.38
12.82
13.28
13.75
14.21
14.68
15.14
15.58
16.02
16.46
16.90
17.35
17.81
18.29
18.76
19.24
19.70
20.15
20.58
21.04
21.48
21.92
22.34
22.78
23.21
23.64
24.09
24.52
24.95
25.50
26.04
26.59
27.13
27.68
28.21
28.83
29.43
30.04
30.65
31.24
31.86
32.48
33.10
33.72
34.32
34.92
35.53
36.14
36.77
37.44
38.10
38.75
39.40
40.05
40.70
41.35
42.00
42.64
43.28
43.93
44.59
45.26
45.91
46.56
47.22
47.86
48.49
49.13
49.81
50.46
51.11
51.73
52.38
53.02
53.67
54.31
54.96
55.61
56.29
56.94
57.59
58.24
58.89
59.58
60.26
60.92
61.53
62.14
62.74
63.34
63.95
64.55
65.18
65.79
66.41
67.05
67.69
68.31
68.94
69.57
70.19
70.82
71.47
72.11
72.77
73.49
74.21
74.86
75.51
76.15
76.79
77.42
78.07
78.72
79.35
79.99
80.62
81.25
81.87
82.49
83.10
83.73
84.33
84.95
85.57
86.18
86.71
87.24
87.68
88.10
88.54
88.98
89.41
89.84
90.27
