# Beats
0.43
0.87
1.30
1.72
2.14
2.55
2.97
3.39
3.83
4.26
4.64
5.06
5.50
5.97
6.46
6.94
7.38
7.83
8.29
8.75
9.22
9.68
10.12
10.59
11.01
11.47
11.92
12.35
12.79
13.28
13.72
14.16
14.61
15.01
15.42
15.85
16.25
16.70
17.16
17.65
18.11
18.58
19.04
19.48
19.92
20.34
20.76
21.15
21.57
22.02
22.45
22.87
23.24
23.63
24.01
24.38
24.76
25.15
25.68
26.19
26.70
27.24
27.77
28.28
28.83
29.33
29.84
30.35
30.86
31.39
31.93
32.46
32.97
33.48
33.97
34.44
34.91
35.41
35.90
36.33
36.80
37.26
37.71
38.17
38.61
39.06
39.50
39.92
40.38
40.83
41.26
41.70
42.10
42.52
42.93
43.40
43.89
44.40
44.95
45.49
46.05
46.66
47.26
47.88
48.45
49.04
49.60
50.18
50.76
51.36
51.94
52.54
53.10
53.70
54.27
54.82
55.39
55.97
56.49
57.05
57.61
58.10
58.58
59.05
59.51
59.99
60.46
60.93
61.37
61.81
62.25
62.65
63.07
63.48
63.92
64.37
64.82
65.22
65.64
66.08
66.55
67.01
67.50
67.96
68.41
68.85
69.31
69.75
70.18
70.64
71.05
71.47
71.89
72.31
72.75
73.20
73.64
74.08
74.48
74.87
75.27
75.66
76.05
76.43
76.81
77.19
77.58
77.96
78.34
78.76
79.17
79.57
79.98
80.39
80.78
81.18
81.57
81.95
82.34
82.71
83.09
83.48
83.87
84.27
84.71
85.15
85.59
86.03
86.54
87.04
87.56
88.07
88.58
89.08
89.58
90.08
90.58
90.96
91.37
91.79
92.18
92.58
92.97
93.38
93.79
94.20
94.60
95.02
95.42
95.83
96.24
96.64
97.06
97.47
97.87
98.29
98.71
99.10
99.59
100.09
100.59
101.15
101.73
102.28
102.92
103.56
104.21
104.86
105.51
106.15
106.79
107.44
108.09
108.76
109.42
110.09
110.75
111.42
112.04
112.64
113.28
113.89
114.50
115.10
115.71
116.33
116.96
117.50
118.05
118.61
119.19
119.76
120.33
120.79
121.24
121.70
122.15
122.59
123.04
123.51
123.96
124.41
124.83
125.23
125.60
125.98
126.39
126.78
127.16
127.55
127.94
128.35
128.75
129.15
129.56
129.96
130.36
130.76
131.17
131.59
132.01
132.40
132.82
133.24
133.63
134.04
134.46
134.86
135.26
135.67
136.08
136.49
136.88
137.29
137.69
138.11
138.52
138.92
139.34
139.78
140.25
140.71
141.14
141.58
142.01
142.44
142.87
143.31
143.75
144.20
144.66
145.12
145.59
146.01
146.43
146.84
147.26
147.68
148.10
148.51
148.94
149.39
149.82
150.30
150.79
151.28
151.78
152.26
152.75
153.23
153.69
154.18
154.64
155.11
155.57
156.06
156.53
157.01
157.50
157.99
158.46
158.96
159.42
159.88
160.33
160.75
161.16
161.54
161.95
162.33
162.71
163.10
163.49
163.89
164.28
164.69
165.07
165.44
165.81
166.20
166.58
166.95
167.33
167.72
168.09
168.46
168.83
169.23
169.62
170.03
170.42
170.91
171.39
171.87
172.44
173.01
173.59
174.15
174.72
175.30
175.88
176.45
177.01
177.56
178.14
178.65
179.17
179.68
180.19
180.71
181.23
181.75
182.29
182.83
183.37
183.90
184.44
184.98
185.54
186.10
186.67
187.22
187.80
188.36
188.85
189.34
189.82
190.31
190.80
191.29
191.75
192.20
192.67
193.13
193.52
193.89
194.28
194.66
195.05
195.44
195.81
196.20
196.56
196.93
197.31
197.79
198.25
198.72
199.20
199.68
200.18
200.67
201.15
201.62
202.11
202.59
203.09
203.59
204.09
204.59
205.08
205.57
