# Beats
0.59
1.18
1.78
2.37
2.96
3.55
4.14
4.64
5.14
5.64
6.07
6.50
6.93
7.35
7.70
8.03
8.38
8.74
9.10
9.47
9.83
10.21
10.55
10.90
11.25
11.61
11.99
12.39
12.77
13.15
13.54
13.92
14.30
14.68
15.06
15.43
15.81
16.18
16.56
16.94
17.32
17.71
18.08
18.44
18.80
19.16
19.54
19.91
20.29
20.69
21.08
21.48
21.85
22.22
22.60
22.99
23.37
23.75
24.15
24.54
24.94
25.36
25.77
26.19
26.61
27.17
27.71
28.37
29.04
29.70
30.36
31.02
31.70
32.38
33.07
33.74
34.44
35.13
35.82
36.50
37.22
37.93
38.65
39.37
40.09
40.76
41.42
42.09
42.75
43.40
44.04
44.69
45.34
45.98
46.63
47.28
47.93
48.58
49.13
49.69
50.25
50.81
51.36
51.93
52.51
53.10
53.70
54.28
54.87
55.46
56.06
56.66
57.24
57.82
58.46
59.08
59.74
60.41
61.05
61.68
62.32
62.98
63.65
64.30
64.95
65.55
66.15
66.77
67.37
67.98
68.57
69.17
69.78
70.21
70.65
71.08
71.51
71.92
72.33
72.74
73.13
73.53
73.93
74.33
74.73
75.14
75.53
75.94
76.35
76.75
77.16
77.57
77.98
78.41
78.83
79.25
79.67
80.09
80.50
80.91
81.33
81.73
82.14
82.56
82.98
83.39
83.81
84.24
84.66
85.08
85.48
85.90
86.32
86.73
87.13
87.54
87.95
88.36
88.77
89.18
89.58
90.00
90.41
90.82
91.24
91.65
92.06
92.46
92.87
93.29
93.72
94.16
94.59
95.02
95.45
95.88
96.32
96.75
97.18
97.61
98.03
98.46
98.89
99.32
99.75
100.18
100.60
101.02
101.42
101.84
102.25
102.66
103.06
103.48
103.90
104.32
104.73
105.15
105.58
106.00
106.42
106.84
107.25
107.67
108.09
108.51
108.91
109.32
109.73
110.12
110.52
110.92
111.33
111.72
112.12
112.52
112.92
113.31
113.71
114.11
114.61
115.10
115.60
116.10
116.60
117.10
117.60
118.10
