# Beats
0.75
1.51
2.25
3.01
3.76
4.52
5.27
6.04
6.80
7.57
8.32
9.09
9.85
10.60
11.35
12.12
12.89
13.64
14.41
15.16
15.93
16.67
17.43
18.16
18.89
19.62
20.35
21.08
21.82
22.55
23.28
23.87
24.46
25.05
25.55
26.05
26.55
27.04
27.53
28.01
28.50
29.00
29.48
29.97
30.45
30.94
31.43
31.93
32.43
32.88
33.34
33.80
34.25
34.69
35.13
35.57
36.03
36.48
36.93
37.50
38.06
38.61
39.16
39.72
40.28
40.83
41.39
41.95
42.49
43.05
43.55
44.05
44.55
45.05
45.55
46.05
46.54
47.03
47.52
48.01
48.48
48.97
49.41
49.86
50.32
50.76
51.20
51.64
52.08
52.52
52.96
53.42
53.87
54.32
54.78
55.14
55.50
55.84
56.20
56.54
56.87
57.20
57.54
57.86
58.20
58.54
58.87
59.21
59.52
59.85
60.19
60.52
60.85
61.17
61.51
61.85
62.18
62.55
62.93
63.30
63.68
64.06
64.45
64.82
65.20
65.56
65.92
66.27
66.62
66.97
67.30
67.65
67.99
68.32
68.70
69.06
69.42
69.88
70.34
70.81
71.27
71.74
72.20
72.66
73.12
73.58
74.05
74.51
74.98
75.44
76.06
76.67
77.31
77.95
78.59
79.30
80.00
80.72
81.44
82.15
82.86
83.62
84.36
85.10
85.84
86.59
87.33
88.04
88.75
89.45
90.17
90.88
91.59
92.30
93.01
93.66
94.32
94.97
95.58
96.20
96.82
97.43
98.06
98.67
99.30
99.92
100.53
101.13
101.75
102.35
102.96
103.55
104.13
104.71
105.30
105.78
106.25
106.73
107.19
107.67
108.15
108.61
109.11
109.60
110.09
110.55
111.03
111.50
111.98
112.47
112.94
113.41
113.89
114.38
114.86
115.33
115.82
116.31
116.78
117.27
117.74
118.21
118.69
119.18
119.66
120.14
120.62
121.09
121.57
122.04
122.53
123.01
123.48
123.96
124.44
124.91
125.40
125.88
126.35
126.83
127.30
127.78
128.26
128.74
129.23
129.71
130.19
130.68
131.16
131.65
132.12
132.61
133.10
133.60
134.10
134.59
135.08
135.57
136.06
136.54
137.02
137.50
137.98
138.46
138.94
139.42
139.90
140.39
140.86
141.34
141.80
142.28
142.76
143.23
143.72
144.21
144.70
145.18
145.66
146.13
146.61
147.10
147.57
148.05
148.53
149.01
149.50
149.99
150.45
150.94
151.42
151.89
152.38
152.86
153.33
153.81
154.30
154.78
155.26
155.74
156.20
156.68
157.16
157.64
158.13
158.62
159.09
159.58
160.07
160.55
161.04
161.52
161.98
162.46
162.93
163.41
163.90
164.37
164.85
165.33
165.79
166.25
166.74
167.23
167.72
168.18
168.65
169.12
169.60
170.06
170.54
171.01
171.49
171.98
172.47
172.95
173.44
173.92
174.39
174.87
175.35
175.82
176.31
176.80
177.27
177.75
178.22
178.70
179.19
179.66
180.14
180.66
181.17
181.74
182.30
182.85
183.38
183.91
184.40
184.89
185.38
185.88
186.35
186.83
187.32
187.79
188.27
188.74
189.22
189.70
190.18
190.66
191.15
191.63
192.11
192.60
193.09
193.57
194.05
194.53
194.99
195.45
195.93
196.41
196.89
197.38
197.87
198.36
198.84
199.32
199.78
200.26
200.75
201.22
201.70
202.16
202.64
203.13
203.62
204.09
