# Beats
0.45
0.91
1.37
1.82
2.28
2.73
3.19
3.67
4.14
4.62
5.10
5.56
6.01
6.46
6.90
7.34
7.71
8.08
8.45
8.82
9.20
9.57
9.93
10.29
10.65
10.98
11.33
11.69
12.09
12.48
12.89
13.28
13.65
14.05
14.43
14.81
15.21
15.60
16.01
16.39
16.76
17.16
17.55
18.03
18.49
18.97
19.45
19.93
20.42
20.90
21.36
21.83
22.28
22.77
23.24
23.71
24.18
24.66
25.12
25.59
26.08
26.59
27.10
27.59
28.05
28.50
28.98
29.47
29.92
30.38
30.81
31.25
31.70
32.11
32.53
32.95
33.37
33.80
34.27
34.74
35.20
35.70
36.20
36.69
37.16
37.69
38.20
38.71
39.20
39.69
40.19
40.69
41.18
41.66
42.14
42.63
43.17
43.69
44.21
44.74
45.28
45.84
46.36
46.89
47.42
47.93
48.44
48.95
49.47
49.97
50.48
50.98
51.48
52.04
52.62
53.19
53.75
54.33
54.92
55.47
56.03
56.56
57.10
57.64
58.18
58.71
59.22
59.74
60.26
60.77
61.28
61.79
62.30
62.80
63.33
63.85
64.31
64.76
65.22
65.62
66.03
66.41
66.80
67.21
67.59
67.99
68.38
68.78
69.20
69.60
70.01
70.40
70.80
71.17
71.58
71.98
72.40
72.82
73.21
73.63
74.05
74.45
74.85
75.26
75.66
76.08
76.49
76.88
77.30
