# Beats
0.48
0.96
1.44
1.92
2.39
2.83
3.30
3.75
4.24
4.69
5.15
5.61
6.06
6.52
6.97
7.41
7.89
8.34
8.78
9.33
9.88
10.39
10.98
11.59
12.20
12.77
13.37
13.93
14.51
15.14
15.77
16.37
16.95
17.53
18.09
18.69
19.30
19.81
20.35
20.81
21.30
21.76
22.23
22.71
23.17
23.66
24.10
24.52
24.94
25.43
25.93
26.40
26.84
27.28
27.70
28.15
28.54
28.91
29.28
29.61
29.95
30.30
30.65
31.00
31.44
31.87
32.33
32.83
33.34
33.82
34.34
34.85
35.35
35.83
36.34
36.83
37.31
37.83
38.30
38.80
39.28
39.81
40.38
40.96
41.54
42.10
42.66
43.28
43.93
44.63
45.35
46.02
46.67
47.32
47.93
48.55
49.13
49.70
50.27
50.74
51.21
51.69
52.16
52.64
53.10
53.59
54.06
54.52
55.01
55.47
55.98
56.46
56.89
57.31
57.75
58.19
58.68
59.14
59.71
60.26
60.81
61.32
61.85
62.35
62.88
63.44
63.90
64.37
64.81
65.27
65.74
66.18
66.62
67.06
67.52
67.99
68.41
68.85
69.29
69.73
70.18
70.64
71.10
71.61
72.10
72.54
73.03
73.49
73.97
74.37
74.76
75.14
75.52
75.95
76.35
76.72
77.09
77.52
78.00
78.51
78.97
79.41
79.87
80.34
80.81
81.25
81.71
82.13
82.57
82.99
83.44
83.89
84.35
84.87
85.36
85.88
86.40
86.92
87.42
87.89
88.35
88.84
89.30
89.81
90.31
90.79
91.30
91.81
92.30
92.78
93.29
93.72
94.18
94.67
95.13
95.60
96.06
96.50
96.94
97.43
97.92
98.37
98.77
99.20
99.61
100.03
100.45
100.87
101.29
101.72
102.19
102.56
102.93
103.26
103.63
104.00
104.37
104.77
105.16
105.51
105.86
106.21
106.56
106.90
107.25
107.60
107.95
108.32
108.72
109.10
109.48
109.88
110.26
110.62
111.01
111.41
111.78
112.15
112.55
112.92
113.27
113.62
113.99
114.34
114.66
115.01
115.36
115.74
116.22
116.69
117.16
117.66
118.17
118.68
119.16
119.65
120.12
120.62
121.15
121.63
122.25
122.86
123.55
124.20
124.85
125.50
126.20
126.85
127.50
128.15
128.85
129.52
130.19
130.84
131.49
132.16
132.76
133.33
133.93
134.56
135.16
135.86
136.54
137.21
137.85
138.44
139.02
139.62
140.20
140.74
141.32
141.87
142.43
143.01
143.57
144.13
144.68
145.26
145.84
146.43
147.03
147.54
148.07
148.62
149.15
149.68
150.16
150.70
151.21
151.72
152.23
152.74
153.26
153.75
154.30
154.83
155.34
155.88
156.41
156.94
157.43
157.94
158.45
158.94
159.36
159.78
160.19
160.64
161.05
161.45
161.84
162.24
162.63
163.06
163.47
163.89
164.35
164.82
165.28
165.72
166.15
166.63
167.07
167.51
167.95
168.39
168.81
169.23
169.69
170.11
170.53
170.97
171.39
171.80
172.25
172.71
173.20
173.66
174.13
174.61
175.12
175.64
176.12
176.61
177.12
177.62
178.14
178.58
179.05
179.54
179.98
180.40
180.86
181.30
181.77
182.21
182.69
183.18
183.66
184.10
184.58
185.06
185.53
185.95
186.39
186.83
187.22
187.66
188.08
188.52
189.03
189.52
190.06
190.55
191.04
191.59
192.12
192.61
193.12
193.63
194.14
194.63
195.12
195.63
196.15
196.67
197.21
197.72
198.22
198.73
199.18
199.67
200.13
200.63
201.13
201.64
202.15
202.64
203.13
203.63
204.13
204.61
205.10
205.59
206.08
206.56
207.05
207.54
208.03
208.47
208.96
209.40
209.77
210.16
210.54
210.91
211.28
211.65
212.04
212.44
212.81
213.16
213.53
213.88
214.20
214.51
214.80
215.16
215.50
215.82
216.13
216.46
216.78
217.11
217.45
217.78
218.11
218.48
218.87
219.29
219.73
220.24
220.73
221.22
221.68
222.19
222.70
223.16
223.56
223.97
224.39
224.77
225.15
225.54
225.91
226.28
226.70
227.09
227.46
227.83
228.23
228.60
229.06
229.54
230.02
230.48
230.97
231.48
231.92
232.36
232.76
233.20
233.64
234.03
234.45
234.85
235.22
235.61
236.02
236.39
236.77
237.15
237.53
237.91
238.29
238.72
239.26
239.73
240.21
240.77
241.30
241.88
242.44
243.00
243.53
244.06
244.60
245.20
245.74
246.32
246.92
247.55
248.20
248.80
249.43
250.08
250.68
251.31
251.91
252.56
253.25
253.91
254.58
255.26
255.92
256.60
257.18
257.80
258.36
258.91
259.42
259.97
260.41
260.85
261.29
261.71
262.15
262.56
263.00
263.44
263.94
264.45
264.97
265.47
266.00
266.43
266.89
267.35
267.82
268.28
268.75
269.19
269.65
270.07
270.49
270.91
271.34
271.78
272.18
272.63
273.08
273.53
274.00
274.46
274.98
275.54
276.07
276.63
277.15
277.66
278.18
278.69
279.17
279.70
280.22
280.78
281.26
281.70
282.17
282.66
283.17
283.69
284.15
284.63
285.15
285.63
286.13
286.60
286.93
287.25
287.59
287.97
288.32
288.65
288.97
289.30
289.65
290.04
290.44
290.81
291.13
291.50
291.85
292.22
292.55
292.91
293.27
293.64
294.01
294.38
294.73
295.10
