# Beats
0.45
0.92
1.38
1.85
2.31
2.77
3.25
3.73
4.20
4.73
5.25
5.77
6.28
6.79
7.30
7.86
8.41
8.95
9.50
10.03
10.57
11.11
11.67
12.24
12.78
13.33
13.86
14.40
14.97
15.53
16.10
16.68
17.26
17.83
18.39
18.96
19.46
19.96
20.46
20.97
21.48
21.99
22.49
22.98
23.46
23.95
24.44
24.93
25.46
25.99
26.54
27.10
27.65
28.21
28.76
29.32
29.86
30.39
30.93
31.44
31.95
32.46
32.96
33.45
33.94
34.37
34.80
35.21
35.63
36.04
36.43
36.83
37.23
37.65
38.07
38.48
38.89
39.31
39.73
40.12
40.51
40.89
41.27
41.62
41.97
42.32
42.67
43.00
43.35
43.70
44.05
44.40
44.74
45.08
45.42
45.75
46.15
46.54
46.94
47.33
47.73
48.12
48.51
48.89
49.27
49.66
50.04
50.42
50.81
51.19
51.57
51.95
52.34
52.72
53.10
53.50
53.89
54.28
54.67
55.05
55.44
55.82
56.19
56.58
56.95
57.32
57.68
58.04
58.43
58.80
59.18
59.55
59.91
60.27
60.65
61.02
61.39
61.77
62.14
62.51
62.88
63.25
63.62
63.98
64.35
64.71
65.09
65.46
65.83
66.21
66.59
66.99
67.38
67.78
68.16
68.56
68.95
69.36
69.74
70.11
70.51
70.91
71.31
71.70
72.10
72.49
72.89
73.29
73.69
74.08
74.48
74.86
75.24
75.63
76.01
76.41
76.80
77.19
77.59
77.98
78.38
78.77
79.18
79.59
79.99
80.43
80.88
81.32
81.87
82.43
83.00
83.57
84.15
84.72
85.28
85.82
86.44
87.05
87.67
88.26
88.85
89.43
90.00
90.57
91.15
91.74
92.36
92.97
93.58
94.26
94.95
95.64
96.33
96.99
97.65
98.30
98.96
99.61
100.28
100.94
101.60
102.26
102.83
103.39
103.94
104.50
105.07
105.65
106.23
106.81
107.39
107.97
108.54
109.11
