# Beats
0.42
0.85
1.27
1.68
2.10
2.52
2.94
3.37
3.78
4.19
4.60
4.99
5.38
5.77
6.25
6.71
7.17
7.64
8.10
8.57
9.03
9.49
9.94
10.38
10.83
11.28
11.74
12.21
12.71
13.20
13.70
14.22
14.73
15.23
15.72
16.21
16.71
17.18
17.67
18.17
18.69
19.20
19.69
20.18
20.67
21.06
21.46
21.83
22.21
22.59
22.99
23.38
23.79
24.18
24.59
24.98
25.43
25.86
26.28
26.77
27.24
27.70
28.18
28.65
29.14
29.63
30.09
30.56
31.02
31.50
31.96
32.44
32.95
33.46
33.99
34.53
35.05
35.57
36.01
36.44
36.90
37.34
37.77
38.20
38.64
39.08
39.50
39.94
40.39
40.84
41.30
41.77
42.25
42.71
43.19
43.65
44.09
44.54
44.98
45.42
45.86
46.31
46.76
47.22
47.73
48.25
48.77
49.30
49.82
50.32
50.83
51.34
51.85
52.36
52.85
53.34
53.84
54.32
54.82
55.29
55.75
56.22
56.68
57.13
57.56
58.00
58.46
58.92
59.37
59.76
60.14
60.51
60.87
61.25
61.65
62.04
62.44
62.83
63.20
63.58
63.96
64.34
64.71
65.09
65.56
66.04
66.51
66.99
67.48
67.96
68.43
68.89
69.37
69.89
70.40
70.90
71.40
71.89
72.40
72.92
73.43
73.93
74.42
74.91
75.40
75.88
76.35
76.82
77.30
77.79
78.25
78.72
79.18
79.62
80.07
80.53
80.97
81.43
81.87
82.31
82.76
83.29
83.82
84.36
84.87
85.39
85.90
86.45
87.01
87.56
88.12
88.68
89.26
89.84
90.42
90.98
91.53
92.09
92.66
93.20
93.74
94.27
94.81
95.29
95.78
96.26
96.75
97.25
97.73
98.27
98.81
99.33
99.87
100.40
100.94
101.49
102.03
102.56
103.11
103.65
104.21
104.75
105.28
105.84
106.38
107.00
107.61
108.23
108.86
109.47
110.10
110.71
111.32
111.87
112.42
112.97
113.50
114.06
114.59
115.14
115.68
116.16
116.63
117.12
117.63
118.17
118.68
119.20
119.72
120.24
120.77
121.30
121.81
122.25
122.69
123.16
123.66
124.13
124.61
125.09
125.57
126.04
126.50
126.98
127.43
127.90
128.37
128.85
129.34
129.82
130.29
130.76
131.24
131.73
132.24
132.61
132.97
133.33
133.69
134.04
134.40
134.75
135.11
135.45
135.81
136.16
136.52
