# Beats
0.37
0.74
1.18
1.61
2.04
2.46
2.89
3.32
3.76
4.18
4.61
5.04
5.48
5.90
6.33
6.76
7.19
7.62
8.03
8.48
8.89
9.32
9.75
10.17
10.61
11.04
11.47
11.89
12.33
12.75
13.18
13.61
14.05
14.47
14.91
15.33
15.77
16.18
16.61
17.04
17.48
17.90
18.32
18.76
19.19
19.62
20.05
20.48
20.90
21.33
21.76
22.19
22.62
23.05
23.48
23.90
24.33
24.76
25.19
25.61
26.04
26.47
26.90
27.33
27.76
28.20
28.63
29.05
29.47
29.90
30.33
30.77
31.20
31.65
32.09
32.53
32.97
33.43
33.88
34.32
34.78
35.25
35.69
36.14
36.59
37.05
37.50
37.95
38.41
38.85
39.30
39.75
40.19
40.63
41.08
41.49
41.91
42.33
42.75
43.19
43.62
44.05
44.48
44.91
45.34
45.77
46.18
46.61
47.04
47.47
47.90
48.32
48.75
49.18
49.61
50.04
50.48
50.90
51.34
51.76
52.20
52.62
53.05
53.48
53.91
54.33
54.78
55.19
55.62
56.04
56.47
56.90
57.33
57.75
58.17
58.61
59.04
59.47
59.91
60.33
60.76
61.18
61.63
62.04
62.47
62.90
63.34
63.76
64.19
64.62
65.05
65.48
65.91
66.34
66.77
67.20
67.63
68.06
68.49
68.93
69.37
69.80
70.36
70.90
71.46
72.01
72.54
73.07
73.62
74.16
74.73
75.33
75.88
76.44
77.02
77.60
78.18
78.74
79.31
79.89
80.46
81.03
81.59
82.18
82.76
83.35
83.91
84.49
85.07
85.62
86.18
86.65
87.10
87.54
87.98
88.41
88.85
89.28
89.70
90.12
90.56
90.99
91.42
91.83
92.25
92.69
93.12
93.55
93.98
94.41
94.83
95.26
95.69
96.13
96.56
96.98
97.41
97.85
98.27
98.70
99.11
99.54
99.97
100.40
100.84
101.27
101.70
102.12
102.55
102.98
103.41
103.84
104.26
104.69
105.12
105.55
105.98
106.42
106.84
107.25
107.69
108.11
108.55
108.99
109.47
109.95
110.35
110.76
111.17
111.57
111.96
112.35
112.76
113.15
113.52
113.89
114.27
114.65
115.03
115.41
115.81
116.19
116.56
116.95
117.33
117.70
118.10
118.47
118.86
119.26
119.63
120.00
120.37
120.74
121.14
121.51
121.88
122.26
122.65
123.03
123.40
123.79
124.18
124.55
124.92
125.29
125.65
126.05
126.42
126.83
127.20
127.57
127.95
128.33
128.72
129.10
129.47
129.86
130.24
130.61
131.01
131.40
131.78
132.14
132.52
132.89
133.28
133.65
134.03
134.41
134.79
135.17
135.56
135.93
136.32
136.70
137.09
137.46
137.83
138.22
138.60
138.97
139.35
139.74
140.11
140.49
140.88
141.25
141.62
142.01
142.38
142.77
143.15
143.52
143.92
144.29
144.66
145.06
145.45
145.83
146.22
146.60
147.01
147.40
147.80
148.20
148.61
149.00
149.37
149.76
150.14
150.52
150.91
151.30
151.68
152.07
