# Beats
0.36
0.73
1.09
1.45
1.83
2.23
2.61
2.97
3.33
3.70
4.08
4.45
4.92
5.39
5.85
6.32
6.79
7.27
7.73
8.20
8.66
9.13
9.59
10.04
10.50
10.94
11.39
11.83
12.28
12.74
13.19
13.68
14.16
14.66
15.16
15.65
16.15
16.66
17.19
17.73
18.25
18.77
19.28
19.81
20.33
20.83
21.33
21.82
22.40
22.98
23.58
24.17
24.76
25.34
25.94
26.53
27.12
27.71
28.25
28.77
29.29
29.72
30.15
30.57
30.99
31.35
31.71
32.07
32.43
32.79
33.15
33.51
33.88
34.24
34.60
34.98
35.35
35.72
36.08
36.44
36.83
37.20
37.56
37.92
38.28
38.64
39.00
39.36
39.73
40.09
40.44
40.79
41.13
41.47
41.82
42.18
42.53
42.89
43.26
43.62
43.98
44.33
44.69
