# Beats
0.55
1.10
1.66
2.21
2.77
3.34
3.92
4.49
5.06
5.64
6.21
6.78
7.35
7.92
8.50
9.07
9.64
10.21
10.79
11.35
11.92
12.49
13.07
13.64
14.21
14.78
15.35
15.92
16.49
17.06
17.61
18.19
18.77
19.34
19.91
20.49
21.06
21.64
22.21
22.78
23.35
23.92
24.49
25.07
25.63
26.20
26.77
27.35
27.92
28.49
29.06
29.63
30.20
30.78
31.35
31.92
32.50
33.08
33.65
34.19
34.73
35.26
35.78
36.30
36.83
37.35
37.87
38.39
38.92
39.43
39.95
40.47
40.99
41.51
42.04
42.56
43.08
43.61
44.13
44.65
45.17
45.70
46.22
46.74
47.26
47.78
48.30
48.82
49.34
49.85
50.39
50.91
51.43
51.95
52.48
53.00
53.53
54.06
54.58
55.08
55.60
56.12
56.65
57.17
57.69
58.21
58.73
59.26
59.78
60.30
60.82
61.35
61.86
62.38
62.90
63.43
63.95
64.47
64.99
65.52
66.04
66.56
66.94
67.31
67.72
68.12
68.51
68.91
69.30
69.68
70.08
70.47
70.86
71.25
71.65
72.04
72.43
72.83
73.21
73.61
73.99
74.39
74.78
75.17
75.57
75.95
76.34
76.73
77.13
77.52
77.93
78.32
78.72
79.11
79.51
79.90
80.32
80.74
81.17
81.58
81.99
82.40
82.81
83.22
83.63
84.03
84.43
84.82
85.22
85.60
86.00
86.39
86.77
87.17
87.56
87.95
88.35
88.75
89.13
89.50
89.90
90.29
90.69
91.08
91.48
91.87
92.33
92.76
93.19
93.70
94.21
94.74
95.26
95.78
96.30
96.82
97.33
97.84
98.36
98.89
99.42
99.94
100.46
100.98
101.51
102.02
102.54
103.06
103.58
104.11
104.63
105.15
105.67
106.18
106.71
107.23
107.75
108.27
108.80
109.32
109.84
110.36
110.89
111.41
111.93
112.45
112.98
113.50
114.02
114.54
115.07
115.59
116.11
116.65
117.17
117.69
118.20
118.72
119.25
119.77
120.29
120.81
121.34
121.86
122.38
122.89
123.41
123.95
124.47
124.99
125.52
126.04
126.55
127.07
127.59
128.12
128.64
129.16
129.56
129.96
130.38
130.82
131.23
131.62
132.03
132.46
132.85
133.26
133.65
134.06
134.46
134.85
135.24
135.64
136.03
136.43
136.84
137.23
