# Beats
0.48
0.96
1.45
1.94
2.43
2.98
3.51
4.04
4.57
5.11
5.62
6.15
6.69
7.22
7.72
8.22
8.71
9.20
9.68
10.17
10.63
11.10
11.59
12.17
12.74
13.31
13.89
14.44
14.95
15.44
15.94
16.45
16.95
17.45
17.95
18.46
18.97
19.47
19.98
20.48
21.01
21.55
22.08
22.62
23.14
23.66
24.18
24.71
25.30
25.88
26.45
27.04
27.65
28.26
28.87
29.49
30.09
30.69
31.23
31.76
32.30
32.84
33.38
33.91
34.48
35.06
35.63
36.18
36.73
37.29
37.85
38.41
38.96
39.52
40.08
40.66
41.24
41.87
42.49
43.12
43.73
44.36
44.98
45.59
46.22
46.86
47.51
48.16
48.81
49.41
50.00
50.67
51.34
52.00
52.66
53.31
53.96
54.61
55.24
55.88
56.53
57.19
57.84
58.51
59.18
59.84
60.51
61.16
61.83
62.46
63.09
63.72
64.37
64.99
65.62
66.25
66.86
67.50
68.13
68.77
69.40
70.02
70.64
71.24
71.87
72.49
73.08
73.68
74.26
74.86
75.45
76.02
76.60
77.18
77.72
78.26
78.81
79.35
79.90
80.41
80.91
81.41
81.90
82.40
82.90
83.41
83.89
84.40
84.92
85.41
85.91
86.41
86.90
87.40
87.91
88.40
88.91
89.41
89.91
90.41
90.91
91.41
91.90
92.42
92.91
93.41
93.91
94.41
94.92
95.41
95.90
96.40
96.91
97.41
97.91
98.41
98.91
99.39
99.89
100.38
100.89
101.47
102.04
102.69
103.35
104.00
104.70
105.40
106.09
