# Beats
0.72
1.45
2.18
2.90
3.68
4.45
5.14
5.84
6.52
7.21
7.87
8.53
9.31
10.09
10.86
11.62
12.40
13.18
13.93
14.70
15.45
16.21
16.96
17.73
18.36
18.98
19.49
19.99
20.50
21.00
21.51
22.02
22.55
23.07
23.58
24.08
24.58
25.09
25.59
26.09
26.59
27.07
27.56
28.06
28.55
29.04
29.54
30.04
30.52
31.01
31.49
31.96
32.45
32.94
33.43
33.90
34.39
34.88
35.38
35.86
36.34
36.83
37.31
37.80
38.29
38.78
39.26
39.75
40.25
40.75
41.25
41.77
42.28
42.79
43.31
43.82
44.34
44.86
45.37
45.91
46.51
47.11
47.75
48.39
49.03
49.67
50.31
50.94
51.58
52.21
52.85
53.49
54.06
54.64
55.22
55.80
56.38
56.95
57.53
58.17
58.80
59.44
60.08
60.72
61.36
61.99
62.62
63.26
63.89
64.46
65.04
65.58
66.14
66.69
67.23
67.78
68.34
68.89
69.44
69.98
70.52
71.06
71.61
72.16
72.70
73.29
73.89
74.49
75.10
75.72
76.23
76.73
77.24
77.74
78.24
78.75
79.25
79.76
80.25
80.72
81.20
81.68
82.14
82.60
83.08
83.53
83.99
84.45
84.93
85.40
85.88
86.36
86.82
87.30
87.82
88.34
88.87
89.40
89.93
90.45
90.98
91.49
92.00
92.51
93.02
93.54
94.06
94.57
95.10
95.70
96.30
96.95
97.59
98.22
98.85
99.47
100.01
100.54
101.08
101.60
102.12
102.64
103.17
103.69
104.21
104.75
105.28
105.87
106.46
107.14
107.80
108.47
109.05
109.63
110.18
110.72
111.26
111.79
112.34
112.87
113.39
113.91
114.42
114.93
115.44
115.95
116.46
116.98
117.50
118.02
118.53
119.05
119.56
120.08
120.60
121.12
121.63
122.14
122.65
123.16
123.67
124.19
124.71
125.23
125.74
126.25
126.76
127.28
127.79
128.30
128.81
129.32
129.82
130.33
130.83
131.34
131.84
132.35
132.85
133.36
133.87
134.37
134.87
135.37
135.87
136.37
136.87
137.37
137.87
138.37
138.87
139.37
139.85
140.35
140.84
141.34
141.83
142.33
142.81
143.30
143.80
144.21
144.60
145.01
145.41
145.82
146.23
146.62
147.01
147.38
147.75
148.13
148.50
148.92
149.35
149.77
150.20
150.66
151.12
151.70
152.26
152.83
153.40
153.97
154.54
155.11
155.69
156.28
156.86
157.44
158.09
158.74
159.34
159.93
160.50
161.04
161.58
162.18
162.77
163.36
163.97
164.57
165.18
165.77
166.36
166.96
167.58
168.25
168.93
169.59
170.26
171.00
171.73
172.44
173.16
173.88
174.61
175.32
176.04
176.75
177.33
177.93
178.39
178.84
179.28
179.72
180.16
180.60
181.05
181.49
181.93
182.36
182.80
183.24
183.67
184.10
184.53
184.97
185.40
185.84
186.28
186.71
187.14
187.57
188.01
188.45
188.88
189.32
189.75
190.19
190.62
191.05
191.49
191.92
192.35
192.78
193.21
193.65
194.10
194.53
194.95
195.38
195.83
196.26
196.68
197.13
197.57
198.01
198.44
198.86
199.27
199.69
200.11
200.53
200.95
201.36
201.77
202.18
202.59
203.01
203.43
203.84
204.25
204.66
205.08
205.50
205.91
206.33
206.75
207.17
207.57
207.99
208.41
208.83
209.24
209.65
210.07
210.49
210.91
211.31
211.72
212.14
212.56
212.97
213.39
213.80
214.20
214.61
215.01
215.42
215.84
216.26
216.67
217.07
217.48
217.88
218.29
218.70
219.12
219.53
219.94
220.33
220.75
221.16
221.56
221.96
222.37
222.78
223.19
223.60
224.01
224.42
224.83
225.23
225.64
226.06
226.46
226.87
227.29
227.69
228.10
228.51
228.91
229.33
229.75
230.16
230.57
230.98
231.39
231.79
232.21
232.62
233.02
233.44
233.86
234.27
234.67
235.09
235.51
235.91
236.32
236.73
237.15
237.55
237.96
238.38
238.79
239.21
239.62
240.02
240.44
240.86
241.27
241.67
242.09
242.51
242.92
243.32
243.74
244.16
244.56
244.98
245.40
245.82
246.22
246.63
247.05
247.47
247.88
248.30
248.71
249.13
249.53
249.94
250.36
250.78
251.19
251.61
252.03
252.44
252.84
253.26
253.68
254.08
254.50
254.92
255.34
255.76
256.16
256.58
257.00
257.44
257.88
258.32
258.84
259.38
259.91
260.46
260.98
261.50
262.01
262.52
263.07
263.63
264.16
264.66
265.16
265.68
266.22
266.79
267.34
267.89
268.43
268.97
269.41
269.84
270.27
270.66
271.07
271.48
271.88
272.29
272.70
273.10
273.50
273.88
274.26
274.65
275.03
275.40
275.78
276.15
276.55
276.92
277.30
277.68
278.06
278.44
278.81
279.20
279.58
279.96
280.35
280.72
281.10
281.48
281.87
282.24
282.62
283.00
283.38
283.76
284.13
284.51
284.90
285.28
285.65
286.04
286.42
286.80
287.18
287.56
287.94
288.32
288.69
289.08
289.46
289.84
290.21
290.60
290.98
291.36
291.74
292.11
292.49
292.87
293.26
293.64
294.01
294.38
294.77
295.15
295.53
295.92
296.29
296.67
297.05
297.42
297.81
298.19
298.57
298.96
299.33
299.71
300.22
300.73
301.23
301.74
302.24
302.74
303.24
303.74
304.25
304.76
305.27
305.78
306.31
306.83
307.35
307.88
308.41
308.94
309.48
310.01
310.54
311.03
311.52
312.01
312.49
312.99
313.49
314.04
314.58
315.14
315.69
316.22
316.74
317.28
317.81
318.36
318.89
319.44
320.16
320.89
321.62
322.34
323.06
323.78
324.51
325.23
325.94
326.67
327.40
328.12
328.84
329.57
330.30
331.02
331.76
332.47
333.19
333.91
334.63
335.37
336.09
336.81
337.54
338.26
338.99
339.72
340.31
340.82
341.36
341.89
342.42
342.96
343.49
344.03
344.57
345.12
345.66
346.20
346.74
347.28
347.82
348.37
348.93
349.50
350.06
350.64
351.23
351.79
352.36
352.94
353.51
354.07
354.64
355.20
355.74
356.29
356.83
357.38
357.92
358.48
359.03
359.57
360.12
360.66
361.21
361.76
362.29
362.83
363.37
363.91
364.46
364.99
365.53
366.07
366.62
367.17
367.71
368.26
368.73
369.22
369.71
370.21
370.69
371.18
371.67
372.16
372.65
373.13
373.62
374.11
