# Beats
0.66
1.34
2.01
2.60
3.22
3.83
4.47
5.11
5.77
6.44
7.11
7.77
8.43
9.09
9.75
10.40
11.06
11.73
12.39
13.04
13.70
14.36
15.02
15.69
16.35
17.00
17.66
18.32
18.98
19.64
20.31
20.96
21.62
22.28
22.94
23.59
24.24
24.90
25.57
26.23
26.89
27.55
28.21
28.86
29.52
30.19
30.86
31.51
32.17
32.82
33.47
34.13
34.80
35.46
36.12
36.78
37.44
38.09
38.75
39.42
40.08
40.74
41.40
42.05
42.71
43.36
44.03
44.69
45.35
46.01
46.66
47.32
47.98
48.65
49.31
49.96
50.61
51.26
51.92
52.58
53.24
53.91
54.57
55.23
55.89
56.55
57.21
57.88
58.54
59.20
59.86
60.51
61.15
61.79
62.40
62.91
63.43
63.91
64.40
64.89
65.36
65.83
66.30
66.78
67.26
67.72
68.20
68.68
69.17
69.66
70.10
70.54
70.98
71.47
71.95
72.43
72.92
73.41
73.89
74.42
74.95
75.49
76.02
76.57
77.10
77.62
78.16
78.68
79.19
79.70
80.21
80.72
81.22
81.72
82.27
82.83
83.37
83.91
84.44
84.97
85.51
86.04
86.63
87.23
87.82
88.42
89.01
89.58
90.14
90.70
91.25
91.80
92.36
92.94
93.53
94.13
94.74
95.33
95.92
96.51
97.22
97.93
98.64
99.33
100.05
100.76
101.48
102.20
102.92
103.67
104.41
105.15
105.89
106.64
107.37
108.09
108.81
109.53
110.24
110.96
111.68
112.38
113.09
113.81
114.53
115.24
115.95
116.67
117.38
118.10
118.82
119.54
120.24
120.95
121.66
122.37
123.09
123.81
124.53
125.25
125.97
126.68
127.38
128.10
128.82
129.53
130.24
130.96
131.68
132.39
133.10
133.82
134.54
135.24
135.95
136.67
137.39
138.10
138.82
139.54
140.28
141.03
141.77
142.50
143.26
144.01
144.78
145.54
146.30
147.05
147.81
148.56
149.23
149.90
150.55
151.19
151.82
152.47
153.12
153.76
154.41
155.02
155.62
156.21
156.80
157.40
157.98
158.56
159.16
159.76
160.36
160.95
161.54
162.13
162.74
163.33
163.93
164.51
165.11
