# Beats
0.62
1.23
1.85
2.46
3.09
3.72
4.46
5.19
5.91
6.63
7.35
8.07
8.79
9.51
10.23
10.94
11.66
12.36
13.07
13.78
14.48
15.19
15.89
16.60
17.32
18.04
18.76
19.48
20.19
20.90
21.62
22.34
23.06
23.78
24.50
25.21
25.91
26.63
27.35
28.07
28.78
29.49
30.21
30.93
31.65
32.37
33.09
33.81
34.52
35.22
35.94
36.66
37.38
38.10
38.81
39.52
40.23
40.94
41.66
42.38
43.10
43.82
44.54
45.26
45.98
46.70
47.40
48.12
48.83
49.55
50.26
50.97
51.69
52.41
53.13
53.84
54.54
55.26
55.97
56.68
57.40
58.12
58.84
59.56
60.28
61.00
61.71
62.42
63.14
63.85
64.57
65.29
66.00
66.71
67.43
68.14
68.85
69.57
70.29
71.01
71.71
72.43
73.15
73.87
74.58
75.30
76.02
76.74
77.45
78.16
78.88
79.59
80.29
81.01
81.73
82.45
83.17
83.89
84.61
85.32
86.04
86.76
87.47
88.19
88.91
89.63
90.35
91.06
91.77
92.47
93.18
93.90
94.61
95.32
96.03
96.75
97.45
98.16
98.87
99.59
100.31
101.03
101.75
102.47
103.19
103.90
104.62
105.33
106.03
106.75
107.46
108.18
108.90
109.62
110.33
111.05
111.76
112.48
113.20
113.92
114.64
115.36
116.06
116.77
117.48
118.20
118.91
119.63
120.34
121.06
121.77
122.49
123.21
123.92
124.64
125.36
126.07
126.79
127.50
128.22
128.94
129.65
130.36
131.08
131.80
132.52
133.24
133.96
134.68
135.38
136.09
136.81
137.53
138.25
138.96
139.67
140.39
141.11
141.83
142.55
143.26
143.96
144.67
145.39
146.11
146.83
147.54
148.26
148.98
149.69
150.40
151.12
151.84
152.56
153.26
153.97
154.69
155.41
156.12
156.84
157.55
158.27
158.99
159.71
160.43
161.13
161.84
162.56
163.28
164.00
164.71
165.42
166.14
166.86
167.58
168.30
169.02
169.73
170.43
171.15
171.87
172.59
173.31
174.03
174.75
175.47
176.19
176.91
177.63
178.34
179.05
179.77
180.48
181.19
181.91
182.64
183.37
184.10
184.85
185.61
186.34
187.07
187.80
188.53
189.27
