# Beats
0.36
0.73
1.10
1.49
1.87
2.25
2.65
3.04
3.44
3.83
4.21
4.63
5.06
5.49
5.91
6.34
6.77
7.20
7.62
8.03
8.46
8.89
9.32
9.75
10.19
10.63
11.06
11.49
11.92
12.34
12.77
13.19
13.61
14.01
14.43
14.84
15.24
15.65
16.06
16.46
16.86
17.26
17.68
18.15
18.61
19.08
19.53
19.99
20.46
20.90
21.34
21.78
22.23
22.69
23.13
23.57
24.04
24.52
25.00
25.57
26.13
26.71
27.30
27.88
28.46
29.02
29.59
30.15
30.71
31.21
31.70
32.17
32.65
33.13
33.62
34.10
34.57
35.04
35.50
35.98
36.46
36.92
37.35
37.78
38.20
38.63
39.06
39.49
39.93
40.37
40.80
41.23
41.66
42.09
42.52
42.93
43.34
43.76
44.18
44.59
45.00
45.41
45.81
46.22
46.61
47.02
47.43
47.84
48.26
48.68
49.06
49.45
49.83
50.20
50.58
50.97
51.34
51.72
52.14
52.56
52.99
53.41
53.82
54.24
54.66
55.17
55.68
56.20
56.73
57.26
57.78
58.32
58.84
59.37
59.91
60.43
60.93
61.42
61.90
62.40
62.86
63.32
63.77
64.21
64.66
65.10
65.55
65.99
66.43
66.86
67.31
67.77
68.22
68.72
69.21
69.69
70.19
70.68
71.17
71.67
72.17
72.67
73.11
73.55
74.00
74.44
74.90
75.34
75.78
76.22
76.66
77.09
77.55
78.02
78.50
79.03
79.56
80.10
80.67
81.22
81.78
82.34
82.90
83.44
84.00
84.56
85.08
85.59
86.11
86.65
87.18
87.72
88.26
88.79
89.28
89.77
90.26
90.76
91.24
91.73
92.22
92.71
93.22
93.73
94.23
94.73
95.23
95.72
