# Beats
0.34
0.70
1.04
1.39
1.76
2.14
2.51
2.90
3.31
3.70
4.08
4.46
4.83
5.19
5.55
5.90
6.27
6.63
6.99
7.37
7.74
8.10
8.49
8.87
9.26
9.66
10.05
10.43
10.80
11.17
11.54
11.91
12.29
12.68
13.07
13.47
13.85
14.23
14.61
15.07
15.52
16.00
16.49
16.97
17.45
18.00
18.56
19.11
19.69
20.26
20.85
21.46
22.04
22.62
23.20
23.77
24.37
24.96
25.51
26.04
26.58
26.96
27.33
27.70
28.07
28.48
28.87
29.28
29.65
30.04
30.42
30.79
31.18
31.58
31.97
32.37
32.72
33.04
33.38
33.72
34.05
34.45
34.83
35.21
35.67
36.06
36.48
36.88
37.41
37.92
38.42
38.92
39.42
39.92
40.43
40.94
41.48
41.96
42.43
42.88
43.42
43.94
44.47
45.06
45.60
46.18
46.75
47.40
47.97
48.56
49.16
49.76
50.35
50.86
51.36
51.86
52.38
52.90
53.43
53.97
