# Beats
0.53
1.07
1.61
2.15
2.65
3.19
3.72
4.23
4.78
5.34
5.87
6.39
6.92
7.48
8.05
8.60
9.08
9.53
10.01
10.45
10.90
11.33
11.74
12.25
12.72
13.17
13.69
14.23
14.74
15.28
15.79
16.35
16.92
17.41
17.90
18.40
18.92
19.37
19.78
20.21
20.60
21.01
21.41
21.80
22.20
22.69
23.16
23.61
24.11
24.57
25.01
25.58
26.22
26.91
27.56
28.21
28.84
29.45
30.01
30.58
31.14
31.72
32.30
32.86
33.41
33.99
34.57
35.11
35.74
36.36
36.99
37.64
38.27
38.87
39.47
40.10
40.68
41.26
41.84
42.40
42.95
43.51
44.05
44.58
45.13
45.69
46.24
46.79
47.36
47.93
48.47
49.04
49.62
50.20
50.67
51.13
51.59
52.09
52.57
53.09
53.60
54.15
54.71
55.24
55.73
56.22
56.84
57.47
58.10
58.71
59.32
59.94
60.53
61.09
61.70
62.35
62.95
63.53
64.06
64.60
65.13
65.69
66.22
66.76
67.18
67.64
68.08
68.51
68.95
69.33
69.75
70.12
70.50
70.89
71.33
71.77
72.21
72.61
73.00
73.40
73.78
74.21
74.61
75.00
75.36
75.74
76.12
76.52
76.88
77.25
77.62
78.00
78.39
78.84
79.27
79.69
80.09
80.50
80.93
81.34
81.85
82.31
82.80
83.29
83.78
84.29
84.80
85.32
85.87
86.38
86.89
87.42
87.89
88.35
88.82
89.35
89.86
90.40
91.02
91.65
92.28
92.90
93.48
94.09
94.71
95.32
95.92
96.55
97.20
97.83
98.44
99.01
99.59
100.15
100.70
101.26
101.78
102.35
102.88
103.48
