# Beats
0.50
1.00
1.51
2.01
2.51
3.01
3.51
3.91
4.33
4.89
5.46
6.03
6.59
7.16
7.74
8.31
8.89
9.46
10.02
10.59
11.16
11.73
12.29
12.86
13.43
14.00
14.58
15.16
15.73
16.30
16.88
17.45
18.03
18.60
19.16
19.73
20.29
20.86
21.44
22.01
22.59
23.16
23.74
24.31
24.88
25.45
26.02
26.59
27.16
27.74
28.31
28.86
29.42
30.00
30.58
31.15
31.72
32.30
32.87
33.44
34.01
34.59
35.16
35.72
36.30
36.87
37.44
38.01
38.59
39.16
39.73
40.30
40.87
41.45
42.02
42.57
43.15
43.72
44.30
44.87
45.44
46.02
46.58
47.15
47.73
48.31
48.89
49.47
50.05
50.70
51.34
51.99
52.55
53.09
53.68
54.27
54.85
55.44
56.03
56.63
57.23
57.81
58.37
58.94
59.52
60.09
60.67
61.24
61.81
62.38
62.95
63.52
64.09
64.66
65.22
65.81
66.37
66.93
67.51
68.08
68.66
69.23
69.80
70.37
70.94
71.51
72.09
72.67
73.25
73.83
74.48
75.13
75.78
76.43
77.08
