# Beats
0.35
0.71
1.06
1.42
1.78
2.14
2.47
2.82
3.17
3.52
3.87
4.20
4.57
4.95
5.32
5.69
6.03
6.36
6.70
7.04
7.37
7.71
8.03
8.36
8.68
9.00
9.33
9.67
10.00
10.32
10.65
10.97
11.31
11.63
12.00
12.38
12.76
13.14
13.53
13.91
14.29
14.68
15.06
15.45
15.84
16.21
16.58
16.95
17.31
17.67
18.03
18.39
18.75
19.12
19.48
19.84
20.21
20.60
21.00
21.41
21.80
22.20
22.66
23.13
23.58
24.03
24.47
24.92
25.37
25.82
26.27
26.74
27.18
27.62
28.06
28.50
28.94
29.38
29.83
30.27
30.71
31.15
31.59
32.03
32.47
32.93
33.38
33.82
34.27
34.71
35.16
35.61
36.05
36.50
36.95
37.45
37.95
38.45
38.96
39.47
39.98
40.50
41.01
41.52
42.03
42.54
43.05
43.57
44.09
44.62
45.13
45.65
46.15
46.65
47.14
47.55
47.96
48.37
48.76
49.15
49.53
49.91
50.29
50.68
51.07
51.47
51.85
52.23
52.62
53.01
53.50
53.97
54.45
54.93
55.40
55.88
56.35
56.82
57.28
57.74
58.20
58.67
59.13
59.54
59.94
60.36
60.77
61.17
61.58
61.99
62.39
62.79
63.18
63.58
63.99
64.41
64.83
65.25
65.67
66.07
66.48
66.89
67.29
67.69
68.09
68.51
68.93
69.36
69.79
70.32
70.86
71.38
71.90
72.43
72.96
73.48
74.01
74.56
75.09
75.63
76.18
76.74
77.28
77.79
78.31
78.87
79.41
79.95
80.53
81.11
81.69
82.27
82.86
83.44
84.02
84.60
85.23
85.86
86.37
86.89
87.41
87.93
88.44
88.96
89.39
89.80
90.23
90.65
91.06
91.49
91.92
92.33
92.75
93.18
93.60
94.03
94.46
94.90
95.46
96.03
96.58
97.14
97.70
98.26
98.80
99.36
99.93
100.48
101.04
101.60
102.16
102.71
103.27
103.83
104.37
104.91
105.44
105.99
106.53
107.06
107.58
108.10
108.62
109.15
109.67
110.20
110.72
111.26
111.79
112.34
112.88
113.45
114.03
114.60
115.19
115.77
116.33
116.89
117.40
117.89
118.38
118.86
119.29
119.73
120.17
120.57
120.96
121.36
121.77
122.16
122.57
122.97
123.38
123.79
124.19
124.61
124.99
125.36
125.75
126.12
126.46
126.78
127.12
127.47
127.80
128.14
128.48
128.80
129.14
129.47
129.80
130.12
130.45
130.76
131.10
131.42
131.76
132.26
132.74
133.21
133.69
134.21
134.75
135.30
135.86
136.42
136.94
137.46
137.98
138.51
139.01
139.51
140.02
140.50
141.00
141.49
141.99
142.48
142.99
143.51
144.02
144.52
145.02
145.52
146.00
146.47
146.94
147.41
147.89
148.35
148.81
149.26
149.73
150.21
150.69
151.16
151.64
152.10
