# Beats
0.42
0.85
1.28
1.71
2.14
2.59
3.04
3.51
3.97
4.44
4.90
5.35
5.79
6.23
6.68
7.11
7.48
7.85
8.22
8.58
8.95
9.32
9.71
10.08
10.46
10.82
11.18
11.56
11.94
12.31
12.68
13.05
13.49
13.92
14.35
14.79
15.23
15.67
16.13
16.57
17.00
17.43
17.86
18.29
18.72
19.14
19.53
19.90
20.25
20.60
20.96
21.32
21.66
22.02
22.40
22.77
23.14
23.51
23.88
24.26
24.64
25.02
25.39
25.76
26.13
26.49
26.87
27.25
27.63
28.01
28.39
28.76
29.14
29.51
29.90
30.28
30.65
31.01
31.38
31.75
32.12
32.51
32.89
33.29
33.67
34.04
34.41
34.78
35.16
35.53
35.89
36.27
36.63
37.00
37.40
37.78
38.16
38.56
38.94
39.31
39.68
40.05
40.43
40.80
41.17
41.53
41.89
42.25
42.62
42.98
43.35
43.73
44.12
44.50
44.97
45.43
45.89
46.36
46.82
47.29
47.75
48.20
48.65
49.10
49.57
50.03
50.48
50.85
51.23
51.62
52.00
52.37
52.74
53.12
53.49
53.86
54.22
54.59
54.95
55.31
55.67
56.03
56.39
56.76
57.13
57.49
57.86
58.22
58.58
58.96
59.32
59.69
60.05
60.41
60.78
61.15
61.51
61.87
62.23
62.60
62.97
63.33
63.70
64.06
64.42
64.80
65.16
65.53
65.89
66.25
66.62
66.98
67.35
67.72
68.08
68.45
68.82
69.20
69.58
69.97
70.37
70.75
71.13
71.53
71.91
72.31
72.70
73.10
73.50
73.90
74.29
74.63
74.97
75.30
75.64
75.98
76.30
76.63
76.95
77.29
77.61
77.94
