# Beats
0.42
0.85
1.28
1.71
2.12
2.54
2.93
3.31
3.70
4.09
4.48
4.88
5.27
5.68
6.08
6.48
6.88
7.28
7.69
8.08
8.49
8.88
9.29
9.69
10.10
10.50
10.90
11.31
11.71
12.12
12.53
12.93
13.33
13.72
14.12
14.52
14.93
15.33
15.73
16.14
16.54
16.95
17.35
17.75
18.16
18.56
18.97
19.38
19.78
20.18
20.58
20.98
21.37
21.77
22.18
22.58
22.99
23.38
23.78
24.18
24.59
25.00
25.40
25.81
26.22
26.61
27.00
27.41
27.82
28.22
28.63
29.04
29.44
29.84
30.23
30.63
31.02
31.43
31.83
32.23
32.64
33.04
33.44
33.83
34.24
34.64
35.04
35.43
35.84
36.25
36.65
37.06
37.45
37.86
38.27
38.67
39.08
39.47
39.88
40.28
40.68
41.08
41.48
41.89
42.30
42.69
43.10
43.50
43.91
44.30
44.71
45.12
45.51
45.92
46.32
46.72
47.12
47.53
47.94
48.34
48.74
49.13
49.54
49.95
50.35
50.76
51.17
51.56
51.97
52.36
52.76
53.15
53.56
53.96
54.36
54.76
55.17
55.58
55.98
56.38
56.78
57.19
57.59
57.99
58.40
58.80
59.21
59.62
60.01
60.42
60.81
61.22
61.63
62.03
62.44
62.83
63.24
63.65
64.04
64.45
64.85
65.25
65.64
66.05
66.46
66.86
67.29
67.72
68.15
68.56
68.96
69.37
69.78
70.19
70.61
71.03
71.44
71.84
72.25
72.66
73.06
73.47
73.87
74.30
74.71
75.12
75.52
75.93
76.35
76.77
77.18
77.58
77.98
78.39
78.79
79.18
79.57
79.96
80.34
80.72
81.11
81.49
81.87
82.26
82.64
83.02
83.41
83.79
84.17
84.56
84.94
85.32
85.70
86.09
86.47
86.85
87.24
87.62
88.00
88.39
88.77
89.14
89.52
89.91
90.29
90.67
91.06
91.44
91.82
92.21
92.59
92.97
93.36
93.74
94.12
94.51
94.89
95.27
95.65
96.04
96.41
96.79
97.18
97.56
97.94
98.32
98.71
99.09
99.47
99.86
100.24
100.62
101.01
101.39
101.77
102.16
102.54
102.92
103.31
103.69
104.07
104.45
104.84
105.22
105.60
105.99
106.37
106.75
107.14
107.52
107.90
108.27
108.66
109.04
109.44
109.82
110.20
110.59
110.97
111.34
111.72
112.09
112.48
112.86
113.24
113.62
114.00
114.38
114.75
115.14
115.52
115.90
116.29
116.66
117.04
117.42
117.79
118.18
118.56
118.94
119.33
119.70
120.07
120.45
120.83
121.21
121.59
121.97
122.36
122.73
123.10
123.48
123.86
124.24
124.62
125.00
125.39
125.76
126.14
126.53
126.91
127.29
127.66
128.05
128.43
128.80
129.17
129.56
129.94
130.31
130.69
131.08
131.46
131.84
132.21
132.59
132.97
133.35
133.74
134.12
134.50
134.87
135.26
135.64
136.02
136.39
136.77
137.15
137.53
137.90
138.29
138.67
139.05
139.44
139.81
140.19
140.57
140.95
141.33
141.71
142.09
142.48
142.86
143.24
143.62
144.00
144.38
144.76
145.15
145.52
145.90
146.27
146.66
147.03
147.41
147.80
148.18
148.55
148.92
149.30
149.69
150.06
150.44
150.83
151.21
151.58
151.96
152.35
152.73
153.10
153.48
153.87
154.25
154.62
155.00
155.39
155.77
156.14
156.53
156.90
157.28
157.66
158.05
158.43
158.80
159.18
159.56
159.94
160.32
160.71
161.08
161.46
161.84
162.23
162.61
162.99
163.38
163.76
164.13
164.51
164.88
165.27
165.64
166.02
166.41
166.79
167.16
167.54
167.93
168.31
168.69
169.08
169.46
169.83
170.20
170.57
170.96
171.34
171.71
172.09
172.48
172.86
173.23
173.62
174.00
174.38
174.76
175.15
175.52
175.90
176.29
176.67
177.05
177.44
177.82
178.20
178.57
178.94
179.33
179.70
180.07
180.45
180.84
181.22
181.60
181.97
182.36
182.74
183.11
183.50
183.88
184.25
184.63
185.02
185.40
185.78
186.17
186.55
186.92
187.30
187.69
188.07
188.45
188.84
189.22
189.60
189.99
190.37
190.74
191.11
191.49
191.89
192.28
192.67
193.06
193.49
193.92
194.35
194.83
195.30
195.78
196.31
196.85
197.38
197.92
198.46
199.00
199.53
200.06
200.60
201.12
201.64
202.18
202.71
203.24
203.78
204.30
204.82
205.36
205.89
206.43
206.96
207.49
208.03
208.56
209.10
209.62
210.14
210.67
211.20
211.72
212.24
212.76
213.30
213.82
214.34
214.88
215.41
215.95
216.48
217.01
217.55
218.07
218.59
219.13
219.66
220.18
220.72
221.24
221.77
222.31
222.84
223.36
223.90
224.42
224.95
225.48
226.01
226.55
227.07
227.60
228.14
228.67
229.20
229.74
230.27
230.79
231.32
231.85
232.39
232.93
233.48
234.00
234.53
235.01
235.49
235.95
236.43
236.90
237.38
237.85
