# Beats
0.77
1.54
2.32
3.10
3.83
4.48
5.14
5.78
6.41
7.06
7.64
8.23
8.82
9.40
10.01
10.51
10.99
11.48
11.96
12.43
12.93
13.49
14.05
14.59
15.14
15.67
16.23
16.75
17.28
17.82
18.34
18.87
19.39
19.91
20.43
20.97
21.50
22.04
22.58
23.13
23.68
24.25
24.82
25.31
25.77
26.24
26.71
27.23
27.75
28.28
28.84
29.37
29.91
30.44
30.99
31.53
32.07
32.61
33.16
33.69
34.25
34.81
35.36
35.90
36.44
37.01
37.48
37.95
38.43
38.89
39.37
39.85
40.30
40.76
41.23
41.70
42.18
42.66
43.17
43.65
44.15
44.74
45.33
45.92
46.51
47.11
47.72
48.31
48.90
49.40
49.91
50.43
50.97
51.49
52.07
52.66
53.24
53.82
54.40
54.97
55.55
56.12
56.69
57.27
57.85
58.40
58.96
59.50
60.05
60.59
61.14
61.67
62.22
62.76
63.30
63.85
64.40
64.97
65.52
66.06
66.59
67.06
67.52
68.01
68.50
68.97
69.45
69.98
70.52
71.05
71.59
72.10
72.61
73.12
73.64
74.16
74.69
75.21
75.72
76.23
76.74
77.28
77.82
78.37
78.96
79.55
80.13
80.72
81.32
81.95
82.62
83.27
83.91
84.54
85.18
85.82
86.47
87.10
87.68
88.26
88.84
89.42
90.00
90.57
91.09
91.61
92.14
92.65
93.17
93.69
94.20
94.71
95.23
95.74
96.24
96.76
97.27
97.79
98.31
98.82
99.33
99.85
100.37
100.90
101.36
101.82
102.28
102.76
103.24
103.70
104.19
104.69
105.16
105.69
106.18
106.71
107.23
107.74
108.27
108.79
109.30
109.81
110.31
110.83
111.36
111.87
112.38
112.90
113.41
113.92
114.42
114.92
115.43
115.95
116.47
116.99
117.49
118.02
118.54
119.04
119.54
120.05
120.55
121.07
121.58
122.10
122.61
123.14
123.63
124.16
124.67
125.19
125.71
126.24
126.72
127.20
127.69
128.16
128.63
129.10
129.57
130.02
130.47
130.94
131.38
131.82
132.27
132.74
133.21
133.69
134.12
134.56
135.01
135.47
135.92
136.37
136.80
137.23
137.65
138.08
138.57
139.06
139.58
140.07
140.57
141.08
141.60
142.11
142.61
143.10
143.60
144.10
144.61
145.10
145.60
146.10
146.60
147.10
147.59
148.07
148.57
149.07
149.57
150.07
150.47
150.87
151.28
151.68
152.09
152.51
152.93
153.37
153.76
154.18
154.59
154.99
155.40
155.82
156.22
156.64
157.06
157.48
157.90
158.29
158.69
159.08
159.50
159.90
160.31
160.73
161.15
161.55
161.96
162.38
162.80
163.21
163.65
164.07
164.47
164.86
165.28
165.70
166.09
166.52
166.93
167.35
167.74
168.14
168.53
168.93
169.32
169.74
170.18
170.60
171.01
171.43
171.85
172.27
172.69
173.10
173.51
173.92
174.31
174.71
175.12
175.54
175.96
176.38
176.77
177.19
177.61
178.03
178.42
178.84
179.26
179.68
180.09
180.49
180.91
181.32
181.74
182.16
182.57
182.95
183.34
183.74
184.16
184.58
184.99
185.41
185.82
186.22
186.64
187.06
187.45
187.87
188.29
188.69
189.08
189.51
189.92
190.33
190.75
191.15
191.56
191.98
192.39
192.80
193.19
193.62
194.03
194.44
194.86
195.26
195.67
196.09
196.50
196.91
197.32
197.74
198.17
198.58
198.97
199.39
199.78
200.20
200.60
200.99
201.40
201.82
202.22
202.62
203.05
203.48
203.88
204.29
204.71
205.13
205.52
205.91
206.32
206.72
207.13
207.54
207.95
208.38
208.79
209.22
209.65
210.07
210.47
210.87
211.30
211.73
212.14
212.56
212.96
213.37
213.76
214.18
214.56
214.97
215.39
215.82
216.25
216.67
217.06
217.45
217.85
218.26
218.66
219.08
219.48
219.89
220.31
220.73
221.15
221.56
221.98
222.42
222.83
223.24
223.64
224.05
224.47
224.89
225.30
225.72
226.14
226.56
226.96
227.37
227.80
228.22
228.66
229.08
229.48
229.90
230.32
230.71
231.13
231.55
231.97
232.39
232.80
233.21
233.64
234.06
234.48
234.87
235.30
235.75
236.20
236.63
237.08
237.52
237.96
238.40
238.84
239.26
239.68
240.09
240.51
240.95
241.39
241.82
242.25
242.67
243.11
243.54
243.98
