# Beats
0.53
1.08
1.63
2.17
2.68
3.19
3.70
4.21
4.71
5.21
5.71
6.25
6.79
7.34
7.86
8.38
8.92
9.44
9.96
10.48
11.01
11.53
12.05
12.57
13.10
13.62
14.15
14.69
15.23
15.77
16.30
16.83
17.37
17.88
18.39
18.90
19.41
19.92
20.43
20.94
21.46
21.97
22.52
23.07
23.63
24.18
24.74
25.30
25.86
26.41
26.97
27.53
28.10
28.56
29.02
29.49
29.95
30.42
30.88
31.39
31.90
32.43
32.95
33.46
33.97
34.48
34.99
35.49
35.99
36.49
37.00
37.50
38.00
38.50
39.00
39.50
40.00
40.50
40.99
41.49
41.99
42.49
42.99
43.49
43.99
44.49
45.00
45.50
46.00
46.50
47.00
47.48
48.00
48.49
48.99
49.49
50.00
50.49
50.99
51.49
51.99
52.49
52.99
53.50
54.00
54.50
55.00
55.50
55.99
56.49
56.99
57.49
57.99
58.49
58.99
59.49
60.00
60.50
61.00
61.49
61.97
62.47
62.98
63.49
64.01
64.51
65.00
65.50
66.00
66.50
66.99
67.49
67.99
68.50
69.00
69.50
70.00
70.51
71.01
71.52
72.03
72.53
73.02
73.50
74.01
74.51
75.00
75.50
76.01
76.51
77.00
77.50
78.00
78.50
78.99
79.51
80.00
80.52
81.01
81.51
82.01
82.51
83.01
83.51
84.01
84.51
85.00
85.50
86.00
86.51
87.01
87.52
88.00
88.50
89.00
89.51
90.02
90.53
91.07
91.61
92.14
92.66
93.18
93.70
94.23
94.74
95.25
95.77
96.29
96.83
97.36
97.90
98.42
98.94
99.45
99.95
100.46
100.96
101.46
101.96
102.46
102.97
103.48
103.99
104.50
105.00
105.50
106.00
106.50
107.00
107.50
108.00
108.50
109.01
109.49
109.99
110.49
111.00
111.50
112.00
112.49
113.00
113.50
114.00
114.50
115.00
115.50
116.00
116.49
116.99
117.49
117.99
118.49
118.99
119.49
119.99
120.49
120.99
121.50
122.00
122.50
123.00
123.50
123.99
124.49
124.99
125.50
126.00
126.50
127.00
127.51
128.00
128.50
129.00
129.51
130.01
130.51
131.01
131.51
132.01
132.50
132.99
133.48
133.99
134.49
134.99
135.50
136.00
136.50
137.00
137.50
138.00
138.50
138.99
139.49
139.99
140.49
140.99
141.49
141.99
142.49
142.99
143.49
143.99
144.50
145.00
145.51
146.02
146.55
147.08
147.59
148.10
148.62
149.18
149.70
150.21
150.71
151.21
151.70
152.21
152.72
153.23
153.74
154.25
154.70
155.16
155.61
156.06
156.51
156.96
