# Beats
0.63
1.27
1.90
2.53
3.13
3.74
4.34
4.96
5.57
6.32
7.05
7.77
8.49
9.22
9.96
10.69
11.42
12.18
12.93
13.69
14.44
15.20
15.95
16.66
17.37
18.09
18.80
19.50
20.21
20.92
21.63
22.43
23.22
24.08
24.94
25.76
26.59
27.35
28.12
28.77
29.42
30.07
30.72
31.37
32.01
32.66
33.31
33.96
34.63
35.31
35.99
36.66
37.34
38.03
38.73
39.40
40.08
40.74
41.40
42.05
42.70
43.35
44.03
44.70
45.38
46.06
46.72
47.38
48.03
48.68
49.34
49.99
50.64
51.29
51.94
52.59
53.24
53.89
54.54
55.21
55.87
56.54
57.23
57.91
58.58
59.26
59.91
60.56
61.21
61.86
62.50
63.15
63.80
64.46
65.11
65.76
66.41
67.07
67.73
68.38
69.03
69.68
70.33
70.98
71.63
72.30
72.96
73.61
74.27
74.94
75.62
76.30
76.97
77.64
78.30
78.96
79.61
80.27
80.93
81.61
82.28
82.96
83.64
84.30
84.83
85.37
85.89
86.39
86.89
87.38
87.77
88.17
88.56
88.96
89.33
89.71
90.09
90.48
90.81
91.16
91.51
91.86
92.22
92.58
92.94
93.30
93.66
94.01
94.37
94.71
95.06
95.41
95.77
96.17
96.60
97.01
97.43
97.85
98.27
98.68
99.10
