# Beats
0.46
0.94
1.42
1.88
2.36
2.82
3.25
3.68
4.12
4.56
5.00
5.42
5.84
6.27
6.69
7.12
7.48
7.84
8.17
8.53
8.88
9.23
9.58
9.93
10.27
10.62
10.97
11.33
11.68
12.04
12.41
12.78
13.15
13.51
13.87
14.23
14.59
14.95
15.31
15.67
16.03
16.39
16.75
17.11
17.47
17.82
18.17
18.52
18.87
19.21
19.57
19.93
20.29
20.65
21.08
21.51
21.94
22.37
22.80
23.23
23.67
24.21
24.74
25.34
25.95
26.55
27.16
27.77
28.37
28.98
29.59
30.21
30.82
31.50
32.17
32.86
33.54
34.24
34.92
35.61
36.29
36.98
37.67
38.36
39.16
39.95
40.79
41.62
42.45
43.27
44.11
44.93
45.75
46.59
47.42
48.26
49.10
49.93
50.77
51.61
52.49
53.38
54.28
55.17
56.06
56.92
57.78
58.62
59.45
60.30
61.14
61.96
62.80
63.63
64.46
65.29
66.13
66.97
67.81
68.66
69.52
70.32
71.12
71.95
72.78
73.63
74.47
75.30
76.14
76.97
77.81
78.65
79.47
80.31
81.14
81.98
82.80
83.43
84.06
84.69
85.14
85.58
86.02
86.46
86.91
87.35
87.78
88.20
88.62
89.04
89.45
89.87
90.29
90.70
91.12
91.53
91.96
92.40
92.84
93.27
93.76
94.26
94.76
95.21
95.67
96.12
96.57
97.04
97.49
97.93
98.37
98.81
99.24
99.67
100.11
100.55
100.98
101.42
101.85
102.28
102.71
103.15
103.60
104.04
104.48
104.91
105.34
105.77
106.20
106.64
107.07
107.51
107.94
108.38
108.81
109.25
109.68
110.12
110.55
110.99
111.42
111.85
112.28
112.72
113.16
113.59
114.02
114.46
114.90
115.33
115.76
116.20
116.63
117.06
117.50
117.95
118.38
118.80
119.23
119.68
120.11
120.55
120.99
121.43
121.86
122.29
122.72
123.16
123.59
124.03
124.46
124.90
125.33
125.76
126.19
126.62
127.06
127.49
127.93
128.36
128.80
129.23
129.67
130.11
130.55
130.98
131.41
131.85
132.28
132.73
133.15
133.60
134.03
134.47
134.90
135.34
135.77
136.20
136.63
137.07
137.50
137.93
138.36
138.80
139.24
139.67
140.10
140.54
140.99
141.44
141.91
142.36
142.83
143.29
143.75
144.20
144.64
145.08
145.51
145.97
146.43
146.89
147.33
147.76
148.20
148.64
149.07
149.49
149.91
150.34
150.78
151.21
151.65
152.10
152.57
153.02
153.46
153.90
154.33
154.77
155.21
155.64
156.08
156.51
156.94
157.37
157.72
158.07
158.43
158.79
159.15
159.50
159.86
160.22
160.59
160.95
161.32
161.69
162.06
162.44
162.80
163.16
163.58
164.03
164.46
164.88
165.33
165.74
166.16
166.58
167.00
167.43
167.85
168.26
168.68
169.10
169.52
169.94
170.36
170.78
171.20
171.62
172.04
172.45
172.87
173.29
173.71
174.13
174.56
174.97
175.40
175.82
176.24
176.66
177.08
177.49
177.92
178.34
178.76
179.18
179.59
180.01
180.43
180.85
181.27
181.68
182.10
182.52
182.94
183.36
183.79
184.20
184.62
185.04
185.46
185.89
186.31
186.73
187.15
187.57
187.98
188.40
188.82
189.24
189.66
190.08
190.50
190.91
191.34
191.77
192.19
192.61
193.03
193.46
193.88
194.29
194.71
195.13
195.55
195.95
196.37
196.79
197.21
197.63
198.04
198.46
198.88
199.31
199.73
200.14
200.56
200.99
201.41
201.83
202.25
202.66
203.08
203.51
203.93
204.35
204.77
205.18
205.60
206.03
206.45
206.87
207.28
207.70
208.12
208.54
208.96
209.37
209.79
210.21
210.63
211.06
211.48
211.91
212.32
212.74
213.16
213.58
214.00
214.42
214.85
215.27
215.70
216.12
216.53
216.93
217.34
217.76
218.17
218.59
219.01
219.44
219.86
220.29
220.71
221.12
221.55
221.97
222.39
222.81
223.23
223.65
224.07
224.49
224.91
225.33
225.74
226.17
226.59
227.01
227.43
227.85
228.26
228.68
229.10
229.53
229.95
230.38
230.79
231.21
231.64
232.06
232.48
232.90
233.30
233.72
234.14
234.56
234.97
235.39
235.81
236.23
236.65
237.08
237.49
237.91
238.33
238.75
239.17
239.58
240.00
240.42
240.84
241.26
241.67
242.09
242.51
242.94
243.36
243.77
244.20
244.63
245.06
245.50
245.95
246.39
246.82
247.25
247.66
248.08
248.50
248.92
249.34
249.77
250.18
250.60
251.02
251.44
251.86
252.27
252.69
253.11
253.53
253.95
254.36
254.79
255.21
255.63
256.05
256.48
256.89
257.31
257.73
258.15
258.57
259.00
259.41
259.83
260.25
260.67
261.09
261.50
261.92
262.34
262.77
263.20
263.62
264.03
264.45
264.87
265.28
265.68
266.14
266.60
267.05
267.51
267.95
268.40
268.85
269.29
269.75
270.20
270.65
271.10
271.57
272.11
272.66
273.19
273.75
274.30
274.83
275.37
275.90
276.45
276.99
277.55
278.00
278.44
278.88
279.32
279.80
280.26
280.74
281.21
281.67
282.13
282.60
283.05
283.52
284.01
284.50
284.99
285.50
286.01
286.52
287.05
287.57
288.09
288.45
288.81
289.18
289.54
289.88
290.23
290.57
290.92
291.26
291.60
291.93
292.26
292.59
292.91
293.23
293.57
293.91
294.24
294.59
294.94
295.29
295.64
295.98
296.33
296.69
297.04
297.38
297.70
298.05
298.39
298.74
299.10
299.44
299.80
300.16
300.52
300.88
301.26
301.63
301.98
302.32
302.67
303.03
303.39
303.75
304.11
304.48
304.82
305.17
305.52
305.86
306.22
306.58
306.94
307.30
307.66
308.02
308.38
308.76
309.12
309.48
309.84
310.18
310.53
310.90
311.26
311.64
311.99
312.37
312.74
313.11
313.48
313.85
314.22
314.60
314.96
315.40
315.84
316.28
316.74
317.21
317.66
318.10
318.53
318.97
319.40
319.84
320.27
320.73
321.29
321.86
322.44
323.08
323.72
324.36
325.01
325.64
326.26
326.89
327.51
328.13
328.74
329.34
329.91
330.44
330.99
331.58
332.18
332.79
333.38
333.96
334.56
335.17
335.78
336.39
336.99
337.64
338.29
338.95
339.60
340.27
340.92
341.57
342.10
342.63
343.17
343.61
344.05
344.49
344.93
345.37
345.80
346.24
346.67
347.12
347.57
348.00
348.44
348.88
349.33
349.80
350.27
350.74
351.19
351.64
352.10
352.57
353.06
353.69
354.30
354.92
355.54
356.16
356.81
357.46
358.11
358.68
359.24
359.79
360.35
360.91
361.44
361.98
362.51
363.03
363.55
364.08
364.66
365.23
365.80
366.36
366.92
367.48
368.04
368.58
369.14
369.70
370.14
370.59
371.04
371.50
371.90
372.31
372.72
373.12
373.53
373.93
374.34
374.75
375.15
375.55
375.95
376.36
376.76
377.15
377.60
378.07
378.53
378.98
379.45
379.91
380.37
380.82
381.26
381.71
382.17
382.62
383.07
383.52
