# Beats
0.49
0.99
1.49
1.99
2.47
2.97
3.47
3.98
4.56
5.15
5.75
6.40
7.06
7.71
8.36
9.02
9.67
10.33
10.96
11.60
12.24
12.88
13.48
14.08
14.69
15.23
15.78
16.32
16.79
17.24
17.69
18.13
18.56
18.99
19.44
19.86
20.31
20.74
21.16
21.59
22.02
22.44
22.85
23.27
23.68
24.10
24.52
24.95
25.37
25.77
26.19
26.61
27.04
27.46
27.88
28.29
28.71
29.13
29.55
29.97
30.38
30.80
31.22
31.64
32.06
32.47
32.90
33.32
33.75
34.18
34.61
35.04
35.47
35.90
36.33
36.76
37.15
37.54
37.92
38.31
38.75
39.20
39.64
40.08
40.52
40.97
41.42
41.88
42.32
42.77
43.24
43.71
44.19
44.66
45.15
45.64
46.10
46.58
47.06
47.52
47.98
48.44
48.90
49.34
49.78
50.22
50.68
51.14
51.61
52.06
52.51
52.98
53.44
53.96
54.47
54.98
55.50
56.01
56.51
57.00
57.50
57.96
58.39
58.82
59.26
59.70
60.13
60.56
60.98
61.41
61.82
62.24
62.66
63.08
63.48
63.89
64.30
64.70
65.11
65.53
65.96
66.37
66.79
67.21
67.63
68.06
68.48
68.89
69.31
69.73
70.15
70.57
70.98
71.41
71.82
72.24
72.66
73.08
73.50
73.92
74.34
74.76
75.17
75.59
76.01
76.43
76.85
77.26
77.68
78.10
78.52
78.94
79.35
79.78
80.20
80.62
81.03
81.44
81.87
82.30
82.74
83.19
83.71
84.23
84.75
85.28
85.80
86.31
86.83
87.35
87.92
88.49
89.06
89.62
90.19
90.77
91.35
91.94
92.46
92.98
93.48
93.95
94.41
94.88
95.34
95.82
96.29
96.77
97.25
97.71
98.20
98.68
99.17
99.68
100.18
100.68
101.15
101.62
102.10
102.57
103.05
103.53
103.99
104.45
104.93
105.40
106.01
106.63
107.30
107.97
108.63
109.28
109.93
110.59
111.25
111.90
112.55
113.19
113.82
114.46
115.10
