# Beats
0.35
0.71
1.07
1.43
1.79
2.15
2.51
2.87
3.25
3.63
4.02
4.53
5.03
5.50
5.98
6.46
6.93
7.44
7.94
8.44
8.94
9.44
9.94
10.44
10.94
11.44
11.92
12.42
12.92
13.47
14.01
14.56
15.17
15.78
16.38
17.00
17.60
18.22
18.83
19.45
20.06
20.68
21.25
21.83
22.34
22.85
23.35
23.85
24.35
24.85
25.36
25.87
26.38
26.92
27.47
28.00
28.60
29.19
29.77
30.35
30.93
31.46
32.01
32.54
33.08
33.62
34.16
34.69
35.22
35.76
36.32
36.87
37.40
37.92
38.43
38.92
39.44
39.94
40.43
40.91
41.40
41.89
42.38
42.86
43.35
43.83
44.30
44.79
45.28
45.77
46.25
46.74
47.21
47.69
48.18
48.67
49.15
49.62
50.11
50.60
51.08
51.57
52.06
52.54
53.01
53.50
53.99
54.47
54.96
55.44
55.93
56.40
56.89
57.38
57.86
58.33
58.82
59.30
59.80
60.30
60.81
61.34
61.85
62.51
63.15
63.79
64.54
65.29
66.05
66.80
67.55
68.29
69.01
69.74
70.47
71.19
71.94
72.66
73.38
74.12
74.86
75.62
76.35
77.10
77.83
78.58
79.34
80.10
80.85
