# Beats
0.56
1.13
1.68
2.24
2.81
3.40
3.98
4.61
5.24
5.86
6.49
7.12
7.73
8.35
8.92
9.47
10.04
10.63
11.24
11.84
12.42
13.01
13.61
14.20
14.80
15.39
15.99
16.44
16.89
17.35
17.81
18.16
18.51
18.85
19.20
19.54
19.88
20.21
20.55
20.89
21.22
21.56
21.88
22.22
22.57
22.92
23.25
23.59
23.93
24.26
24.60
24.94
25.29
25.63
25.97
26.31
26.64
26.99
27.33
27.68
28.03
28.47
28.91
29.36
29.77
30.17
30.58
30.99
31.39
31.81
32.23
32.64
33.09
33.54
33.99
34.46
34.92
35.39
35.85
36.32
36.79
37.27
37.73
38.20
38.66
39.11
39.57
40.03
40.50
40.95
41.40
41.87
42.31
42.76
43.22
43.68
44.14
44.59
45.05
