# Beats
0.65
1.31
1.97
2.64
3.30
3.96
4.62
5.24
5.85
6.48
7.09
7.63
8.16
8.70
9.22
9.74
10.26
10.77
11.27
11.78
12.26
12.74
13.22
13.68
14.13
14.58
15.03
15.50
15.96
16.42
16.86
17.31
17.76
18.20
18.66
19.10
19.55
19.99
20.45
20.89
21.34
21.79
22.23
22.67
23.14
23.58
24.02
24.47
24.93
25.38
25.82
26.26
26.71
27.16
27.61
28.06
28.51
28.97
29.42
29.86
30.30
30.74
31.18
31.64
32.09
32.54
33.00
33.44
33.89
34.33
34.77
35.21
35.67
36.11
36.56
37.01
37.45
37.91
38.36
38.80
39.25
39.69
40.14
40.59
41.05
41.51
41.98
42.47
42.95
43.34
43.73
44.12
44.49
44.87
45.23
45.60
45.98
46.43
46.87
47.31
47.76
48.22
48.67
49.11
49.56
50.00
50.45
50.90
51.35
51.80
52.26
52.71
53.16
53.61
54.07
54.52
54.97
55.44
55.90
56.37
56.78
57.20
57.62
58.10
58.57
59.05
59.52
59.99
60.46
60.93
61.38
61.83
62.29
62.71
63.12
63.54
63.95
64.35
64.76
65.16
65.57
65.99
66.41
66.83
67.30
67.78
68.26
68.74
69.22
69.69
70.15
70.60
71.06
71.51
71.96
72.41
72.86
73.32
73.78
74.23
74.70
75.15
75.62
76.06
76.52
76.97
77.44
77.90
78.36
78.81
79.26
79.71
80.18
80.63
81.08
81.55
82.01
82.47
82.92
83.37
83.82
84.28
84.73
85.18
85.65
86.10
86.55
87.01
87.46
87.91
88.36
88.83
89.29
89.76
90.22
90.67
91.14
91.60
92.07
92.53
92.98
93.44
93.89
94.34
94.78
95.24
95.69
96.14
96.60
97.05
97.50
97.95
98.39
98.85
99.30
99.74
100.19
100.65
101.09
101.54
101.99
102.43
102.89
103.34
103.79
104.25
104.69
105.14
105.59
106.05
106.50
106.94
107.39
107.85
108.30
108.75
109.19
109.64
110.10
110.55
110.99
111.44
111.90
112.35
112.80
113.24
113.70
114.15
114.60
115.05
115.50
115.95
116.40
116.85
117.30
117.75
118.20
118.68
119.13
119.58
120.04
120.49
120.93
121.38
121.84
122.28
122.74
123.21
123.67
124.12
124.56
125.02
125.47
125.91
126.36
126.82
127.26
127.71
128.16
128.62
129.06
129.51
129.96
130.40
130.86
131.31
131.76
132.21
132.69
133.14
133.60
134.05
134.49
134.94
135.40
135.85
136.30
136.74
137.20
137.65
138.10
138.55
139.01
139.46
139.90
140.35
140.79
141.25
141.70
142.15
142.61
143.06
143.51
143.96
144.40
144.86
145.31
145.76
146.20
146.66
147.11
147.56
148.02
148.46
148.91
149.36
149.80
150.26
150.71
151.15
151.60
152.06
152.51
152.96
153.40
153.86
154.31
154.76
155.20
155.65
156.11
156.56
157.00
157.45
157.91
158.36
158.80
159.25
159.71
160.16
160.62
161.09
161.54
161.99
162.44
162.89
163.34
163.79
164.23
164.69
165.14
165.59
166.03
166.49
166.94
167.39
167.85
168.30
168.75
169.20
169.66
170.12
170.57
171.03
171.47
171.92
172.37
172.83
173.27
173.72
174.17
174.63
175.08
175.53
175.98
176.44
176.88
177.32
177.77
178.22
178.68
179.13
179.58
180.04
180.48
180.93
181.38
181.84
182.29
182.73
183.18
183.64
184.08
184.53
184.98
185.43
185.89
186.33
186.78
187.23
187.69
188.13
188.58
189.03
189.49
189.94
190.38
190.83
191.29
191.73
192.18
192.63
193.09
193.54
193.99
194.44
194.90
195.36
195.83
196.29
196.75
197.22
197.68
198.15
198.60
199.06
199.52
199.97
200.42
200.88
201.33
201.77
202.21
202.66
203.12
203.56
204.01
204.46
204.92
205.37
205.81
206.26
206.72
207.18
207.62
208.06
208.52
208.97
209.41
209.86
210.31
210.77
211.24
211.70
212.15
212.60
213.05
213.50
213.95
214.40
214.85
215.31
215.76
216.21
216.67
217.12
217.58
218.04
218.49
218.94
219.39
219.83
220.29
220.74
221.19
221.65
222.10
222.54
222.99
223.45
223.90
224.35
224.79
225.25
225.70
226.15
226.59
227.04
227.50
227.95
228.40
228.84
229.30
229.74
230.19
230.63
231.08
231.54
231.99
232.43
232.88
233.34
233.79
234.23
234.68
235.14
235.59
236.04
236.50
236.94
237.39
237.84
238.29
238.74
239.19
239.64
240.09
240.55
240.99
241.46
241.93
242.38
242.83
243.28
243.73
244.18
244.63
245.08
245.53
245.98
246.43
246.87
247.33
247.78
248.22
248.67
249.13
249.58
250.03
250.49
250.94
251.38
251.83
252.27
252.73
253.18
253.63
254.07
254.53
254.98
255.43
255.87
256.33
256.78
257.23
257.68
258.14
258.59
259.03
259.48
259.94
260.39
260.84
261.29
261.74
262.19
262.63
263.08
263.53
263.99
264.43
264.88
265.33
265.79
266.23
266.68
267.15
267.60
268.05
268.50
268.96
269.40
269.84
270.28
270.73
271.19
271.63
272.08
272.53
273.00
273.45
273.89
274.34
274.80
275.24
275.69
276.14
276.60
277.05
277.49
277.94
278.40
278.85
279.29
279.73
280.18
280.64
281.08
281.53
281.98
282.44
282.88
283.33
283.78
284.24
284.68
285.13
285.58
286.04
286.48
286.93
287.38
287.83
288.29
288.74
289.19
289.81
290.42
291.04
291.65
292.26
292.86
293.47
294.08
294.68
295.29
295.90
296.52
297.15
297.61
298.09
298.56
299.01
299.46
299.91
300.34
300.77
301.21
301.65
302.09
302.53
302.96
303.40
303.84
304.29
304.73
305.17
305.61
306.05
306.49
306.93
307.37
307.82
308.26
308.70
309.14
309.58
310.02
310.46
310.90
311.34
311.79
312.23
312.68
313.11
313.55
314.00
314.44
314.89
315.33
315.76
316.20
316.63
317.07
317.52
317.96
318.40
318.84
319.29
319.73
320.16
320.60
321.04
321.49
321.93
322.37
322.82
323.26
323.70
324.14
324.58
325.02
325.46
325.90
326.34
326.79
327.23
327.67
328.11
328.55
328.99
329.43
329.86
330.32
330.76
331.20
331.64
332.08
332.53
333.00
333.44
333.88
334.32
334.76
335.20
335.64
336.09
336.53
336.97
337.41
337.85
338.29
338.73
339.17
339.62
340.06
340.50
340.94
341.39
341.83
342.27
342.71
343.14
343.59
344.03
344.47
344.91
345.35
345.79
346.23
346.69
347.14
347.59
348.03
348.47
348.91
349.36
349.80
350.24
350.68
351.12
351.56
352.00
352.44
352.89
353.33
353.77
354.22
354.65
355.09
355.53
355.96
356.40
356.84
357.29
357.74
358.18
358.62
359.06
359.50
359.94
360.37
360.81
361.26
361.69
362.12
362.56
363.00
363.44
363.88
364.32
364.79
365.23
365.67
366.11
366.55
366.99
367.43
367.86
368.30
368.74
369.19
369.62
370.04
370.49
370.93
371.37
371.82
372.26
372.70
373.14
373.59
374.03
374.47
374.90
375.34
375.78
376.22
376.66
377.09
377.52
377.96
378.40
378.86
379.30
379.74
380.18
380.62
381.06
381.50
381.95
382.39
382.82
383.26
383.70
384.13
384.57
385.01
385.44
385.88
386.32
386.75
387.19
387.63
388.06
388.50
388.95
389.39
389.82
390.26
390.70
391.14
391.58
392.02
392.45
392.89
393.33
393.76
394.19
394.63
395.08
395.52
395.96
396.39
396.83
397.27
397.71
398.14
398.58
399.02
399.45
399.89
400.34
400.78
401.22
401.65
402.09
402.53
402.97
403.40
403.84
404.27
404.71
405.14
405.58
406.02
406.47
406.92
407.39
407.88
408.37
408.87
409.36
409.83
410.33
