# Beats
0.60
1.21
1.83
2.45
3.02
3.60
4.18
4.76
5.35
5.92
6.47
7.01
7.55
8.07
8.61
9.22
9.83
10.43
11.03
11.63
12.14
12.65
13.17
13.66
14.16
14.68
15.19
15.69
16.20
16.74
17.28
17.80
18.34
18.90
19.44
19.98
20.51
21.06
21.59
22.12
22.58
23.03
23.49
23.87
24.26
24.66
25.05
25.45
25.84
26.23
26.63
27.03
27.41
27.79
28.19
28.61
29.04
29.44
29.91
30.37
30.84
31.23
31.65
32.07
32.50
32.88
33.27
33.67
34.05
34.41
34.76
35.12
35.49
35.87
36.25
36.62
36.99
37.36
37.73
38.13
38.51
38.87
39.24
39.61
39.98
40.34
40.70
41.08
41.45
41.81
42.16
42.52
42.86
43.24
43.60
43.97
44.34
44.70
45.07
45.44
45.79
46.16
46.51
46.88
47.25
47.62
47.98
48.37
48.74
49.11
49.49
49.85
50.24
50.61
50.97
51.34
51.71
52.18
52.64
53.10
53.64
54.15
54.66
55.22
55.76
56.48
57.21
57.95
58.65
59.35
60.05
60.74
61.44
62.14
62.83
63.53
64.23
64.93
65.64
66.35
67.05
67.73
68.43
69.13
69.82
70.52
71.22
71.91
72.61
73.31
74.00
74.70
75.41
76.12
76.81
77.51
78.20
78.90
79.60
80.29
80.99
81.69
82.38
83.08
83.78
84.47
85.17
85.89
86.59
87.28
87.99
88.68
89.36
90.07
90.77
91.46
92.16
92.86
93.56
94.27
94.97
95.67
96.36
97.06
97.76
98.45
99.15
99.85
100.54
101.24
101.94
102.63
103.33
104.05
104.75
105.44
106.14
106.84
107.53
108.23
108.92
109.62
110.34
111.05
111.75
112.43
113.13
113.82
114.52
115.22
115.91
116.61
117.31
118.02
118.70
119.40
120.11
120.81
121.51
122.21
122.90
123.60
124.30
124.99
125.69
126.39
127.08
127.78
128.49
129.20
129.89
130.59
131.29
131.98
132.68
133.38
134.07
134.77
135.47
136.17
136.88
137.58
138.27
138.97
139.67
140.36
141.06
141.76
142.45
143.15
143.85
144.54
145.25
145.96
146.66
147.35
148.05
148.75
149.44
150.14
150.84
151.53
152.23
152.93
153.63
154.34
155.03
155.74
156.43
157.13
157.83
158.52
159.22
159.92
160.61
161.31
162.02
162.73
163.42
164.12
164.82
165.51
166.21
166.91
167.60
168.31
168.99
169.69
170.39
171.11
171.80
172.50
173.20
173.89
174.59
175.29
175.98
176.68
177.38
178.07
178.77
179.48
180.16
180.86
181.58
182.28
182.97
183.67
184.37
185.06
185.76
186.46
187.15
187.85
188.55
189.24
189.94
190.65
191.36
192.05
192.75
193.45
194.14
194.84
195.54
196.23
196.93
197.63
198.32
199.02
199.73
200.42
201.13
201.83
202.52
203.22
203.92
204.61
205.31
206.01
206.70
207.40
208.10
208.79
209.49
210.20
210.90
211.60
212.30
213.00
213.69
214.39
215.09
215.78
216.48
217.18
217.88
218.59
219.29
219.99
220.68
221.38
222.08
222.77
223.47
224.17
224.86
225.57
226.14
226.70
227.25
227.81
228.37
228.93
229.48
230.04
230.61
231.18
231.74
