# Beats
0.43
0.87
1.31
1.74
2.17
2.60
3.03
3.41
3.78
4.17
4.54
4.91
5.29
5.68
6.06
6.44
6.83
7.20
7.58
7.95
8.34
8.71
9.09
9.47
9.86
10.24
10.61
10.98
11.37
11.74
12.12
12.50
12.89
13.27
13.65
14.02
14.41
14.78
15.16
15.53
15.92
16.29
16.67
17.06
17.44
17.82
18.19
18.58
18.96
19.33
19.71
20.10
20.48
20.86
21.23
21.61
21.98
22.36
22.74
23.12
23.50
23.88
24.26
24.64
25.02
25.40
25.79
26.16
26.53
26.90
27.28
27.65
28.03
28.41
28.79
29.18
29.56
29.94
30.33
30.70
31.08
31.45
31.83
32.21
32.58
32.96
33.34
33.73
34.11
34.48
34.86
35.25
35.62
36.00
36.37
36.76
37.14
37.52
37.89
38.28
38.66
39.04
39.43
39.80
40.18
40.55
40.94
41.31
41.69
42.06
42.45
42.83
43.21
43.60
43.98
44.35
44.72
45.09
45.46
45.85
46.23
46.61
47.00
47.37
47.75
48.13
48.52
48.89
49.27
49.66
50.04
50.41
50.79
51.18
51.56
51.93
52.30
52.67
53.05
53.43
53.81
54.20
54.58
54.96
55.34
55.72
56.10
56.65
57.20
57.76
58.42
59.08
59.85
60.63
61.39
62.16
62.91
63.68
64.44
65.20
65.96
66.71
67.47
68.22
68.97
69.72
70.47
71.23
71.99
72.76
73.38
73.99
74.50
75.02
75.56
76.08
76.59
77.11
77.55
78.01
78.44
78.87
79.30
79.74
80.17
80.60
81.04
81.48
81.86
82.25
82.62
82.99
83.37
83.75
84.13
84.50
84.89
85.28
85.66
86.06
86.47
86.88
87.30
87.78
88.27
88.77
89.35
89.93
90.51
91.13
91.73
92.31
92.90
93.50
94.13
94.77
95.41
96.05
96.66
97.27
97.87
98.55
99.22
99.86
100.48
101.05
101.60
102.14
102.75
103.36
103.97
104.57
105.19
105.80
106.41
107.01
107.61
108.22
108.74
109.27
109.80
110.33
110.85
111.37
111.98
112.58
113.19
113.79
114.39
114.89
115.39
115.89
116.29
116.68
117.08
117.46
117.84
118.22
118.62
119.00
119.39
119.77
120.15
120.53
120.93
121.31
121.70
122.14
122.58
123.02
123.47
123.91
124.37
124.81
125.25
125.68
126.11
126.51
126.92
127.32
127.72
128.12
128.52
128.92
129.32
129.73
130.14
130.54
130.95
131.36
131.76
132.17
132.64
133.12
133.58
134.05
134.51
134.98
135.45
