# Beats
0.46
0.94
1.42
1.89
2.37
2.84
3.29
3.73
4.17
4.63
5.10
5.56
6.03
6.49
6.94
7.37
7.79
8.22
8.67
9.15
9.61
10.08
10.59
11.11
11.63
12.17
12.70
13.22
13.77
14.30
14.83
15.37
15.93
16.46
16.99
17.53
18.04
18.54
19.04
19.56
20.10
20.62
21.16
21.71
22.24
22.77
23.29
23.82
24.36
24.89
25.41
25.94
26.48
27.00
27.54
28.07
28.60
29.12
29.63
30.17
30.72
31.27
31.81
32.35
32.88
33.43
33.97
34.52
35.05
35.57
36.10
36.62
37.13
37.66
38.20
38.71
39.23
39.75
40.28
40.80
41.33
41.85
42.38
42.91
43.43
43.96
44.48
45.00
45.51
46.03
46.57
47.09
47.60
48.11
48.60
49.13
49.67
50.21
50.76
51.27
51.80
52.34
52.87
53.38
53.89
54.43
54.96
55.47
56.01
56.54
57.05
57.57
58.10
58.61
59.14
59.68
60.19
60.71
61.23
61.77
62.30
62.88
63.46
64.02
64.55
65.06
65.60
66.13
66.64
67.18
67.71
68.22
68.74
69.27
69.80
70.31
70.84
71.35
71.89
72.42
72.95
73.47
73.98
74.51
75.02
75.53
76.08
76.60
77.15
77.68
78.20
78.74
79.27
79.78
80.29
80.83
81.36
81.87
82.41
82.94
83.45
83.97
84.47
84.99
85.52
86.03
