# Beats
0.48
0.98
1.46
1.95
2.45
2.95
3.38
3.82
4.26
4.69
5.12
5.54
5.96
6.37
6.79
7.21
7.69
8.17
8.65
9.14
9.61
10.09
10.59
11.09
11.60
12.14
12.69
13.24
13.77
14.30
14.84
15.37
15.91
16.43
16.95
17.47
17.98
18.51
19.02
19.56
20.11
20.65
21.20
21.75
22.29
22.84
23.37
23.90
24.44
24.96
25.50
26.02
26.54
27.09
27.63
28.17
28.70
29.23
29.78
30.33
30.88
31.42
31.95
32.48
33.02
33.55
34.09
34.60
35.10
35.60
36.08
36.57
37.06
37.59
38.13
38.66
39.20
39.73
40.26
40.80
41.34
41.89
42.43
42.98
43.53
44.08
44.63
45.19
45.73
46.27
46.80
47.35
47.89
48.43
48.97
49.53
50.09
50.61
51.13
51.65
52.20
52.73
53.28
53.82
54.37
54.93
55.61
56.30
56.98
57.66
58.32
58.99
59.57
60.15
60.73
61.31
61.89
62.47
63.07
63.66
64.24
64.82
65.40
65.98
66.56
67.13
67.70
68.28
68.86
69.44
69.92
70.38
70.84
71.32
71.80
72.27
72.74
73.26
73.79
74.32
74.84
75.36
75.87
76.38
76.89
77.45
78.01
78.56
79.02
79.47
79.92
80.35
80.78
81.21
81.64
82.01
82.38
82.76
83.13
83.50
83.87
84.24
84.61
84.94
85.28
85.62
85.96
86.33
86.71
87.09
87.47
87.86
88.26
88.67
89.06
89.42
89.77
90.11
90.45
90.80
91.16
91.51
91.86
92.21
92.55
92.90
93.25
93.59
93.94
94.28
94.62
94.96
95.31
95.64
95.98
96.32
96.65
96.99
97.31
97.65
97.98
98.30
98.64
98.98
99.32
99.67
100.02
100.36
100.70
101.05
101.40
101.76
102.12
102.54
102.93
103.34
103.75
104.16
104.57
104.98
105.38
105.79
106.21
106.63
107.09
107.57
108.03
108.51
108.98
109.45
109.92
110.39
110.85
111.33
111.79
112.27
112.72
113.20
113.66
114.13
114.59
115.05
115.52
115.98
116.45
116.91
117.38
117.84
118.31
118.77
119.23
119.70
120.16
120.63
121.09
121.56
122.02
122.49
122.95
123.41
123.88
124.34
124.81
125.27
125.74
126.21
126.68
127.14
127.61
128.08
128.55
129.01
129.47
129.94
130.40
130.87
131.33
131.80
132.26
132.74
133.20
133.67
134.13
134.59
135.06
135.52
135.99
136.45
136.92
137.38
137.86
138.32
138.79
139.25
139.71
140.18
140.64
141.11
141.57
142.04
142.50
142.97
143.43
143.89
144.36
144.82
145.29
145.75
146.22
146.68
147.14
147.61
148.07
148.54
149.00
149.47
149.93
150.40
150.86
151.34
151.80
152.26
152.73
153.19
153.66
154.12
154.59
155.05
155.52
155.98
156.44
156.91
157.37
157.84
158.31
158.78
159.24
159.71
160.17
160.64
161.10
161.56
162.03
162.49
162.96
163.42
163.89
164.36
164.83
165.29
165.76
166.23
166.70
167.16
167.62
168.09
168.55
169.02
169.48
169.95
170.40
170.86
171.33
171.79
172.26
172.72
173.19
173.65
174.13
174.59
175.06
175.52
175.98
176.45
176.91
177.38
177.84
178.31
178.77
179.23
179.70
180.18
180.64
181.10
181.57
182.03
182.50
182.96
183.43
183.89
184.35
184.82
185.28
185.76
186.22
186.69
187.15
187.62
188.08
188.55
189.01
189.47
189.94
190.40
190.87
191.33
191.80
192.26
192.73
193.19
193.65
194.13
194.59
195.06
195.52
195.99
196.44
196.91
197.37
197.85
198.31
198.77
199.24
199.70
200.17
200.63
201.10
201.56
202.03
202.49
202.97
203.43
203.88
204.35
204.81
205.29
205.75
206.22
206.68
207.15
207.61
208.07
208.55
209.01
209.48
209.94
210.41
210.87
211.34
211.80
212.28
212.74
213.19
213.66
214.13
214.60
215.06
215.53
215.99
216.46
216.92
217.39
217.85
218.31
218.78
219.24
219.71
220.17
220.64
221.10
221.56
222.03
222.49
222.96
223.42
223.89
224.35
224.83
225.31
225.80
226.28
226.74
227.21
227.67
228.14
228.60
229.13
229.67
230.21
230.70
231.19
231.69
232.19
232.69
233.19
233.69
234.17
234.67
235.18
235.69
236.20
236.72
237.24
237.76
238.24
238.71
239.19
239.68
240.15
240.62
241.09
241.56
242.02
242.50
242.96
243.43
243.89
244.36
244.82
245.28
245.75
246.21
246.68
247.15
247.62
248.08
248.55
249.01
249.48
249.94
250.42
250.88
251.34
251.80
252.26
252.73
253.19
253.65
254.12
254.60
255.06
255.52
255.99
256.45
256.92
257.38
257.85
258.31
258.77
259.24
259.70
260.18
260.64
261.11
261.57
262.04
262.50
262.97
263.43
263.89
264.36
264.82
265.29
265.75
266.22
266.68
267.15
267.61
268.07
268.54
269.01
269.48
269.94
270.41
270.87
271.34
271.81
272.28
272.74
273.21
273.67
274.13
274.61
275.08
275.54
276.00
276.47
276.93
277.39
277.84
278.30
278.77
279.23
279.70
280.16
280.62
281.10
281.57
282.03
282.49
282.96
283.43
283.90
284.36
284.83
285.30
285.77
286.24
286.71
287.17
287.64
288.10
288.57
289.03
289.49
289.96
290.42
290.89
291.35
291.82
292.28
292.75
293.22
293.70
294.16
294.63
295.09
295.56
296.02
296.48
296.95
297.41
297.88
298.34
298.81
299.27
299.73
300.21
300.69
301.19
301.70
302.20
302.70
303.22
303.73
