# Beats
0.42
0.85
1.27
1.68
2.11
2.54
2.96
3.38
3.80
4.21
4.63
5.04
5.43
5.84
6.25
6.65
7.06
7.48
7.89
8.31
8.73
9.11
9.50
9.88
10.25
10.66
11.08
11.48
11.89
12.29
12.70
13.12
13.54
13.96
14.38
14.81
15.23
15.65
16.07
16.49
16.92
17.35
17.76
18.23
18.69
19.16
19.63
20.11
20.58
21.15
21.73
22.31
22.89
23.49
24.07
24.66
25.24
25.82
26.41
27.00
27.60
28.19
28.79
29.38
30.00
30.60
31.21
31.81
32.42
33.02
33.62
34.23
34.83
35.45
36.05
36.66
37.28
37.89
38.52
39.13
39.72
40.31
40.91
41.52
42.07
42.63
43.15
43.68
44.20
44.69
45.17
45.66
46.13
46.59
47.06
47.52
47.95
48.38
48.81
49.24
49.67
50.10
50.52
50.91
51.30
51.70
52.11
52.50
52.90
53.29
53.66
54.03
54.40
54.78
55.15
55.52
55.89
56.26
56.65
57.03
57.41
57.96
58.48
59.00
59.61
60.21
60.82
61.44
62.04
62.65
63.25
63.85
64.45
65.04
65.63
66.22
66.83
67.43
68.03
68.64
69.24
69.85
70.44
71.04
71.65
72.26
72.86
73.47
74.07
74.65
75.23
75.79
76.36
76.93
77.40
77.88
78.34
78.80
79.25
79.70
80.17
80.63
81.08
81.54
81.99
82.44
82.90
83.34
83.78
84.22
84.66
85.10
85.54
85.98
86.44
86.88
87.33
87.81
88.28
88.77
89.36
89.94
90.52
91.09
91.66
92.26
92.87
93.48
94.11
94.74
95.36
95.99
96.63
97.27
97.90
98.51
99.13
99.76
100.39
101.02
101.63
102.26
102.77
103.28
103.79
104.30
104.81
105.33
105.87
106.42
106.95
107.49
108.02
108.59
109.15
109.71
110.25
110.78
111.30
111.83
112.35
112.87
113.44
114.00
114.57
115.14
115.72
116.30
116.88
117.45
118.02
118.58
119.16
119.75
120.33
120.92
121.51
122.09
122.68
123.27
123.83
124.38
124.95
125.52
126.08
126.65
127.22
127.79
128.30
128.81
129.31
129.81
130.31
130.80
131.29
131.77
132.26
132.75
133.24
133.72
134.21
134.70
135.19
135.67
136.16
136.65
137.15
137.65
138.14
138.63
139.13
139.63
140.13
140.63
