# Beats
0.53
1.08
1.60
2.16
2.74
3.30
3.82
4.39
4.95
5.50
6.20
6.91
7.62
8.34
9.03
9.71
10.37
11.10
11.80
12.38
12.96
13.50
14.09
14.68
15.23
15.77
16.34
16.88
17.44
17.96
18.53
19.09
19.55
20.04
20.55
21.03
21.46
21.90
22.33
22.77
23.23
23.66
24.11
24.52
24.96
25.38
25.80
26.17
26.59
26.97
27.33
27.72
28.12
28.51
28.89
29.30
29.70
30.07
30.44
30.84
31.23
31.60
31.95
32.35
32.72
33.09
33.48
33.85
34.23
34.63
35.04
35.41
35.84
36.25
36.69
37.20
37.71
38.22
38.75
39.30
39.86
40.38
40.90
41.40
41.94
42.47
43.00
43.53
44.05
44.55
45.07
45.58
46.13
46.60
47.11
47.55
48.00
48.46
48.92
49.35
49.78
50.22
50.71
51.15
51.62
52.06
52.50
52.96
53.41
53.85
54.29
54.73
55.26
55.75
56.29
56.77
57.24
57.70
58.21
58.70
59.16
59.65
60.12
60.60
61.09
61.60
62.11
62.67
63.24
63.77
64.34
64.92
65.48
66.08
66.64
67.22
67.78
68.34
68.92
69.46
70.01
70.54
71.04
71.59
72.10
72.61
73.12
73.65
74.19
74.63
75.07
75.56
76.12
76.67
77.23
77.74
78.25
78.75
79.31
79.85
80.46
81.06
81.69
82.29
82.91
83.50
84.13
84.75
85.36
85.98
86.51
87.03
87.54
88.07
88.61
89.14
89.68
90.23
90.88
91.56
92.25
92.90
93.56
94.18
94.78
95.43
96.11
96.80
97.48
98.10
98.75
99.40
100.08
100.76
101.56
102.33
103.07
103.82
104.58
105.35
106.02
106.74
107.49
108.20
108.86
109.51
110.20
110.88
111.55
112.22
112.93
113.59
114.24
114.92
115.59
116.36
117.12
117.86
118.58
119.33
120.09
120.84
121.58
122.30
123.04
123.69
124.34
125.04
125.71
126.37
127.07
127.73
128.34
128.94
129.47
130.00
130.50
131.04
131.63
132.19
132.74
133.33
134.00
134.64
135.23
135.85
136.49
137.09
137.72
138.36
138.97
139.58
140.16
140.75
141.34
141.90
142.48
143.01
143.55
144.08
144.52
145.01
145.50
145.96
146.43
146.89
