# Beats
0.56
1.11
1.67
2.23
2.77
3.33
3.88
4.46
5.03
5.58
5.99
6.39
6.78
7.16
7.53
7.92
8.30
8.70
9.10
9.52
9.91
10.31
10.69
11.08
11.46
11.85
12.23
12.60
12.98
13.39
13.79
14.19
14.59
15.07
15.56
16.03
16.54
17.04
17.55
18.05
18.55
19.04
19.53
20.02
20.50
21.00
21.50
22.02
22.62
23.20
23.78
24.35
24.93
25.50
26.08
26.64
27.21
27.79
28.37
28.94
29.51
30.07
30.62
31.17
31.74
32.32
32.91
33.48
34.06
34.64
35.24
35.84
36.44
37.04
37.62
38.20
38.77
39.32
39.89
40.47
41.03
41.59
42.13
42.68
43.14
43.58
44.05
44.49
44.95
45.41
45.86
46.32
46.76
47.23
47.69
48.16
48.62
49.19
49.76
50.31
50.86
51.41
51.94
52.50
53.06
53.68
54.32
54.96
55.60
56.22
56.82
57.40
58.00
58.61
59.23
59.91
60.58
61.23
61.89
62.50
63.11
63.76
64.37
64.95
65.55
66.17
66.79
67.38
67.99
68.61
69.22
69.81
70.40
70.98
71.59
72.17
72.72
73.19
73.68
74.14
74.51
74.91
75.29
75.67
76.08
76.49
76.88
77.28
77.67
78.05
78.44
78.84
79.25
79.67
80.11
80.53
80.94
81.36
81.78
82.20
82.62
83.03
83.44
83.84
84.22
84.64
85.03
85.43
85.84
86.25
86.68
87.12
87.55
87.98
88.42
88.84
89.26
89.69
90.12
90.53
90.93
91.36
91.79
92.23
92.65
93.09
93.52
93.97
94.42
94.88
95.29
95.72
96.15
96.57
96.99
97.41
97.80
98.21
98.59
98.99
99.37
99.79
100.21
100.61
101.04
101.45
101.84
102.24
102.64
103.06
103.47
103.89
104.30
104.71
105.13
105.52
105.91
106.28
106.64
107.02
107.42
107.80
108.18
108.58
108.97
109.37
109.78
110.20
110.63
111.04
111.44
111.82
112.20
112.57
112.95
113.35
113.73
114.10
114.46
114.82
115.19
115.57
115.93
116.29
116.65
117.03
117.39
117.77
118.15
118.54
118.89
119.25
119.63
120.02
120.41
120.79
121.18
121.56
121.93
122.31
122.68
123.05
123.44
123.83
124.23
124.60
124.99
125.38
125.76
126.15
126.54
126.92
127.29
127.66
128.08
128.48
128.87
129.28
129.67
130.08
130.47
130.87
131.26
131.68
132.08
132.49
132.91
133.32
133.72
134.14
134.54
134.93
135.41
135.89
136.39
136.84
137.29
137.74
138.22
138.69
139.16
139.62
140.09
140.56
141.04
141.53
142.01
142.49
142.94
143.39
143.85
144.30
144.75
145.23
145.68
146.16
146.63
147.10
147.59
148.07
148.72
149.37
150.02
150.65
151.28
151.90
152.53
153.21
153.88
154.58
155.27
155.95
156.62
157.29
158.01
158.73
159.43
160.12
160.84
161.56
162.27
162.97
163.67
164.35
165.04
165.72
166.39
167.02
167.66
168.25
168.82
169.40
169.89
170.36
170.85
171.34
171.83
172.33
172.84
173.33
173.82
174.44
175.06
175.66
176.29
176.91
177.53
178.14
178.75
179.37
179.98
180.60
