# Beats
0.42
0.85
1.28
1.71
2.15
2.59
3.01
3.44
3.87
4.30
4.71
5.14
5.57
5.99
6.41
6.84
7.26
7.71
8.16
8.61
9.08
9.54
10.01
10.41
10.81
11.19
11.61
12.02
12.42
12.82
13.21
13.61
13.98
14.35
14.72
15.12
15.52
15.91
16.28
16.63
16.97
17.30
17.65
17.98
18.33
18.67
19.01
19.34
19.67
19.99
20.33
20.67
21.11
21.52
21.94
22.38
22.80
23.22
23.66
24.14
24.61
25.10
25.52
25.96
26.39
26.87
27.35
27.84
28.29
28.72
29.14
29.56
29.98
30.38
30.79
31.21
31.64
32.08
32.52
32.96
33.41
33.88
34.34
34.82
35.27
35.74
36.20
36.69
37.15
37.60
38.07
38.52
38.89
39.29
39.67
40.05
40.45
40.82
41.20
41.58
41.97
42.38
42.78
43.24
43.67
44.09
44.54
44.98
45.42
45.85
46.24
46.65
47.04
47.43
47.81
48.18
48.55
48.95
49.32
49.69
50.07
50.47
50.87
51.27
51.66
52.06
52.48
52.94
53.41
53.80
54.20
54.58
54.96
55.32
55.68
56.04
56.40
56.76
57.10
57.42
57.76
58.11
58.42
58.75
59.07
59.40
59.72
60.05
60.35
60.67
61.05
61.44
61.83
62.22
62.65
63.09
63.51
63.90
64.27
64.64
65.00
65.38
65.74
66.11
66.48
66.82
67.15
67.50
67.85
68.20
68.56
68.92
69.28
69.66
70.01
70.36
70.70
71.06
71.40
71.75
72.11
72.47
72.83
73.18
73.54
73.92
74.26
74.61
75.00
75.35
75.72
76.09
76.47
76.87
77.26
77.65
78.01
78.36
78.72
79.09
79.44
79.78
80.16
80.54
80.93
81.32
81.80
82.29
82.78
83.32
83.85
84.37
84.87
85.36
85.84
86.36
86.87
87.37
87.86
88.39
88.91
89.47
90.00
90.52
91.12
91.68
92.28
92.86
93.41
93.99
94.56
95.14
95.71
96.27
96.83
97.38
97.96
98.66
99.36
100.03
100.70
101.38
102.06
102.75
103.44
104.03
104.58
105.16
105.77
106.36
106.97
107.61
108.25
108.87
109.51
110.12
110.72
111.32
111.91
112.50
113.08
113.68
114.29
114.92
115.54
116.09
116.62
117.16
117.70
118.21
118.75
119.28
119.81
120.36
120.88
121.43
121.90
122.39
122.89
123.38
123.88
124.37
124.92
125.48
126.04
126.60
127.15
127.73
128.33
128.92
129.56
130.21
130.84
131.48
132.12
132.75
133.39
134.01
134.65
135.33
135.99
136.64
137.30
137.97
138.63
139.30
139.95
140.60
141.25
141.90
142.55
143.15
143.77
144.38
145.01
145.62
146.20
146.80
147.40
147.99
148.60
149.20
149.79
150.35
150.88
151.43
152.04
152.65
153.23
153.83
154.44
155.02
155.62
156.22
156.83
157.43
158.02
158.60
159.17
159.76
160.33
160.91
161.49
162.08
162.68
163.28
163.87
164.46
165.05
165.66
