# Beats
0.36
0.73
1.10
1.47
1.85
2.22
2.53
2.86
3.18
3.51
3.83
4.20
4.62
5.02
5.46
5.94
6.39
6.85
7.33
7.87
8.39
8.92
9.44
9.91
10.43
10.94
11.45
12.03
12.60
13.13
13.72
14.29
14.85
15.35
15.89
16.38
16.88
17.37
17.88
18.40
18.90
19.46
20.02
20.58
21.15
21.73
22.36
23.01
23.64
24.24
24.83
25.45
26.08
26.68
27.24
27.77
28.29
28.84
29.37
29.95
30.53
31.14
31.72
32.25
32.79
33.34
33.90
34.48
35.04
35.57
36.18
36.78
37.38
37.95
38.57
39.14
39.66
40.17
40.69
41.26
41.81
42.31
42.84
43.37
43.94
44.47
44.98
45.49
46.02
46.53
47.09
47.65
48.20
48.75
49.27
49.83
50.36
50.92
51.47
52.11
52.76
53.36
53.97
54.59
55.22
55.87
56.47
57.05
57.61
58.10
58.56
59.05
59.54
60.00
60.49
60.94
61.44
61.89
62.36
62.81
63.27
63.73
64.21
64.69
65.16
65.63
66.11
66.56
67.09
67.62
68.13
68.68
69.20
69.71
70.22
70.75
71.40
72.01
72.63
73.26
73.86
74.49
75.10
75.74
76.38
77.00
77.62
78.25
78.84
79.44
80.06
80.63
81.18
81.71
82.25
82.78
83.31
83.85
84.43
84.99
85.57
86.10
86.66
87.20
87.77
88.31
88.86
89.44
89.98
90.53
91.08
91.68
92.23
92.81
93.39
93.96
94.55
95.11
95.69
96.29
96.78
97.25
97.74
98.23
98.77
99.27
99.75
100.24
100.75
101.24
101.70
102.19
102.66
103.12
103.58
104.05
104.54
105.02
105.48
105.95
106.43
106.88
107.35
107.81
108.29
108.79
109.27
109.76
110.26
110.78
111.30
111.83
112.34
112.81
113.34
113.82
114.36
114.89
115.40
115.90
116.30
116.72
117.17
117.49
117.82
118.17
118.49
118.83
119.13
119.50
119.84
120.16
120.56
120.95
121.37
121.74
122.13
122.53
122.95
123.41
123.86
124.32
124.83
125.27
125.75
126.20
126.69
127.16
127.66
128.15
128.66
129.15
129.64
130.15
130.66
131.17
131.66
132.19
132.70
133.21
133.72
134.21
134.68
135.16
135.65
136.14
136.61
137.07
137.53
138.02
138.44
138.83
139.26
139.67
140.04
140.43
140.81
141.15
141.50
141.85
142.21
142.66
143.10
143.52
143.96
144.47
144.97
145.47
145.98
146.52
147.02
147.53
148.00
148.46
148.96
149.42
149.90
150.37
150.86
151.35
151.81
152.29
152.78
153.31
153.81
154.31
154.82
155.33
155.84
156.36
156.89
157.41
157.92
158.43
158.94
159.45
159.96
160.47
160.89
161.31
161.73
162.13
162.54
162.95
163.35
163.68
164.04
164.36
164.64
165.00
165.37
165.72
166.05
166.41
166.72
167.02
167.32
167.62
167.96
168.26
168.59
168.90
169.24
169.58
169.90
170.20
170.52
170.83
171.14
171.46
171.78
172.12
172.41
172.73
173.07
173.38
173.73
174.06
174.41
174.80
175.17
175.54
175.96
176.36
176.73
177.12
177.49
177.89
178.28
178.65
179.00
179.37
179.72
180.12
180.49
180.85
181.21
181.56
181.93
182.33
182.79
183.23
183.69
184.13
184.62
185.09
185.53
