# Beats
0.57
1.14
1.71
2.28
2.86
3.44
4.04
4.60
5.18
5.76
6.36
6.99
7.62
8.21
8.80
9.40
9.98
10.50
10.98
11.49
12.03
12.56
13.05
13.58
14.12
14.65
15.14
15.65
16.14
16.65
17.14
17.65
18.13
18.66
19.14
19.62
20.09
20.53
20.99
21.46
21.90
22.34
22.78
23.24
23.71
24.20
24.66
25.15
25.61
26.10
26.56
27.03
27.47
27.93
28.49
29.02
29.56
30.09
30.63
31.11
31.65
32.18
32.72
33.25
33.80
34.28
34.81
35.29
35.77
36.25
36.69
37.18
37.62
38.08
38.58
39.06
39.52
40.01
40.50
40.97
41.45
41.96
42.45
42.91
43.39
43.91
44.40
44.90
45.43
45.93
46.42
46.90
47.42
47.93
48.45
48.97
49.48
49.97
50.46
50.97
51.47
51.94
52.45
52.94
53.45
53.94
54.44
54.92
55.38
55.87
56.32
56.80
57.26
57.72
58.19
58.63
59.09
59.58
60.05
60.53
61.03
61.49
61.94
62.42
62.84
63.32
63.76
64.20
64.68
65.17
65.69
66.22
66.78
67.34
67.87
68.41
68.94
69.50
70.03
70.59
71.15
71.73
72.31
72.89
73.47
74.07
74.65
75.23
75.77
76.30
76.88
77.37
77.86
78.34
78.83
79.32
79.78
80.25
80.71
81.18
81.64
82.11
82.57
83.06
83.59
84.17
84.75
85.31
85.87
86.37
86.89
87.40
87.93
88.44
88.98
89.47
89.93
90.38
90.86
91.37
91.86
92.39
92.95
93.48
94.06
94.60
95.25
95.88
96.49
97.08
97.70
98.36
99.06
99.67
100.23
100.83
101.38
101.89
102.40
102.89
103.38
103.89
104.39
104.87
105.40
105.88
106.37
106.89
107.37
107.86
108.32
108.81
109.31
109.78
110.29
110.81
111.27
111.76
112.29
112.80
113.29
113.78
114.25
114.71
115.17
115.66
116.22
116.80
117.38
117.96
118.55
119.07
119.62
120.16
120.67
121.21
121.72
122.21
122.72
123.25
123.74
124.23
124.74
125.20
125.67
126.18
126.64
127.15
127.67
128.17
128.68
129.17
129.66
130.15
130.64
131.13
131.60
132.10
132.57
133.10
133.58
134.12
134.63
135.14
135.53
135.98
136.44
136.86
137.28
137.67
138.07
138.48
138.90
139.31
139.71
140.16
140.57
140.97
141.36
141.76
142.20
142.64
143.06
143.48
143.89
144.27
144.64
145.03
145.41
145.82
146.26
146.73
147.19
147.66
148.07
148.54
148.99
149.39
149.84
150.23
150.65
151.05
151.44
151.86
152.28
152.74
153.27
153.82
154.34
154.90
155.45
155.97
156.53
157.04
157.59
158.15
