# Beats
0.48
0.96
1.45
1.93
2.46
3.00
3.52
4.03
4.54
5.05
5.56
6.07
6.58
7.09
7.60
8.13
8.65
9.16
9.68
10.22
10.74
11.26
11.78
12.31
12.83
13.35
13.87
14.38
14.90
15.41
15.93
16.45
16.97
17.48
17.98
18.48
18.99
19.49
19.99
20.50
21.00
21.50
22.00
22.50
23.00
23.50
24.00
24.49
24.98
25.47
25.96
26.45
26.97
27.49
28.01
28.54
29.06
29.58
30.09
30.60
31.11
31.70
32.28
32.87
33.46
34.06
34.68
35.29
35.92
36.54
37.16
37.79
38.42
39.02
39.62
40.22
40.81
41.40
41.98
42.57
43.17
43.76
44.36
45.00
45.64
46.29
46.95
47.58
48.20
48.82
49.42
50.03
50.63
51.20
51.79
52.40
52.99
53.58
54.16
54.74
55.32
55.93
56.47
57.00
57.54
58.14
58.75
59.35
59.94
60.53
61.14
61.75
62.37
62.88
63.40
63.90
64.40
64.89
65.38
65.88
66.39
66.95
67.54
68.12
68.68
69.25
69.82
70.38
70.94
71.48
72.04
72.60
73.12
73.64
74.16
74.70
75.22
75.74
76.27
76.79
77.28
77.75
78.23
78.70
79.11
79.51
79.91
80.29
80.69
81.07
81.46
81.84
82.22
82.60
83.00
83.38
83.77
84.14
84.51
84.87
85.24
85.61
86.00
86.38
86.76
87.13
87.50
87.88
88.25
88.62
88.99
89.36
89.72
90.09
90.46
90.85
91.23
91.61
92.00
92.38
92.76
93.15
93.53
93.90
94.27
94.64
95.03
95.41
95.78
96.15
96.53
96.89
97.26
97.62
97.98
98.35
98.72
99.09
99.46
99.85
100.23
100.61
101.00
101.38
101.75
102.12
102.49
102.86
103.24
103.61
103.98
104.35
104.72
105.11
105.49
105.87
106.25
106.64
107.02
107.40
107.79
108.16
108.53
108.90
109.28
109.67
110.05
110.42
110.81
111.20
111.60
111.99
112.38
112.77
113.14
113.51
113.88
114.25
114.63
115.00
115.36
115.72
116.09
116.46
116.82
117.19
117.56
117.93
118.31
118.68
119.06
119.43
119.80
120.17
120.56
120.94
121.32
121.71
122.09
122.47
122.85
123.22
123.60
123.98
124.38
124.77
125.20
125.62
126.04
126.46
126.86
127.25
127.64
128.03
128.43
128.81
129.20
129.58
129.96
130.35
130.74
131.13
131.53
131.92
132.32
132.70
133.10
133.49
133.87
134.26
134.65
135.04
135.43
135.83
136.22
136.63
137.03
137.44
137.83
138.23
138.61
138.99
139.37
139.74
140.11
140.48
140.85
141.24
141.61
141.98
142.36
142.73
143.12
143.49
143.86
144.24
144.61
144.99
145.37
145.74
146.11
146.48
146.85
147.23
147.60
147.97
148.35
148.74
149.11
149.48
149.85
150.24
150.64
151.03
151.44
151.85
152.24
152.62
153.01
153.39
153.79
154.18
154.58
154.96
155.33
155.71
156.10
156.48
156.85
157.23
157.61
157.99
158.37
158.75
159.15
159.53
159.92
160.30
160.69
161.09
161.47
161.87
162.26
162.64
163.02
163.39
163.76
164.14
164.52
164.90
165.27
165.65
166.03
166.41
166.79
167.16
167.53
167.90
168.29
168.67
169.04
169.41
169.78
170.17
170.55
170.93
171.33
171.71
172.09
172.51
172.92
173.34
173.74
174.17
174.59
175.01
175.44
175.86
176.27
176.70
177.15
177.60
178.05
178.48
178.91
179.34
179.77
180.15
180.54
180.92
181.30
181.67
182.04
182.40
182.76
183.14
183.51
183.88
184.25
184.62
185.00
185.40
185.79
186.19
186.57
186.97
187.35
187.74
188.14
188.53
188.94
189.34
189.72
190.10
190.50
190.88
191.27
191.68
192.06
192.45
192.83
193.25
193.67
194.08
194.50
194.87
195.26
195.63
196.01
196.39
196.78
197.17
197.57
197.96
198.38
198.79
199.18
199.59
199.99
200.39
200.79
201.21
201.61
202.00
202.39
202.77
203.15
203.52
203.91
204.28
204.65
205.02
205.39
205.76
206.14
206.51
206.88
207.26
207.63
208.00
208.39
208.76
209.13
209.50
209.87
210.25
210.63
211.01
211.43
211.82
212.22
212.66
213.10
213.53
213.96
214.34
214.71
215.10
215.49
215.89
216.28
216.67
217.05
217.43
217.81
218.20
218.57
218.94
219.31
219.68
220.06
220.43
220.80
221.18
221.61
222.04
222.47
222.90
223.32
223.74
224.15
224.58
225.00
225.43
225.86
226.30
226.74
227.18
227.57
227.96
228.35
228.74
229.10
229.45
229.80
230.16
230.52
230.86
231.20
231.54
231.89
232.25
232.61
232.97
233.35
233.72
234.09
234.46
234.85
235.24
235.64
236.02
236.40
236.79
237.16
237.54
237.92
238.29
238.67
239.05
239.43
239.83
240.21
240.59
240.99
241.38
241.78
242.17
242.54
242.92
243.29
243.66
244.03
244.40
244.76
245.13
245.50
245.88
246.24
246.61
246.99
247.36
247.75
248.13
248.50
248.87
249.27
249.65
250.02
250.40
250.79
251.17
251.56
251.97
252.38
252.76
253.13
253.50
253.88
254.25
254.62
255.00
255.38
255.76
256.14
256.51
256.89
257.28
257.66
258.04
258.43
258.80
259.17
259.55
260.12
260.70
261.27
261.86
262.47
263.06
263.65
264.23
264.81
265.39
265.97
266.55
267.13
267.73
268.32
268.91
269.42
269.91
270.40
270.90
271.41
271.92
272.44
272.96
273.50
274.02
274.53
275.04
275.55
276.06
276.56
277.07
