# Beats
0.45
0.91
1.36
1.81
2.28
2.74
3.15
3.55
3.96
4.37
4.77
5.18
5.60
6.00
6.41
6.80
7.22
7.63
8.03
8.45
8.87
9.29
9.72
10.12
10.53
10.94
11.35
11.76
12.17
12.57
12.99
13.40
13.80
14.21
14.63
15.05
15.46
15.87
16.28
16.70
17.11
17.54
17.97
18.39
18.80
19.20
19.62
20.04
20.46
20.87
21.29
21.71
22.14
22.57
23.01
23.44
23.89
24.33
24.79
25.24
25.69
26.15
26.59
27.05
27.49
27.92
28.35
28.79
29.21
29.63
30.07
30.50
30.93
31.35
31.76
32.18
32.60
33.04
33.48
33.95
34.35
34.76
35.19
35.62
36.00
36.39
36.77
37.14
37.50
37.86
38.22
38.58
38.93
39.28
39.62
39.97
40.32
40.67
41.02
41.38
41.75
42.12
42.49
42.86
43.29
43.72
44.14
44.56
44.95
45.36
45.77
46.18
46.60
47.03
47.46
47.89
48.31
48.72
49.09
49.47
49.86
50.25
50.64
51.04
51.44
51.85
52.24
52.64
53.03
53.43
53.81
54.20
54.58
54.96
55.33
55.73
56.13
56.59
57.06
57.52
57.98
58.44
58.91
59.37
59.83
60.28
60.73
61.28
61.83
62.42
62.97
63.55
64.12
64.70
65.29
65.89
66.48
67.06
67.64
68.22
68.78
69.33
69.89
70.45
71.01
71.56
72.10
72.64
73.20
73.77
74.43
75.09
75.81
76.53
77.25
78.00
78.73
79.44
80.16
80.89
81.59
82.31
83.01
83.68
84.38
84.99
85.59
86.18
86.77
87.35
87.93
88.54
89.14
89.69
90.26
90.80
91.35
91.90
92.46
93.02
93.56
94.15
94.74
95.32
95.89
96.46
97.01
97.59
98.15
98.73
99.31
99.88
100.45
101.03
101.52
102.01
102.52
103.03
103.55
104.14
104.73
105.30
105.89
106.48
107.04
107.61
108.18
108.74
109.28
109.83
110.29
110.78
111.25
111.65
112.05
112.43
112.83
113.21
113.59
113.98
114.36
114.74
115.12
115.51
115.89
116.26
116.65
117.05
117.45
117.84
118.22
118.61
118.99
119.37
119.77
120.17
120.57
120.95
121.35
121.74
122.18
122.62
123.05
123.48
123.92
124.35
124.78
125.20
125.62
126.04
126.47
126.90
127.33
127.80
128.27
128.73
129.21
129.78
130.33
130.91
131.49
132.08
132.66
133.24
133.82
134.37
134.95
135.53
136.13
136.72
137.31
137.90
138.50
139.09
139.68
140.26
140.85
141.44
142.04
142.64
143.17
143.69
144.22
144.75
145.29
145.81
146.34
146.89
147.42
147.96
148.48
149.00
149.51
150.05
150.58
151.12
151.60
152.09
152.57
153.04
153.53
154.01
154.48
154.95
155.42
155.90
156.35
156.80
157.29
157.71
158.14
158.56
159.01
159.46
159.92
160.37
160.81
161.25
161.69
162.13
162.57
163.00
