# Beats
0.62
1.23
1.83
2.45
3.10
3.75
4.39
5.04
5.69
6.34
7.00
7.64
8.30
8.95
9.59
10.23
10.89
11.54
12.20
12.85
13.50
14.15
14.79
15.44
16.11
16.76
17.41
18.08
18.73
19.37
20.03
20.69
21.34
21.99
22.63
23.27
23.92
24.56
25.18
25.82
26.47
27.12
27.77
28.41
29.05
29.69
30.34
30.99
31.64
32.29
32.94
33.59
34.23
34.86
35.50
36.15
36.79
37.44
38.08
38.74
39.42
40.12
40.82
41.53
42.14
42.76
43.28
43.80
44.33
44.83
45.31
45.80
46.28
46.75
47.24
47.67
48.10
48.53
48.96
49.35
49.75
50.14
50.53
50.91
51.28
51.68
52.06
52.44
52.83
53.20
53.57
53.94
54.32
54.71
55.10
55.50
55.88
56.26
56.65
57.04
57.42
57.81
58.20
58.58
58.97
59.36
59.78
60.19
60.59
60.99
61.37
61.75
62.14
62.53
62.94
63.34
63.75
64.16
64.56
64.97
65.38
65.72
66.07
66.41
66.76
67.09
67.43
67.78
68.13
68.49
68.85
69.20
69.54
69.92
70.29
70.66
71.02
71.40
71.77
72.14
72.53
72.92
73.32
73.69
74.07
74.45
74.83
75.20
75.58
75.96
76.34
76.72
77.10
77.51
77.91
78.32
78.74
79.17
79.60
80.04
80.55
81.05
81.55
82.06
82.58
83.10
83.63
84.14
84.66
85.10
85.54
85.98
86.45
86.90
87.34
87.78
88.22
88.65
89.08
89.51
89.94
90.38
90.84
91.28
91.73
92.15
92.55
92.96
93.37
93.76
94.16
94.54
94.95
95.34
95.72
96.13
96.53
96.92
97.31
97.71
98.09
98.49
98.88
99.28
99.67
100.07
100.46
100.86
101.25
101.65
102.05
102.45
102.84
103.24
103.62
104.01
104.41
104.80
105.20
105.59
105.99
106.39
106.79
107.18
107.59
107.98
108.39
108.79
109.19
109.59
109.99
110.39
110.79
111.20
111.61
112.01
112.41
112.79
113.19
113.58
113.96
114.36
114.75
115.15
115.54
115.97
116.38
116.78
117.18
117.76
118.34
118.94
119.56
120.17
120.77
121.37
121.99
122.59
123.19
123.80
124.40
124.83
125.21
125.60
125.98
126.35
126.73
127.13
127.54
127.94
128.35
128.75
129.16
129.56
129.96
130.37
130.77
131.16
131.55
131.95
132.33
132.71
133.11
133.49
133.89
134.27
134.66
135.06
135.47
135.87
136.28
136.67
137.07
137.47
137.87
138.26
138.66
139.05
139.45
139.84
140.24
140.64
141.04
141.43
141.84
142.25
142.65
143.05
143.44
143.85
144.24
144.65
145.07
145.47
145.91
146.36
146.80
147.20
147.61
148.02
148.42
148.84
149.26
149.68
150.09
150.50
150.91
151.31
151.72
152.13
152.52
152.93
153.31
153.70
154.10
154.49
154.89
155.28
155.68
156.05
156.42
156.79
157.18
157.58
157.99
158.39
158.81
159.28
159.75
160.24
160.72
161.19
161.66
162.13
162.61
163.07
163.55
164.04
164.52
165.01
165.50
165.98
166.48
166.97
167.47
168.03
168.58
169.13
169.73
170.33
170.99
171.65
172.30
172.95
173.60
174.25
174.90
