# Beats
0.45
0.92
1.38
1.85
2.31
2.77
3.24
3.70
4.16
4.59
5.02
5.43
5.85
6.30
6.78
7.24
7.71
8.17
8.64
9.09
9.54
10.01
10.47
10.91
11.38
11.89
12.39
12.89
13.42
13.98
14.54
15.08
15.63
16.16
16.70
17.25
17.80
18.36
18.92
19.48
20.04
20.57
21.12
21.69
22.24
22.71
23.16
23.61
24.07
24.52
24.96
25.41
25.87
26.33
26.80
27.25
27.70
28.14
28.67
29.18
29.69
30.19
30.67
31.17
31.67
32.17
32.68
33.12
33.55
33.98
34.41
34.83
35.26
35.69
36.13
36.57
37.02
37.47
37.89
38.35
38.80
39.23
39.66
40.08
40.52
40.96
41.39
41.80
42.21
42.64
43.08
43.51
43.93
44.35
44.77
45.19
45.62
46.05
46.49
46.93
47.38
47.79
48.19
48.61
48.97
49.37
49.76
50.13
50.50
50.90
51.29
51.70
52.11
52.50
52.91
53.31
53.80
54.30
54.80
55.34
55.89
56.42
57.04
57.66
58.31
58.93
59.56
60.16
60.79
61.41
62.01
62.62
63.26
63.90
64.56
65.22
65.85
66.46
67.07
67.69
68.31
68.93
69.56
70.22
70.86
71.49
72.11
72.70
73.31
73.93
74.56
75.17
75.78
76.41
77.04
77.69
78.37
79.01
79.66
80.33
81.00
81.66
82.33
82.99
83.66
84.33
84.90
85.45
86.01
86.54
87.07
87.63
88.21
88.78
89.30
89.83
90.35
90.81
91.28
91.74
92.25
92.76
93.26
93.76
94.25
94.75
95.25
95.77
96.28
96.80
97.31
97.80
98.32
98.86
99.38
99.89
100.43
100.95
101.47
102.02
102.54
103.07
103.61
104.10
104.58
105.07
105.56
106.03
106.51
106.99
107.40
107.81
108.22
108.60
108.98
109.38
109.76
110.14
110.53
110.92
111.33
111.73
112.13
112.52
112.93
113.32
113.71
114.09
114.50
114.87
115.26
115.66
116.11
116.56
117.01
117.45
117.89
118.33
118.77
119.19
119.61
120.02
120.37
120.73
121.08
121.42
121.75
122.09
122.43
122.76
123.10
123.44
123.77
124.11
124.46
124.81
125.16
125.49
125.85
126.20
126.55
126.91
127.26
127.62
127.97
128.29
128.65
129.01
129.40
129.80
130.22
130.60
131.05
131.49
131.94
132.40
132.84
133.28
133.72
134.19
134.65
135.13
135.63
136.12
136.60
137.08
137.56
138.04
138.53
139.02
139.52
139.99
140.48
140.97
141.46
141.94
142.42
142.94
143.45
143.96
144.47
144.99
145.51
146.05
146.61
147.12
147.61
148.12
148.61
149.10
149.59
150.07
150.53
151.01
151.49
151.96
152.44
152.90
153.38
153.86
154.32
154.77
155.23
155.69
156.11
156.53
156.94
157.36
157.80
158.22
158.64
159.05
159.46
159.87
160.29
160.69
161.11
161.54
161.96
162.38
162.78
163.19
163.57
163.98
164.39
164.78
165.21
165.62
166.02
166.44
166.87
167.30
