# Beats
0.56
1.11
1.68
2.25
2.81
3.34
3.89
4.44
4.95
5.46
5.94
6.44
6.94
7.43
7.92
8.42
8.93
9.45
9.95
10.43
10.89
11.37
11.85
12.32
12.79
13.27
13.70
14.12
14.54
14.98
15.38
15.80
16.21
16.72
17.24
17.76
18.27
18.76
19.27
19.76
20.25
20.75
21.25
21.76
22.28
22.69
23.08
23.49
23.88
24.26
24.67
25.08
25.43
25.77
26.11
26.45
26.80
27.13
27.46
27.79
28.14
28.48
28.82
29.14
29.47
29.79
30.12
30.45
30.79
31.11
31.49
31.86
32.23
32.69
33.13
33.56
34.02
34.55
35.09
35.61
36.13
36.66
37.20
37.73
38.28
38.79
39.30
39.81
40.33
40.87
41.38
41.89
42.40
42.92
43.46
43.98
44.50
45.02
45.55
46.07
46.58
47.10
47.62
48.16
48.67
49.18
49.69
50.22
50.74
51.23
51.73
52.27
52.80
53.34
53.88
54.42
54.97
55.52
56.06
56.63
57.21
57.78
58.26
58.72
59.19
59.61
60.01
60.44
60.85
61.23
61.63
62.02
62.42
62.81
63.22
63.60
63.98
64.38
64.76
65.14
65.53
65.90
66.28
66.69
67.08
67.48
67.87
68.27
68.64
69.01
69.38
69.75
70.11
70.47
70.84
71.22
71.56
71.92
72.28
72.62
72.98
73.34
73.70
74.05
74.42
74.78
75.14
75.51
75.91
76.29
76.67
77.07
77.46
77.86
78.25
78.63
79.02
79.41
79.80
80.18
80.56
80.94
81.32
81.69
82.06
82.44
82.83
83.24
83.66
84.07
84.47
84.89
85.31
85.73
86.12
86.52
86.91
87.31
87.70
88.12
88.51
88.92
89.32
89.72
90.14
90.56
90.96
91.37
91.78
92.22
92.67
93.11
93.55
93.99
94.45
94.89
95.27
95.64
96.03
96.41
96.79
97.20
97.59
97.99
98.36
98.74
99.11
99.57
100.02
100.48
100.94
101.38
101.82
102.26
102.71
103.17
103.62
104.16
104.70
105.23
105.78
106.32
106.86
107.30
107.73
108.16
108.59
109.02
109.46
109.90
110.34
110.78
111.24
111.66
112.09
112.51
112.93
113.36
113.78
114.22
114.66
115.11
115.57
116.04
116.49
116.95
117.40
117.86
118.31
118.76
119.28
119.79
120.30
120.81
121.32
121.84
122.30
122.76
123.24
123.72
124.19
124.67
125.13
125.59
126.05
126.51
126.99
127.48
127.97
128.43
128.91
129.38
129.88
130.36
130.83
131.29
131.75
132.23
132.63
133.05
133.46
133.86
134.27
134.68
135.09
135.52
135.93
136.34
136.86
137.37
137.88
138.40
138.94
139.46
139.97
140.49
141.01
141.53
142.04
142.56
143.06
143.58
144.10
144.61
145.12
145.64
146.15
146.66
147.21
147.77
148.34
148.94
149.54
150.12
150.70
151.28
151.88
152.47
153.14
153.80
154.46
155.11
155.76
156.41
157.06
157.71
158.38
