# Beats
0.73
1.46
2.19
2.93
3.67
4.41
5.13
5.84
6.50
7.16
7.85
8.53
9.22
9.91
10.60
11.28
11.95
12.60
13.26
13.91
14.56
15.21
15.87
16.53
17.18
17.83
18.48
19.13
19.78
20.45
21.10
21.72
22.37
23.02
23.68
24.35
25.00
25.65
26.31
26.97
27.61
28.26
28.90
29.55
30.21
30.86
31.50
32.14
32.79
33.43
34.08
34.73
35.39
36.05
36.69
37.34
37.99
38.63
39.28
39.93
40.58
41.24
41.90
42.56
43.21
43.86
44.51
45.15
45.80
46.45
47.10
47.75
48.41
49.08
49.73
50.38
51.01
51.66
52.31
52.98
53.63
54.28
54.94
55.54
56.16
56.78
57.41
58.03
58.64
59.27
