# Beats
0.36
0.72
1.08
1.44
1.80
2.16
2.52
2.88
3.26
3.65
4.03
4.46
4.86
5.27
5.69
6.16
6.63
7.09
7.56
8.02
8.49
8.95
9.42
9.86
10.30
10.74
11.18
11.62
12.10
12.57
13.05
13.56
14.07
14.58
15.14
15.69
16.23
16.83
17.45
18.05
18.67
19.27
19.88
20.48
21.08
21.69
22.28
22.88
23.50
24.02
24.56
25.09
25.61
26.13
26.66
27.17
27.68
28.19
28.71
29.22
29.73
30.24
30.75
31.24
31.74
32.24
32.73
33.22
33.70
34.19
34.68
35.17
35.79
36.42
37.06
37.74
38.42
39.09
39.76
40.40
41.04
41.69
42.33
42.98
43.62
44.26
44.91
45.56
46.25
46.96
47.66
48.37
49.10
49.83
50.53
51.22
51.91
52.59
53.28
53.92
54.57
55.23
55.88
56.53
57.17
57.81
58.44
59.08
59.71
60.35
60.93
61.49
62.06
62.61
63.17
63.73
64.28
64.84
65.46
66.06
66.65
67.23
67.81
68.36
68.89
69.42
69.85
70.26
70.68
71.10
71.52
71.92
72.34
72.76
73.18
73.58
73.99
74.40
74.80
75.21
75.62
76.01
76.41
76.81
77.22
77.68
78.16
78.63
79.17
79.70
80.24
80.77
81.30
81.80
82.30
82.80
83.29
83.78
84.27
84.76
85.25
85.73
86.22
86.70
87.20
87.68
88.14
88.60
89.05
89.50
89.95
90.40
90.85
91.30
91.74
92.19
92.65
93.10
93.56
94.03
94.49
94.96
95.40
95.85
96.30
96.76
97.21
97.65
98.09
98.53
98.98
99.42
99.87
100.32
100.76
101.31
101.85
102.40
102.96
103.51
104.05
104.59
105.14
105.72
106.30
106.88
107.50
108.10
108.70
109.31
109.91
110.46
111.00
111.54
112.08
112.62
113.15
113.68
114.22
114.76
115.31
115.86
116.32
116.78
117.25
117.67
118.10
118.51
118.93
119.35
119.77
120.19
120.62
121.03
121.46
121.92
122.37
122.82
123.27
123.73
124.18
124.63
125.09
