# Beats
0.56
1.11
1.68
2.16
2.65
3.15
3.65
4.16
4.64
5.13
5.62
6.13
6.59
7.05
7.48
7.93
8.36
8.80
9.24
9.71
10.15
10.68
11.23
11.89
12.56
13.24
13.92
14.58
15.23
15.88
16.53
17.18
17.83
18.48
19.14
19.76
20.39
20.93
21.47
22.00
22.52
23.06
23.59
24.13
24.64
25.17
25.70
26.24
26.82
27.39
27.97
28.55
29.12
29.70
30.27
30.85
31.37
31.89
32.42
32.84
33.27
33.68
34.10
34.50
34.90
35.31
35.71
36.13
36.52
36.93
37.34
37.76
38.17
38.59
39.01
39.43
39.82
40.24
40.66
41.10
41.54
42.12
42.68
43.26
43.82
44.38
44.95
45.51
46.09
46.68
47.25
47.95
48.65
49.32
49.99
50.69
51.36
52.01
52.66
53.30
53.96
54.61
55.29
55.94
56.58
57.21
57.84
58.50
59.16
59.83
60.46
61.09
61.77
62.40
63.03
63.65
64.27
64.88
65.50
66.13
66.75
67.31
67.87
68.43
68.97
69.52
70.05
70.60
71.15
71.73
72.30
72.86
73.42
73.98
74.56
75.12
75.69
76.27
76.83
77.39
77.95
78.50
79.06
79.62
80.18
80.71
81.26
81.80
82.36
82.92
83.45
84.00
84.54
85.08
85.64
86.17
86.65
87.12
87.60
87.98
88.35
88.72
89.07
89.42
89.77
90.14
90.49
90.84
91.18
91.53
91.89
92.31
92.74
93.16
93.66
94.16
94.68
95.32
95.94
96.57
97.18
97.78
98.41
99.03
99.64
100.24
100.84
101.45
102.06
102.70
103.33
103.96
104.56
105.19
105.81
106.44
107.02
107.60
108.18
108.76
109.34
109.91
110.39
110.88
111.37
111.83
112.27
112.73
113.20
113.66
114.11
114.57
115.02
115.50
115.94
116.38
116.80
117.19
117.59
117.98
118.40
118.79
119.18
119.54
119.88
120.23
120.58
120.94
121.30
121.64
121.97
122.32
122.68
123.04
123.41
123.77
124.13
124.51
124.88
125.25
125.60
125.97
126.34
126.71
127.09
127.47
127.88
128.31
128.73
129.15
129.57
129.99
130.40
130.80
