# Beats
0.49
0.99
1.47
1.97
2.47
2.97
3.42
3.88
4.33
4.78
5.24
5.69
6.14
6.61
7.06
7.53
8.01
8.48
9.00
9.52
10.05
10.57
11.08
11.60
12.11
12.62
13.13
13.63
14.14
14.66
15.13
15.60
16.07
16.56
17.03
17.51
18.00
18.49
18.98
19.49
19.99
20.50
21.01
21.52
22.02
22.52
23.02
23.53
24.00
24.47
24.94
25.40
25.87
26.33
26.80
27.26
27.71
28.17
28.63
29.11
29.58
30.08
30.56
31.05
31.54
32.03
32.53
33.02
33.52
34.01
34.49
34.98
35.47
35.94
36.43
36.92
37.41
37.89
38.37
38.86
39.35
39.83
40.33
40.83
41.33
41.81
42.30
42.77
43.26
43.76
44.25
44.71
45.19
45.66
46.13
46.58
47.04
47.51
47.91
48.32
48.73
49.13
49.53
49.93
50.34
50.76
51.18
