# Beats
0.36
0.72
1.09
1.46
1.83
2.21
2.59
2.96
3.34
3.70
4.08
4.45
4.81
5.18
5.55
5.92
6.29
6.66
7.04
7.41
7.78
8.15
8.53
8.90
9.26
9.64
10.01
10.38
10.75
11.12
11.49
11.87
12.24
12.61
12.98
13.35
13.73
14.09
14.45
14.81
15.17
15.55
15.92
16.28
16.65
17.02
17.39
17.75
18.12
18.49
18.87
19.24
19.62
20.00
20.38
20.75
21.12
21.50
21.88
22.27
22.64
23.02
23.39
23.78
24.16
24.53
24.90
25.26
25.62
25.99
26.35
26.71
27.13
27.56
27.99
28.41
28.84
29.27
29.69
30.06
30.43
30.80
31.18
31.56
31.94
32.31
32.68
33.04
33.41
33.79
34.16
34.52
34.89
35.26
35.63
36.00
36.37
36.75
37.12
37.48
37.85
38.22
38.59
38.97
39.36
39.73
40.10
40.46
40.82
41.18
41.55
41.92
42.30
42.67
43.04
43.40
43.77
44.13
44.50
44.87
45.24
45.62
45.99
46.36
46.72
47.10
47.48
47.87
48.25
48.65
49.03
49.42
49.81
50.19
50.56
50.92
51.28
51.64
52.01
52.38
52.76
53.13
53.49
53.84
54.21
54.58
54.95
55.33
55.70
56.08
56.45
56.83
57.21
57.60
57.99
58.40
58.80
59.21
59.61
59.99
60.37
60.76
61.13
61.49
61.86
62.23
62.61
62.98
63.34
63.70
64.06
64.42
64.78
65.14
65.52
65.89
66.26
66.62
66.98
67.35
67.72
68.09
68.46
68.84
69.21
69.57
69.94
70.31
70.67
71.03
71.39
71.76
72.12
72.49
72.85
73.21
73.58
73.94
74.30
74.66
75.02
75.38
75.74
76.12
76.47
76.83
77.21
77.57
77.93
78.29
78.66
79.03
79.39
79.76
80.12
80.48
80.85
81.21
81.58
81.94
82.30
82.67
83.05
83.41
83.78
84.14
84.49
84.85
85.22
85.58
85.94
86.30
86.67
87.04
87.40
87.76
88.12
88.48
88.84
89.20
89.56
89.92
90.28
90.64
91.00
91.36
91.72
92.08
92.44
92.81
93.18
93.55
93.91
94.28
94.64
95.00
95.36
95.72
96.10
96.47
96.85
97.23
97.63
98.02
98.46
98.89
99.32
99.76
100.19
100.62
101.05
101.46
101.88
102.30
102.71
103.12
103.53
103.93
104.34
104.75
105.15
105.55
105.94
106.35
106.77
107.18
107.60
108.02
108.44
108.86
109.27
109.68
110.10
110.50
110.93
111.35
111.78
112.22
112.65
113.06
113.48
113.88
114.29
114.69
115.11
115.52
115.94
116.34
116.75
117.16
117.56
117.96
118.38
118.78
119.19
119.59
120.01
120.42
120.84
121.24
121.65
122.07
122.47
122.88
123.29
123.70
124.11
124.53
124.96
125.38
125.81
126.24
126.65
127.08
127.50
127.92
128.35
128.77
129.18
129.61
130.04
130.46
130.89
131.32
131.75
132.17
132.60
133.03
133.45
133.86
134.29
134.71
135.14
135.56
135.98
136.39
136.82
137.25
137.68
138.10
138.52
138.94
139.37
139.80
140.23
140.65
141.08
141.51
141.93
142.35
142.78
143.21
143.64
144.06
144.47
144.90
145.32
145.73
146.15
146.56
146.99
147.42
147.85
148.28
148.71
149.14
149.57
149.99
150.42
150.85
151.27
151.70
152.11
152.53
152.96
153.39
153.81
154.24
154.64
155.05
155.45
155.85
156.26
156.67
157.07
157.48
157.85
158.22
158.58
158.94
159.31
159.68
160.06
160.42
160.77
161.13
161.51
161.88
162.25
162.63
163.02
163.39
163.75
164.11
164.48
164.85
165.22
165.60
165.99
166.37
166.74
167.13
167.50
167.88
168.26
168.63
169.02
169.40
169.78
170.18
170.59
170.98
171.39
171.78
172.18
172.57
172.95
173.33
173.70
174.07
174.44
174.80
175.17
175.54
175.91
176.29
176.66
177.03
177.40
177.77
178.13
178.50
178.87
179.25
179.62
179.99
180.36
180.74
181.12
181.49
181.85
182.21
182.58
182.95
183.32
183.69
184.06
184.45
184.83
185.20
185.57
185.96
186.34
186.73
187.13
187.49
187.87
188.26
188.64
189.03
189.42
189.79
190.15
190.52
190.88
191.24
191.61
191.98
192.34
192.73
193.10
193.48
193.88
194.27
194.65
195.04
195.41
195.78
196.15
196.52
196.89
197.27
197.64
198.01
198.39
198.76
199.13
199.52
199.90
200.27
200.64
201.02
201.39
201.76
202.13
202.51
202.88
203.26
203.64
204.01
204.38
204.75
205.13
205.50
205.87
206.24
206.61
206.97
207.34
207.71
208.09
208.45
208.82
209.19
209.56
209.93
210.30
210.67
211.05
211.42
211.79
212.16
212.53
212.92
213.30
213.67
214.05
214.45
214.87
215.48
216.06
216.63
217.19
217.76
218.31
218.87
219.44
220.01
220.58
221.15
221.72
222.27
222.84
223.25
223.67
224.07
224.46
224.84
225.22
225.61
226.00
226.38
226.77
227.15
227.52
227.89
228.26
228.64
229.01
229.38
229.75
230.12
230.49
230.86
231.24
231.61
231.98
232.35
232.72
233.08
233.45
233.82
234.20
234.57
234.95
235.33
235.71
236.08
236.45
236.82
237.19
237.57
237.96
238.33
238.70
239.07
239.46
239.85
240.25
240.65
241.08
241.51
241.93
242.35
242.75
243.16
243.55
243.95
244.34
244.74
245.13
245.50
245.89
246.27
246.64
247.03
247.42
247.81
248.23
248.66
249.09
249.52
249.94
250.37
250.80
251.23
251.66
252.09
252.53
253.00
253.47
253.95
254.41
254.86
255.32
255.77
256.22
256.68
257.13
257.57
258.01
258.45
258.88
259.32
259.75
260.18
260.61
261.04
261.48
261.90
262.32
262.75
263.16
263.59
264.02
264.45
264.88
265.30
265.72
266.14
266.55
266.97
267.40
267.92
268.46
268.98
269.50
270.02
270.55
271.07
271.59
272.10
272.61
273.12
273.65
274.17
274.70
275.23
275.74
276.25
276.77
277.28
277.80
278.38
278.96
279.53
280.10
280.67
281.24
281.81
282.37
282.91
283.47
284.03
284.58
285.14
285.68
286.20
286.73
287.29
287.85
288.40
288.96
289.52
290.08
290.63
291.19
291.78
292.37
292.95
293.55
294.14
294.73
295.32
295.92
296.50
297.08
297.68
298.27
298.85
299.44
300.04
300.70
301.36
302.01
302.66
303.42
304.17
304.92
305.69
306.41
307.11
307.82
308.52
309.32
310.14
310.94
311.74
312.54
313.34
