# Beats
0.68
1.38
2.08
2.74
3.39
4.06
4.76
5.46
6.16
6.87
7.51
8.20
8.87
9.45
10.05
10.61
11.20
11.83
12.40
12.98
13.49
13.96
14.44
14.93
15.43
15.92
16.35
16.79
17.26
17.72
18.18
18.61
19.05
19.53
19.97
20.43
20.90
21.34
21.80
22.24
22.69
23.13
23.55
23.99
24.45
24.90
25.31
25.70
26.09
26.42
26.75
27.10
27.43
27.82
28.19
28.54
28.86
29.16
29.51
29.91
30.31
30.75
31.16
31.63
32.08
32.53
32.95
33.37
33.79
34.24
34.70
35.13
35.55
35.94
36.37
36.80
37.20
37.62
38.03
38.45
38.96
39.49
39.94
40.38
40.84
41.31
41.77
42.21
42.68
43.12
43.58
44.07
44.54
44.98
45.42
45.84
46.25
46.63
47.01
47.44
47.83
48.22
48.62
49.06
49.46
49.88
50.29
50.74
51.18
51.66
52.12
52.57
53.01
53.48
53.94
54.38
54.80
55.31
55.82
56.33
56.94
57.53
58.14
58.72
59.30
59.88
60.49
61.05
61.56
62.11
62.62
63.16
63.67
64.20
64.71
65.20
65.64
66.13
66.62
67.11
67.59
68.10
68.57
69.08
69.56
70.10
70.66
71.19
71.66
72.12
72.60
73.07
73.54
74.05
74.51
74.98
75.44
75.84
76.23
76.60
77.00
77.44
77.88
78.32
78.74
79.18
79.57
79.97
80.39
80.81
81.22
81.64
82.11
82.52
82.92
83.36
83.82
84.29
84.80
85.29
85.73
86.19
86.66
87.10
87.54
87.98
88.42
88.91
89.42
89.95
90.44
90.98
91.53
92.09
92.65
93.20
93.83
94.44
95.04
95.65
96.25
96.83
97.43
98.03
98.62
99.20
99.89
100.57
101.25
101.89
102.54
103.19
103.84
104.42
104.97
105.50
106.07
106.63
107.16
107.72
108.25
108.79
109.34
109.88
110.32
110.74
111.18
111.63
112.04
112.45
112.88
113.27
113.66
114.06
114.47
114.90
115.30
115.71
116.20
116.63
117.08
117.70
118.33
118.93
119.58
120.26
120.93
121.60
122.23
122.86
123.50
124.10
124.73
125.34
125.96
126.50
127.05
127.59
128.19
128.78
129.37
129.95
130.51
131.08
131.61
132.17
132.66
133.17
133.70
134.23
134.79
135.33
135.87
136.44
136.96
137.51
138.07
138.58
139.09
139.62
140.16
140.70
141.25
141.83
142.37
142.90
143.45
143.99
144.54
145.10
145.68
146.22
146.75
147.30
147.86
148.46
149.00
149.56
150.07
150.63
151.21
151.74
152.28
152.83
153.37
153.90
154.48
155.04
155.57
156.11
156.67
157.26
157.78
158.34
158.94
159.59
160.22
160.89
161.54
162.17
162.82
163.47
164.12
164.75
165.40
166.06
166.75
167.42
168.08
