# Beats
0.43
0.86
1.29
1.72
2.11
2.53
2.94
3.37
3.78
4.20
4.62
5.03
5.43
5.83
6.22
6.62
7.04
7.43
7.85
8.25
8.65
9.07
9.47
9.89
10.32
10.74
11.15
11.54
11.95
12.35
12.77
13.19
13.61
14.02
14.42
14.81
15.21
15.63
16.06
16.49
16.90
17.35
17.77
18.18
18.58
18.98
19.39
19.80
20.20
20.62
21.04
21.46
21.85
22.24
22.63
23.01
23.39
23.77
24.17
24.59
25.01
25.40
25.80
26.19
26.58
26.97
27.35
27.75
28.12
28.50
28.89
29.28
29.69
30.09
30.51
30.91
31.35
31.79
32.24
32.67
33.05
33.44
33.83
34.20
34.57
34.95
35.32
35.74
36.15
36.57
36.99
37.42
37.84
38.25
38.66
39.07
39.49
39.90
40.31
40.73
41.15
41.61
42.06
42.50
42.96
43.37
43.78
44.19
44.61
45.05
45.49
45.93
46.37
46.80
47.21
47.62
48.05
48.48
48.90
49.33
49.74
50.16
50.57
51.00
51.43
51.86
52.27
52.69
53.12
53.52
53.91
54.29
54.68
55.08
55.46
55.86
56.24
56.61
56.98
57.35
57.71
58.12
58.54
58.94
59.35
59.76
60.16
60.57
60.98
61.38
61.79
62.18
62.62
63.07
63.53
63.98
64.44
64.90
65.36
65.82
66.27
66.71
67.18
67.64
68.10
68.58
69.06
69.52
69.97
70.43
70.89
71.35
71.82
72.27
72.72
73.17
73.61
74.07
74.54
75.00
75.45
75.91
76.35
76.80
77.25
77.74
78.20
78.67
79.12
79.56
80.00
80.46
80.91
81.39
81.85
82.30
82.76
83.20
83.66
84.13
84.59
85.05
85.50
85.95
86.40
86.87
87.33
87.79
88.26
88.72
89.16
89.59
90.02
90.45
90.91
91.35
91.79
92.21
92.65
93.08
93.52
93.96
94.41
94.87
95.36
95.85
96.35
96.87
97.41
97.95
98.50
99.04
99.57
100.09
100.61
101.15
101.67
102.19
102.73
103.26
103.78
104.30
104.83
105.35
105.86
106.37
106.88
107.39
107.91
108.44
108.87
109.30
109.73
110.16
110.57
110.99
111.41
111.78
112.15
112.51
112.88
113.27
113.65
114.04
114.44
114.85
115.22
115.59
115.97
116.36
116.73
117.10
117.48
117.86
118.24
118.61
119.00
119.37
119.76
120.16
120.56
120.95
121.35
121.74
122.25
122.79
123.30
123.86
124.41
124.95
125.46
125.98
126.54
127.08
127.63
128.17
128.73
129.28
129.76
130.24
130.73
131.17
131.61
132.04
132.46
132.89
133.31
133.72
134.10
134.48
134.86
135.23
135.60
135.96
136.35
136.72
137.09
137.46
137.83
138.22
138.59
138.96
139.32
139.69
140.07
140.46
140.86
141.26
141.65
142.04
142.43
142.85
143.28
143.70
144.10
144.51
144.94
145.37
145.74
146.12
146.49
146.85
147.21
147.59
147.93
148.28
148.63
148.98
149.34
149.72
150.09
150.47
150.83
151.20
151.67
152.15
152.60
153.10
153.60
154.11
154.56
155.02
155.48
155.95
156.40
156.84
157.29
157.73
158.19
158.64
159.10
159.56
160.01
160.47
160.94
161.40
161.87
162.38
162.89
163.47
164.03
164.59
165.16
165.76
166.34
166.91
167.49
168.04
168.61
169.17
169.74
170.31
170.88
171.48
172.11
172.73
173.36
173.96
174.57
175.17
175.66
176.16
176.65
177.10
177.56
178.00
178.46
178.91
179.36
179.84
180.29
180.74
181.20
181.66
182.11
182.58
183.04
183.51
183.97
184.44
184.89
185.34
185.79
186.25
186.69
187.14
187.61
188.08
188.53
189.00
189.45
189.90
190.40
190.89
191.38
191.90
192.42
192.95
193.52
194.08
194.65
195.22
195.79
196.35
196.91
197.46
198.04
198.61
199.18
199.76
200.34
200.92
201.50
202.08
202.64
203.20
203.77
204.34
204.89
205.46
206.03
206.61
207.18
207.75
208.31
208.88
209.54
210.19
210.85
211.49
212.14
212.79
