# Beats
0.52
1.06
1.59
2.12
2.66
3.25
3.83
4.38
4.92
5.46
6.01
6.55
7.08
7.63
8.19
8.73
9.29
9.83
10.39
10.91
11.44
11.97
12.47
12.98
13.47
13.98
14.49
15.02
15.56
16.07
16.57
17.08
17.60
18.13
18.65
19.16
19.67
20.20
20.74
21.39
22.04
22.69
23.34
24.01
24.69
25.38
26.08
26.77
27.46
28.12
28.79
29.48
30.07
30.65
31.23
31.82
32.42
32.97
33.51
34.06
34.60
35.13
35.68
36.20
36.73
37.27
37.78
38.31
38.92
39.50
40.14
40.77
41.41
41.95
42.49
43.03
43.55
44.07
44.61
45.14
45.67
46.31
46.94
47.55
48.16
48.76
49.37
49.96
50.56
51.18
51.80
