# Beats
0.64
1.28
1.92
2.55
3.20
3.87
4.53
5.19
5.84
6.50
7.16
7.83
8.49
9.17
9.86
10.50
11.12
11.75
12.38
13.01
13.64
14.27
14.88
15.50
16.11
16.73
17.35
17.83
18.29
18.75
19.23
19.68
20.13
20.58
21.04
21.48
21.92
22.34
22.77
23.19
23.60
24.01
24.42
24.83
25.24
25.65
26.05
26.46
26.87
27.28
27.69
28.10
28.50
28.91
29.33
29.74
30.16
30.58
31.00
31.37
31.74
32.11
32.48
32.86
33.23
33.60
33.97
34.37
34.76
35.17
35.57
36.01
36.46
36.88
37.33
37.77
38.21
38.65
39.08
39.51
39.95
40.38
40.82
41.26
41.70
42.14
42.60
43.10
43.58
44.07
44.56
44.99
45.42
45.84
46.27
46.71
47.15
47.58
48.00
48.44
48.87
49.35
49.83
50.31
50.75
51.19
51.64
52.19
52.73
53.28
53.82
54.36
54.89
55.54
56.19
56.84
57.49
58.13
58.77
59.40
59.98
60.56
61.14
61.73
62.31
62.84
63.37
63.89
64.42
64.95
65.47
65.99
66.53
67.09
67.66
68.23
68.80
69.38
69.95
70.53
71.11
71.67
72.24
72.81
73.36
73.92
74.47
75.01
75.56
76.10
76.65
77.21
77.78
78.33
78.90
79.47
80.04
80.61
81.19
81.77
82.34
82.91
83.48
84.06
84.63
85.16
85.70
86.23
86.75
87.27
87.82
88.35
88.90
89.43
89.95
90.49
91.01
91.52
92.06
92.60
93.15
93.67
94.19
94.73
95.28
95.85
96.42
96.99
97.56
98.21
98.85
99.49
100.12
100.76
101.39
102.02
102.64
103.27
103.90
104.52
105.14
105.78
106.42
107.00
107.54
108.09
108.62
109.16
109.70
110.25
110.79
111.33
111.77
112.21
112.65
113.05
113.44
113.84
114.23
114.64
115.03
115.43
115.83
116.23
116.62
117.03
117.40
117.75
118.11
118.47
118.83
119.21
119.59
119.97
120.34
120.71
121.09
121.48
121.85
122.22
122.60
122.96
123.34
123.73
124.11
124.48
124.85
125.23
125.60
125.97
126.35
126.73
127.12
127.50
127.92
128.34
128.75
129.17
129.59
130.01
130.43
130.84
131.26
131.66
132.05
132.45
132.84
133.25
133.64
134.08
134.52
134.98
135.43
135.88
136.34
136.84
137.33
137.83
138.32
138.81
139.30
139.77
140.25
140.74
141.24
141.73
142.22
142.79
143.36
143.93
144.51
145.09
145.66
146.23
146.80
147.37
147.93
148.49
149.00
149.51
150.04
150.56
151.07
151.57
152.06
152.56
153.05
153.55
154.05
154.53
155.00
155.47
155.95
156.41
156.89
157.36
157.84
158.31
158.79
159.27
159.74
160.23
160.72
161.19
161.66
162.13
162.60
163.07
163.54
164.01
164.48
164.94
165.41
165.87
166.35
166.82
167.29
167.75
168.23
168.70
169.18
169.66
170.12
170.60
171.07
171.54
172.01
172.50
172.98
173.46
173.95
174.44
174.93
175.42
175.90
176.40
176.92
177.44
177.95
178.46
178.97
179.47
179.94
180.42
180.88
181.35
181.81
182.29
182.76
183.24
183.72
184.20
184.73
185.25
185.77
186.29
186.82
187.34
187.85
188.37
