# Beats
0.66
1.32
1.99
2.55
3.13
3.72
4.30
4.95
5.58
6.20
6.83
7.45
8.10
8.71
9.29
9.89
10.52
11.15
11.80
12.45
13.07
13.70
14.30
14.93
15.56
16.18
16.81
17.45
18.11
18.76
19.49
20.24
20.97
21.69
22.38
23.10
23.78
24.42
25.05
25.62
26.19
26.77
27.35
27.91
28.48
29.07
29.69
30.26
30.84
31.44
32.04
32.64
33.23
33.81
34.42
35.04
35.64
36.25
36.84
37.43
38.02
38.60
39.21
39.82
40.45
41.06
41.68
42.28
42.90
43.49
44.08
44.68
45.27
45.87
46.46
47.07
47.67
48.27
48.88
49.46
50.06
50.68
51.29
51.93
52.50
53.06
53.61
54.17
54.73
55.22
55.70
56.20
56.70
57.20
57.70
58.25
58.79
59.36
59.92
60.46
61.02
61.58
62.15
62.72
63.30
63.85
64.39
64.92
65.48
66.01
66.55
67.11
67.65
68.20
68.73
69.28
69.80
70.31
70.84
71.38
71.91
72.42
72.96
73.51
74.05
74.58
75.13
75.67
76.21
76.74
77.28
77.81
78.34
78.88
79.41
79.92
80.43
80.99
81.50
82.04
82.56
83.13
83.66
84.21
84.74
85.28
85.80
86.33
86.87
87.40
87.91
88.44
88.96
89.49
90.00
90.51
91.02
91.56
92.09
92.62
93.17
93.72
94.25
94.78
95.32
95.88
96.41
96.94
97.48
97.99
98.53
99.07
99.60
100.12
100.66
101.17
101.70
102.21
102.75
103.28
103.83
104.35
104.88
105.42
105.93
106.44
106.95
107.38
107.81
108.25
108.69
109.11
109.54
109.96
110.33
110.69
111.06
111.43
111.79
112.15
112.50
112.87
113.22
113.57
113.92
114.27
114.61
114.96
115.33
115.71
116.04
116.40
116.77
117.12
117.48
117.84
118.17
118.51
118.85
119.19
119.54
119.88
120.24
120.65
121.03
121.43
121.81
122.24
122.67
123.09
123.51
123.96
124.39
124.81
125.23
125.65
126.10
126.55
126.99
127.41
127.85
128.29
128.74
129.17
129.59
130.01
130.43
130.84
131.24
131.66
132.08
132.48
132.89
133.29
133.70
134.14
134.57
134.99
135.47
135.95
136.44
136.93
137.42
137.90
138.40
138.89
139.39
139.90
140.41
140.92
141.43
141.94
142.45
143.03
143.63
144.23
144.82
145.40
146.05
146.72
147.47
148.22
148.96
149.68
150.40
151.12
151.82
152.54
153.23
153.90
154.59
155.25
155.90
156.53
157.20
157.84
158.46
159.09
159.71
160.36
160.98
161.62
162.26
162.90
163.56
164.19
164.83
165.42
166.02
166.61
167.18
167.75
168.32
168.90
169.48
170.05
170.62
171.19
171.76
172.33
172.83
173.33
173.82
174.31
174.80
175.29
175.76
176.22
176.70
177.21
177.71
178.19
178.68
179.15
179.63
180.12
180.62
181.10
181.60
182.09
182.59
183.09
183.60
184.11
184.65
185.18
185.67
186.15
186.67
187.18
187.69
188.22
188.74
189.27
189.80
190.22
190.64
191.07
191.49
191.91
192.34
192.77
193.18
193.56
193.93
194.30
194.69
195.06
195.44
195.83
196.20
196.56
196.93
197.30
197.67
198.05
198.41
198.76
199.13
199.49
199.85
200.23
200.67
201.11
201.54
201.98
202.45
202.92
203.36
203.79
204.22
204.65
205.09
205.54
205.98
206.43
206.87
207.31
207.77
208.24
208.69
209.14
209.57
210.02
210.49
210.95
211.39
211.86
212.32
212.75
213.18
213.62
214.06
214.48
214.92
215.34
215.76
216.20
216.64
217.08
217.52
217.95
218.48
218.99
219.49
220.00
220.50
221.00
221.55
222.11
222.66
223.20
223.75
224.30
224.87
225.47
226.07
226.66
227.25
227.83
228.43
229.02
229.61
230.20
230.90
231.60
232.30
232.99
233.66
234.35
234.96
235.57
236.17
236.75
237.35
237.93
238.52
239.12
239.72
240.33
240.92
241.51
242.11
242.74
243.35
243.96
244.59
245.20
245.83
246.46
247.08
