# Beats
0.30
0.62
0.99
1.35
1.72
2.11
2.51
2.90
3.24
3.59
3.92
4.25
4.57
4.90
5.21
5.55
5.87
6.20
6.52
6.85
7.20
7.59
7.99
8.38
8.79
9.20
9.60
10.01
10.43
10.83
11.25
11.66
12.05
12.47
12.88
13.29
13.63
13.97
14.29
14.61
14.94
15.28
15.60
15.94
16.27
16.58
16.90
17.23
17.57
17.89
18.23
18.55
18.89
19.21
19.54
19.86
20.19
20.50
20.83
21.15
21.48
21.80
22.13
22.45
22.79
23.12
23.44
23.74
24.06
24.38
24.71
25.03
25.36
25.68
26.01
26.34
26.69
27.03
27.38
27.72
28.06
28.39
28.72
29.05
29.38
29.72
30.06
30.39
30.72
31.06
31.39
31.73
32.07
32.39
32.74
33.07
33.40
33.74
34.08
34.42
34.77
35.12
35.47
35.81
36.15
36.50
36.85
37.19
37.52
37.86
38.21
38.56
38.93
39.30
39.67
40.05
40.45
40.84
41.26
41.67
42.06
42.47
42.89
43.29
43.72
44.15
44.58
45.01
45.44
45.87
46.27
46.66
47.06
47.45
47.84
48.24
48.62
48.95
49.26
49.57
49.91
50.26
50.61
50.97
51.34
51.70
52.06
52.42
52.78
53.14
53.50
53.86
54.21
54.56
54.90
55.25
55.60
55.94
56.30
56.65
56.99
57.33
57.68
58.03
58.37
58.72
59.07
59.42
59.78
60.14
60.50
60.86
61.21
61.57
61.95
62.33
62.71
63.08
63.44
63.81
64.23
64.66
65.09
65.53
65.97
66.41
66.85
67.30
67.73
