# Beats
0.53
1.08
1.63
2.17
2.72
3.20
3.69
4.18
4.60
5.00
5.41
5.83
6.20
6.58
6.94
7.31
7.69
8.06
8.44
8.82
9.20
9.57
9.94
10.32
10.70
11.06
11.44
11.82
12.14
12.48
12.81
13.14
13.47
13.79
14.12
14.45
14.79
15.14
15.49
15.86
16.21
16.56
16.90
17.25
17.60
17.96
18.31
18.65
18.98
19.41
19.85
20.29
20.71
21.15
21.59
22.05
22.48
22.92
23.37
23.82
24.29
24.74
25.19
25.61
26.02
26.44
26.85
27.27
27.70
28.12
28.49
28.86
29.26
29.72
30.14
30.58
31.02
31.46
31.89
32.32
32.76
33.20
33.66
34.11
34.56
35.04
35.50
35.96
36.41
36.86
37.29
37.73
38.20
38.66
39.10
39.52
39.94
40.38
40.83
41.29
41.73
42.19
42.63
43.07
43.53
44.00
44.58
45.13
45.67
46.29
46.90
47.62
48.34
49.06
49.80
50.53
51.23
51.94
52.66
53.38
54.08
54.78
55.48
56.19
56.87
57.56
58.21
58.86
59.44
60.02
60.60
61.15
61.70
62.25
62.81
63.37
63.90
64.44
64.97
65.50
66.04
66.57
67.07
67.57
68.08
68.57
69.07
69.58
70.08
70.58
71.09
71.58
72.05
72.54
73.03
73.50
73.98
74.45
74.93
75.41
75.88
76.36
76.83
77.31
77.79
78.25
78.74
79.25
79.78
80.32
80.84
81.36
81.89
82.38
82.90
83.49
84.07
84.71
85.33
85.98
86.63
87.30
87.96
88.61
89.30
90.00
90.70
91.39
92.09
92.72
93.34
94.02
94.69
95.36
96.04
96.73
97.43
98.08
98.71
99.32
99.87
100.44
101.03
101.61
102.19
102.77
103.34
103.91
104.44
104.97
105.50
106.00
106.49
106.97
107.46
107.94
108.44
108.94
109.41
109.90
110.41
110.90
111.34
111.80
112.29
112.77
113.24
113.72
114.22
114.71
115.17
115.64
116.15
116.68
117.19
117.70
118.24
118.78
119.30
119.83
120.34
120.89
121.44
121.97
122.52
123.08
123.62
124.18
124.75
125.32
125.88
126.48
127.08
127.67
128.28
128.89
129.56
130.22
130.87
131.52
132.17
132.79
133.43
134.07
134.72
135.36
135.99
136.64
137.30
137.95
138.65
139.33
140.02
140.69
141.32
141.96
142.59
143.21
143.84
144.38
144.93
145.45
145.94
146.43
146.92
147.45
147.95
148.45
148.96
149.47
149.95
150.47
150.98
151.46
151.95
