# Beats
0.75
1.51
2.24
2.95
3.69
4.45
5.15
5.85
6.55
7.20
7.83
8.45
9.08
9.73
10.37
11.03
11.66
12.17
12.65
13.14
13.63
14.07
14.54
14.98
15.42
15.87
16.37
16.88
17.39
17.88
18.39
18.90
19.39
19.88
20.34
20.81
21.25
21.72
22.20
22.67
23.15
23.61
24.15
24.67
25.19
25.73
26.28
26.81
27.31
27.82
28.31
28.84
29.35
29.84
30.33
30.81
31.28
31.74
32.23
32.72
33.20
33.72
34.20
34.71
35.20
35.69
36.18
36.71
37.15
37.59
38.03
38.49
38.89
39.33
39.78
40.24
40.68
41.15
41.63
42.12
42.63
43.14
43.65
44.12
44.58
45.05
45.51
46.02
46.53
47.03
47.60
48.20
48.76
49.32
49.88
50.43
51.01
51.57
52.13
52.67
53.24
53.78
54.29
54.78
55.28
55.74
56.22
56.71
57.17
57.66
58.14
58.58
59.07
59.56
60.01
60.51
60.95
61.42
61.85
62.31
62.81
63.27
63.76
64.23
64.70
65.18
65.74
66.27
66.78
67.31
67.86
68.38
68.92
69.45
69.96
70.43
70.90
71.40
71.91
72.47
73.07
73.65
74.23
74.80
75.40
75.91
76.44
76.95
77.53
78.09
78.65
79.25
79.85
80.43
80.99
81.58
82.08
82.62
83.12
83.71
84.27
84.87
85.43
86.01
86.52
87.07
87.59
88.06
88.54
89.03
89.44
89.81
90.23
90.65
91.07
91.49
91.90
92.32
92.72
93.09
93.48
93.88
94.25
94.61
95.11
95.61
96.06
96.53
97.08
97.61
98.13
98.67
99.22
99.78
100.33
100.90
101.45
101.98
102.52
103.06
103.62
104.10
104.61
105.09
105.58
106.09
106.58
107.07
107.55
108.09
108.53
108.98
109.40
109.88
110.32
110.78
111.27
111.69
112.08
112.48
112.85
113.22
113.62
114.03
114.46
114.87
115.26
115.67
116.10
116.54
116.98
117.39
117.85
118.28
118.72
119.16
119.58
120.00
120.44
120.89
121.32
121.74
122.18
122.58
123.02
123.51
123.97
124.46
125.02
125.60
126.18
126.79
127.43
128.06
128.66
129.24
129.85
130.45
131.08
131.70
132.35
133.05
133.75
134.44
135.11
135.74
136.42
137.00
137.60
138.18
138.69
139.20
139.69
140.18
140.69
141.18
141.64
142.11
142.57
142.99
143.45
143.92
144.34
144.75
145.17
145.61
145.98
146.40
146.77
147.17
147.54
147.92
148.26
148.63
149.00
149.37
149.77
150.14
150.53
150.88
151.25
151.60
152.00
152.35
152.74
153.16
153.58
153.99
154.39
154.81
155.23
155.61
156.04
156.48
156.92
157.36
157.78
158.23
158.66
159.08
159.52
159.94
160.38
160.81
161.29
161.75
162.20
162.62
163.07
163.49
163.93
164.37
164.82
165.33
165.86
166.37
166.86
167.36
167.83
168.30
168.79
169.27
169.73
170.21
170.71
171.22
171.76
172.28
