# Beats
0.31
0.65
1.00
1.37
1.74
2.10
2.46
2.82
3.18
3.55
3.90
4.24
4.62
4.99
5.36
5.74
6.11
6.48
6.87
7.26
7.64
8.03
8.44
8.92
9.40
9.89
10.38
10.84
11.28
11.74
12.17
12.63
13.10
13.55
13.98
14.41
14.93
15.46
16.00
16.53
17.08
17.62
18.16
18.72
19.26
19.74
20.18
20.64
21.08
21.52
21.99
22.45
22.89
23.34
23.78
24.23
24.68
25.12
25.59
26.08
26.55
27.04
27.52
28.00
28.48
28.96
29.43
29.91
30.39
30.87
31.37
31.86
32.35
32.83
33.33
33.81
34.30
34.77
35.25
35.78
36.29
36.83
37.31
37.80
38.28
38.75
39.22
39.71
40.22
40.74
41.24
41.74
42.23
42.72
43.24
43.75
44.23
44.76
45.28
45.79
46.37
46.95
47.57
48.20
48.83
49.46
50.09
50.74
51.36
51.98
52.62
53.25
53.91
54.57
55.24
55.90
56.61
57.33
58.04
58.75
59.43
60.12
60.80
61.43
62.06
62.67
63.29
63.89
64.44
64.98
65.54
66.08
66.64
67.15
67.69
68.21
68.73
69.24
69.76
70.29
70.80
71.32
71.77
72.23
72.68
73.07
73.47
73.86
74.23
74.61
74.99
75.37
75.76
76.15
76.53
76.93
77.32
77.72
78.10
78.48
78.88
79.26
79.67
80.06
80.43
80.83
81.24
81.63
82.06
82.50
82.93
83.36
83.79
84.22
84.64
85.07
85.50
85.94
86.38
86.81
87.26
87.75
88.24
88.72
89.23
89.72
90.22
90.77
91.34
91.89
92.45
93.02
93.59
94.16
94.74
95.31
95.90
96.48
97.05
97.59
98.15
98.72
99.27
99.80
100.33
100.87
101.30
101.74
102.19
102.61
103.00
103.40
103.79
104.21
104.61
105.00
105.37
105.76
106.15
106.53
106.92
107.28
107.67
108.04
108.43
108.81
109.19
109.59
109.99
110.43
110.85
111.27
111.69
112.12
112.56
112.99
113.43
113.85
114.27
114.68
115.10
115.54
115.96
116.38
116.80
117.21
117.56
117.93
118.31
118.68
119.05
119.41
119.77
120.12
120.47
120.80
121.14
121.50
121.86
122.21
122.58
122.95
123.30
123.69
124.06
124.46
124.82
125.19
125.55
125.92
126.27
126.66
127.06
127.43
127.85
128.24
128.66
129.07
129.50
129.94
130.38
130.80
131.23
131.66
132.10
132.52
132.93
133.36
133.82
134.26
134.68
135.12
135.63
136.14
136.63
137.13
137.62
138.15
138.65
139.15
139.67
140.20
140.75
141.35
141.96
142.56
143.15
143.66
144.23
144.82
145.41
146.01
146.60
147.19
147.76
148.33
148.92
149.51
150.11
150.67
151.25
151.84
152.44
153.02
153.69
154.34
154.99
155.64
156.28
156.92
157.52
158.10
158.69
159.11
159.56
160.02
160.47
160.93
161.39
161.87
162.40
162.93
163.46
163.98
164.51
165.05
165.56
166.06
166.56
167.07
167.59
168.09
168.59
169.09
169.56
170.02
170.48
170.95
171.40
171.85
172.32
172.78
173.24
173.72
174.22
174.71
175.19
175.68
176.16
176.63
177.10
177.55
178.00
178.52
179.03
179.51
180.00
180.49
181.00
181.55
182.10
182.67
183.23
183.77
184.33
184.90
185.48
186.06
186.63
187.20
187.76
188.34
188.88
189.43
189.97
190.54
191.14
191.77
192.42
193.05
193.65
194.28
194.92
195.54
196.16
196.78
197.40
197.95
198.51
199.06
199.63
200.20
200.78
201.34
201.90
202.45
202.99
203.53
204.08
204.64
205.13
205.61
206.11
206.59
207.06
207.54
208.05
208.58
209.12
209.69
210.26
210.81
211.37
211.93
212.46
213.01
213.55
214.15
214.74
215.34
215.97
216.58
217.25
217.90
218.55
219.20
219.85
220.47
221.10
221.75
222.40
223.03
223.65
224.29
224.93
225.58
226.23
226.86
227.49
228.11
228.76
229.41
230.06
230.71
