# Beats
0.70
1.40
2.11
2.82
3.51
4.14
4.77
5.41
5.94
6.46
6.98
7.49
8.00
8.51
9.02
9.52
10.01
10.50
10.98
11.48
11.98
12.47
12.96
13.43
13.91
14.38
14.87
15.36
15.85
16.34
16.82
17.31
17.81
18.33
18.87
19.32
19.75
20.18
20.60
21.03
21.46
21.88
22.33
22.77
23.21
23.67
24.13
24.58
25.03
25.48
25.95
26.41
26.87
27.32
27.76
28.20
28.65
29.09
29.55
29.94
30.34
30.73
31.13
31.50
31.87
32.24
32.60
32.96
33.33
33.70
34.09
34.46
34.82
35.20
35.69
36.18
36.66
37.15
37.63
38.10
38.58
39.04
39.52
39.98
40.31
40.65
40.98
41.31
41.63
41.96
42.30
42.63
42.97
43.33
43.69
44.05
44.41
44.78
45.16
45.55
46.07
46.57
47.07
47.55
48.03
48.51
48.97
49.44
49.91
50.39
50.84
51.29
51.75
52.19
52.63
53.07
53.52
53.97
54.43
54.88
55.34
55.81
56.27
56.73
57.17
57.61
58.04
58.47
58.91
59.35
59.80
60.26
60.71
61.15
61.60
62.06
62.51
62.96
63.41
63.87
64.25
64.62
64.99
65.38
65.76
66.15
66.54
66.91
67.28
67.66
68.05
68.43
68.81
69.20
69.58
69.97
70.37
70.76
71.16
71.55
71.95
72.34
72.74
73.12
73.49
73.89
74.27
74.66
75.06
75.44
75.91
76.37
76.85
77.37
77.88
78.39
78.87
79.35
79.84
80.33
80.82
81.30
81.79
82.29
82.78
83.27
83.77
84.25
84.74
85.23
85.72
86.25
86.80
87.33
87.86
88.41
88.94
89.49
90.04
90.65
91.25
91.86
92.49
93.11
93.73
94.34
95.11
95.84
96.58
97.33
98.07
98.82
99.58
100.35
101.10
101.84
102.57
103.32
104.05
104.79
105.52
106.25
107.00
107.75
108.48
109.20
109.92
110.64
111.37
112.02
112.69
113.36
114.03
114.76
115.50
116.23
116.96
117.69
118.42
119.16
119.91
120.65
121.39
122.14
122.88
123.62
