# Beats
0.59
1.20
1.80
2.40
3.00
3.59
4.18
4.83
5.49
6.13
6.78
7.42
8.03
8.68
9.32
9.96
10.59
11.24
11.88
12.49
13.12
13.76
14.36
15.00
15.62
16.25
16.83
17.46
18.12
18.76
19.39
20.06
20.71
21.32
21.93
22.50
23.06
23.61
24.15
24.71
25.24
25.68
26.15
26.56
27.00
27.42
27.83
28.27
28.68
29.06
29.49
29.94
30.35
30.74
31.15
31.63
32.10
32.59
32.97
33.40
33.79
34.20
34.57
34.97
35.34
35.76
36.18
36.58
36.95
37.36
37.76
38.20
38.61
38.99
39.36
39.73
40.10
40.47
40.82
41.12
41.45
41.75
42.07
42.40
42.74
43.12
43.51
43.89
44.23
44.63
45.00
45.34
45.74
46.15
46.56
46.96
47.37
47.79
48.20
48.62
49.03
49.42
49.82
50.21
50.64
51.07
51.50
51.93
52.33
52.72
53.12
53.51
53.91
54.30
54.69
55.10
55.51
55.91
56.32
56.69
57.06
57.43
57.81
58.20
58.60
58.99
59.39
59.77
60.15
60.53
60.92
61.29
61.66
62.03
62.39
62.75
63.11
63.47
63.90
64.31
64.71
65.12
65.48
65.84
66.20
66.57
66.94
67.29
67.64
68.03
68.39
68.74
69.08
69.43
69.75
70.10
70.45
70.80
71.15
71.52
71.91
72.30
72.68
73.03
73.38
73.72
74.07
74.44
74.79
75.16
75.53
75.95
76.35
76.79
77.25
77.66
78.11
78.53
78.94
79.40
79.83
80.29
80.74
81.18
81.59
82.01
82.44
82.87
83.36
83.82
84.29
84.74
85.24
85.70
86.17
86.68
87.14
87.63
88.07
88.56
89.16
89.72
90.28
90.84
91.43
92.02
92.44
92.88
93.32
93.69
94.05
94.48
94.90
95.29
95.71
96.14
96.56
96.94
97.31
97.70
98.07
98.44
98.85
99.22
99.68
100.15
100.61
101.10
101.56
102.06
102.52
102.96
103.40
103.86
104.35
104.79
105.27
105.70
106.14
106.60
107.04
107.51
107.94
108.40
108.86
109.30
109.76
110.20
110.64
111.08
111.48
111.87
112.28
112.66
113.14
113.62
114.08
114.57
115.04
115.57
116.08
116.58
117.03
117.54
118.04
118.54
119.03
119.52
120.04
120.53
121.05
121.58
122.11
122.65
123.18
123.74
124.28
124.82
125.31
125.74
126.18
126.60
127.04
127.45
127.90
128.31
128.71
129.15
129.57
130.03
130.45
130.87
131.33
131.77
132.24
132.74
133.21
133.68
134.05
134.43
134.82
135.19
135.51
135.84
136.19
136.53
136.86
137.16
137.47
137.83
138.21
138.55
138.88
139.20
139.53
139.83
140.16
140.48
140.81
141.15
141.48
141.85
142.22
142.66
143.06
143.48
143.87
144.31
144.78
145.25
145.72
146.19
146.66
147.10
147.54
147.98
148.43
148.89
149.33
149.79
150.23
150.67
151.12
151.56
152.04
152.52
153.02
153.58
154.12
154.69
155.23
155.76
156.34
156.92
157.57
158.22
158.89
159.47
160.03
160.50
160.96
161.45
161.94
162.46
162.96
163.42
163.89
164.37
164.84
165.33
165.84
166.35
166.86
167.35
167.86
168.32
168.76
169.23
169.69
170.18
170.67
171.15
171.63
172.15
172.66
173.17
173.69
174.20
174.68
175.19
175.64
176.08
176.54
177.01
177.45
177.89
178.33
178.77
179.23
179.70
180.23
180.74
181.27
181.84
182.40
182.93
183.46
184.02
184.58
185.09
185.64
186.08
186.48
186.89
187.32
187.76
188.20
188.63
189.03
189.43
189.85
190.25
190.62
191.05
191.47
191.91
192.35
192.82
193.27
193.68
194.12
194.56
195.00
195.45
195.95
196.44
196.91
197.37
197.90
198.39
198.86
199.32
199.78
200.25
200.70
201.13
201.60
202.06
202.48
202.94
203.41
203.87
204.38
204.87
205.33
205.80
206.25
206.68
207.12
207.53
207.97
208.35
208.76
209.22
209.65
210.07
210.52
211.06
211.58
212.09
212.63
213.16
213.70
214.19
214.67
215.16
215.60
216.04
216.43
216.84
217.26
217.69
218.11
218.52
218.94
219.34
219.73
220.15
220.57
220.96
221.36
221.77
222.18
222.62
223.07
223.55
224.06
224.49
224.94
225.43
225.92
226.45
226.87
227.32
227.81
228.30
228.90
229.51
230.11
230.69
231.29
231.92
232.52
233.15
233.69
234.27
234.85
235.43
236.03
236.66
237.30
237.91
238.53
239.17
239.82
240.44
241.00
241.53
242.10
242.67
243.25
243.76
244.30
244.83
245.40
245.97
246.55
247.12
247.62
248.12
248.60
249.07
249.54
250.03
250.52
250.96
251.38
251.84
252.28
252.73
253.17
253.63
254.08
254.56
255.00
255.47
255.98
256.51
257.00
257.56
258.08
258.64
259.18
259.75
260.23
260.73
261.20
261.69
262.18
262.66
263.15
263.64
264.12
264.59
265.07
265.53
266.03
266.52
267.01
267.47
267.96
268.45
268.93
269.39
269.91
270.42
270.88
271.35
271.78
272.28
272.78
273.28
273.72
274.17
274.68
275.11
275.53
275.97
276.36
276.76
277.18
277.61
278.06
278.50
278.94
279.38
279.82
280.24
280.66
281.03
281.40
281.75
282.11
282.46
282.87
283.26
283.62
283.98
284.34
284.70
285.05
285.40
285.73
286.13
286.46
286.81
287.18
287.53
287.90
288.28
288.65
289.05
289.44
289.81
290.18
290.52
290.89
291.24
291.60
291.97
292.36
292.73
293.16
293.56
293.99
294.44
294.85
295.24
295.68
296.10
296.52
