# Beats
0.49
0.99
1.49
1.99
2.48
3.05
3.62
4.19
4.76
5.33
5.91
6.55
7.17
7.81
8.46
9.10
9.74
10.38
11.02
11.66
12.29
12.93
13.57
14.21
14.84
15.45
16.07
16.68
17.30
17.91
18.53
19.16
19.80
20.43
21.07
21.71
22.42
23.13
23.85
24.57
25.29
25.99
26.71
27.33
27.95
28.56
29.16
29.81
30.48
31.13
31.76
32.40
33.04
33.69
34.32
34.93
35.55
36.15
36.76
37.37
38.00
38.63
39.29
39.94
40.59
41.24
41.81
42.38
42.95
43.53
44.11
44.72
45.34
45.95
46.57
47.18
47.79
48.40
49.01
49.61
50.22
50.85
51.48
52.09
52.71
53.34
53.96
54.58
55.19
55.81
56.44
57.06
57.69
58.27
58.85
59.43
59.91
60.38
60.86
61.32
61.80
62.26
62.74
63.22
63.69
64.17
64.64
65.12
65.60
66.07
66.55
66.97
67.38
67.80
68.23
68.66
69.09
69.51
69.94
