# Beats
0.52
1.06
1.59
2.12
2.67
3.20
3.74
4.27
4.73
5.18
5.63
6.08
6.54
6.99
7.43
7.87
8.31
8.74
9.18
9.62
10.07
10.53
11.01
11.47
11.97
12.46
12.96
13.47
13.97
14.47
15.02
15.58
16.14
16.68
17.23
17.77
18.32
18.87
19.48
20.09
20.70
21.20
21.70
22.21
22.72
23.23
23.74
24.26
24.79
25.34
25.89
26.44
26.99
27.55
28.11
28.65
29.20
29.72
30.23
30.73
31.21
31.67
32.12
32.58
33.04
33.51
33.95
34.34
34.74
35.13
35.54
35.93
36.34
36.75
37.15
37.56
37.95
38.35
38.77
39.17
39.60
40.03
40.48
40.94
41.39
41.84
42.30
42.75
43.31
43.86
44.42
45.00
45.59
46.17
46.75
47.35
47.90
48.47
49.03
49.57
50.12
50.67
51.21
51.76
52.29
52.84
53.38
53.93
54.47
54.98
55.50
56.01
56.48
56.96
57.42
57.89
58.33
58.76
59.20
59.64
60.08
60.53
60.98
61.41
61.85
62.29
62.71
63.12
63.54
64.06
64.60
65.12
65.65
66.18
66.70
67.22
67.76
68.29
68.82
69.36
69.92
70.46
71.01
71.56
72.11
72.66
73.20
73.73
74.27
74.78
75.29
75.79
76.30
76.80
77.31
77.82
78.33
78.82
79.32
79.81
80.29
80.78
81.28
81.82
82.34
82.87
83.42
83.95
84.49
84.92
85.33
85.75
86.17
86.59
86.99
87.40
87.82
88.24
88.65
89.09
89.50
89.91
90.31
90.72
91.13
91.53
91.94
92.35
92.75
93.16
93.55
93.96
94.35
94.76
95.28
95.81
96.32
96.83
97.34
97.86
98.39
98.92
99.44
99.97
100.50
101.02
101.54
102.06
102.61
103.15
103.70
104.26
104.81
105.38
105.96
106.53
107.10
107.66
108.22
108.70
109.19
109.68
110.19
110.70
111.22
111.75
112.26
112.78
113.29
113.80
114.31
114.81
115.31
115.82
116.24
116.66
117.06
117.49
117.91
118.34
118.77
119.19
119.62
120.05
120.51
120.98
121.44
121.99
122.53
123.07
123.55
124.05
124.55
125.09
125.62
126.15
126.70
127.26
127.81
128.36
128.89
129.43
129.96
130.50
130.97
131.44
131.89
132.34
132.81
133.26
133.70
134.11
134.51
134.92
135.31
135.70
136.08
136.46
136.84
137.21
137.58
137.95
138.34
138.73
139.11
139.49
139.89
140.27
140.65
141.04
141.37
141.71
142.05
142.40
142.74
143.08
143.43
143.78
144.13
144.49
144.86
145.23
145.59
145.95
146.31
146.68
147.05
147.41
147.77
148.12
148.48
148.82
149.15
149.50
149.84
150.18
150.51
150.85
151.19
151.52
151.86
152.20
152.53
152.86
153.19
153.53
153.88
154.23
154.56
154.91
155.25
155.59
155.93
156.29
156.67
157.04
157.41
157.78
158.15
158.52
158.88
159.23
159.58
159.93
160.28
160.64
161.01
161.37
161.73
162.20
162.68
163.16
163.63
164.11
164.58
165.05
165.51
165.96
166.43
166.95
167.46
168.02
168.58
169.12
169.75
170.38
171.00
171.63
172.26
172.93
173.59
174.29
174.99
175.69
176.38
177.06
177.76
178.45
179.13
179.80
180.40
180.99
181.60
182.23
182.85
183.45
184.05
184.66
185.26
185.76
186.25
186.73
187.21
187.57
187.94
188.31
188.70
189.08
189.46
189.83
190.21
190.58
190.95
191.31
191.67
192.04
192.40
192.76
193.12
193.48
193.83
194.17
194.53
194.87
195.22
195.57
195.92
196.28
196.64
197.01
197.37
197.72
198.09
198.45
198.81
199.18
199.55
199.91
200.27
200.62
200.97
201.31
201.64
201.98
202.32
202.65
202.99
203.33
203.67
204.03
204.39
204.74
205.10
205.45
205.80
206.14
206.48
206.82
207.15
207.48
207.82
208.16
208.48
208.82
209.15
209.49
209.84
210.19
210.52
210.86
211.21
211.56
211.91
212.25
212.59
212.93
213.26
213.60
213.94
214.27
214.61
214.95
215.30
215.63
215.97
216.29
216.63
216.97
217.30
217.63
217.97
218.30
218.64
218.96
219.31
219.65
220.01
220.36
220.71
221.05
221.40
221.76
222.12
222.49
222.85
223.23
223.60
223.97
224.34
224.70
225.06
225.42
225.77
226.13
226.49
226.85
227.21
227.56
227.89
228.24
228.58
228.91
229.26
229.60
229.95
230.30
230.64
230.99
231.33
231.68
232.03
232.37
232.72
233.07
233.41
233.74
234.08
234.42
234.75
235.09
235.43
235.75
236.09
236.43
236.75
237.09
237.42
237.76
238.10
238.43
238.77
239.12
239.47
239.80
240.15
240.49
240.83
241.16
241.49
241.82
242.16
242.50
242.82
243.16
243.50
243.83
244.17
244.51
244.85
245.19
245.54
245.88
