# Beats
0.36
0.73
1.10
1.46
1.83
2.19
2.53
2.90
3.27
3.66
4.03
4.40
4.81
5.21
5.62
6.04
6.46
6.86
7.26
7.65
8.05
8.44
8.84
9.23
9.64
10.04
10.46
10.88
11.28
11.68
12.07
12.47
12.86
13.26
13.68
14.08
14.50
14.92
15.34
15.74
16.15
16.56
16.95
17.35
17.74
18.12
18.51
18.89
19.27
19.67
20.05
20.43
20.82
21.20
21.58
21.97
22.36
22.76
23.15
23.55
23.94
24.33
24.74
25.15
25.57
25.98
26.40
26.81
27.21
27.62
28.01
28.41
28.82
29.22
29.63
30.04
30.44
30.84
31.22
31.60
31.99
32.37
32.76
33.16
33.56
33.98
34.41
34.82
35.21
35.62
36.01
36.42
36.82
37.20
37.59
37.99
38.37
38.75
39.14
39.53
39.93
40.32
40.73
41.13
41.55
41.96
42.38
42.78
43.18
43.57
43.97
44.35
44.73
45.10
45.49
45.87
46.25
46.65
47.03
47.43
47.82
48.20
48.60
48.99
49.38
49.75
50.13
50.52
50.90
51.28
51.66
52.05
52.43
52.81
53.20
53.58
53.96
54.35
54.73
55.12
55.53
55.95
56.37
56.78
57.19
57.60
58.00
58.41
58.82
59.22
59.62
60.01
60.41
60.80
61.18
61.57
61.95
62.35
62.74
63.12
63.52
63.90
64.28
64.67
65.05
65.43
65.82
66.20
66.59
66.99
67.38
67.77
68.17
68.59
69.01
69.44
70.03
70.62
71.23
71.82
72.40
72.99
73.58
74.18
74.76
75.35
75.99
76.63
77.25
77.84
78.44
79.02
79.59
80.17
80.75
81.32
81.89
