# Beats
0.38
0.78
1.16
1.56
1.95
2.35
2.74
3.10
3.46
3.82
4.18
4.54
4.90
5.27
5.63
5.99
6.35
6.71
7.08
7.45
7.84
8.21
8.59
9.04
9.50
9.95
10.40
10.86
11.30
11.74
12.18
12.61
13.04
13.50
13.97
14.44
14.93
15.43
15.92
16.42
16.90
17.39
17.91
18.44
18.96
19.48
20.02
20.55
21.07
21.58
22.11
22.63
23.14
23.66
24.03
24.40
24.78
25.16
25.54
25.93
26.31
26.68
27.05
27.42
27.79
28.17
28.54
28.91
29.28
29.65
30.14
30.62
31.09
31.57
32.06
32.54
33.02
33.48
33.95
34.48
35.02
35.55
36.10
36.64
37.19
37.74
38.29
38.81
39.33
39.85
40.37
40.88
41.40
42.03
42.66
43.27
43.89
44.50
45.13
45.74
46.36
46.97
47.59
48.20
48.82
49.38
49.95
50.50
50.99
51.49
51.98
52.41
52.84
53.28
53.72
54.17
54.62
55.07
55.51
55.96
56.41
56.85
57.28
57.71
58.13
58.55
58.97
59.40
59.81
60.23
60.64
61.05
61.45
61.86
62.26
62.67
63.08
63.48
63.89
64.23
64.56
64.91
65.26
65.60
65.94
66.29
66.62
66.95
67.29
67.63
67.98
68.31
68.65
68.99
69.33
69.68
70.05
70.43
70.79
71.13
71.48
71.83
72.18
72.53
72.86
73.20
73.55
73.90
74.26
74.59
74.94
75.29
75.64
75.99
76.35
76.70
77.04
77.37
77.71
78.05
78.40
78.74
79.12
79.49
79.87
80.26
80.65
81.05
81.44
81.84
82.22
82.62
83.00
83.38
83.77
84.15
84.54
84.96
85.39
85.82
86.24
86.67
87.09
87.49
87.86
88.25
88.63
89.01
89.35
89.69
90.01
90.35
90.67
91.01
91.35
91.68
92.01
92.35
92.68
93.01
93.33
93.67
94.02
94.35
94.69
95.03
95.42
95.81
96.20
96.64
97.07
97.51
97.94
98.37
98.81
99.24
99.66
100.08
100.50
100.93
101.36
101.78
102.21
102.66
103.10
103.54
103.98
104.44
104.91
105.37
105.85
106.32
106.80
107.28
107.75
108.23
108.79
109.34
109.90
110.43
110.97
111.53
112.09
112.66
113.23
113.80
114.36
114.95
115.54
116.15
116.75
117.34
117.95
118.55
119.08
119.63
120.16
120.70
121.23
121.75
122.28
122.80
123.32
123.84
124.35
124.90
125.45
125.99
126.54
127.09
127.66
128.12
128.56
129.01
129.46
129.90
130.35
130.79
131.23
131.68
132.13
132.62
133.10
133.57
133.97
134.37
134.78
135.19
135.59
135.99
136.37
136.77
137.16
137.57
137.96
138.38
138.80
139.22
139.64
140.07
140.49
140.91
141.34
141.77
142.20
142.64
143.15
143.66
144.18
144.71
145.22
145.73
146.24
146.75
147.27
147.80
148.32
148.84
149.36
149.88
150.42
150.96
151.50
152.06
152.61
153.18
153.75
154.32
154.88
155.46
156.01
156.42
156.84
157.26
157.66
158.08
158.49
158.89
159.31
159.72
160.12
160.50
160.84
161.20
161.56
161.91
162.24
162.56
162.88
163.20
163.53
163.84
164.17
164.48
164.80
165.13
165.45
165.79
166.14
166.48
166.81
167.15
167.49
167.82
168.16
168.51
168.86
169.19
169.52
169.84
170.17
170.49
170.83
171.15
171.47
171.78
172.11
172.43
172.74
173.07
173.40
173.71
174.03
174.36
174.68
175.01
175.33
175.66
175.98
176.31
176.65
176.99
177.33
177.68
178.02
178.42
178.82
179.21
179.61
180.00
180.41
180.81
181.22
181.68
182.16
182.62
183.09
183.57
184.04
184.51
184.96
185.41
185.86
186.32
186.76
187.20
187.59
187.99
188.38
188.73
189.07
189.42
189.77
190.11
190.47
190.82
191.16
191.49
191.84
192.19
192.53
192.86
193.19
193.52
193.84
194.17
194.49
194.82
195.14
195.47
195.79
196.12
196.44
196.77
197.09
197.42
197.74
198.07
198.40
198.75
199.09
199.42
199.76
200.10
200.43
200.77
201.10
201.42
201.75
202.08
202.42
202.76
203.09
203.42
203.74
204.07
204.41
204.74
205.08
205.40
205.73
206.05
206.38
206.69
207.03
207.35
207.69
208.04
208.39
208.74
209.07
209.42
209.87
210.31
210.77
211.22
211.67
212.11
212.57
213.02
213.47
213.94
214.37
214.80
215.23
215.71
216.20
216.68
217.20
217.73
218.27
218.80
219.34
219.87
220.26
220.66
221.07
221.46
221.87
222.26
222.67
223.06
223.46
223.85
224.25
224.65
225.07
225.49
225.95
226.42
226.88
227.36
227.83
228.31
228.86
229.37
229.88
230.49
231.11
231.72
232.35
232.98
233.60
234.23
234.80
235.36
235.91
236.43
236.94
237.45
237.96
238.47
238.98
239.49
240.00
240.52
241.03
241.55
242.06
242.56
243.05
243.54
244.03
244.52
245.01
