# Beats
0.65
1.31
1.96
2.62
3.27
3.90
4.52
5.14
5.76
6.30
6.85
7.43
8.01
8.61
9.21
9.80
10.38
10.92
11.48
11.94
12.40
12.86
13.32
13.77
14.25
14.72
15.21
15.69
16.16
16.64
17.10
17.58
18.04
18.51
18.97
19.46
19.93
20.42
20.87
21.34
21.79
22.30
22.78
23.27
23.77
24.23
24.71
25.17
25.66
26.13
26.61
27.10
27.56
28.03
28.50
28.99
29.47
29.85
30.23
30.63
31.02
31.36
31.68
32.03
32.37
32.72
33.07
33.41
33.76
34.11
34.48
34.84
35.20
35.56
35.96
36.36
36.77
37.24
37.71
38.20
38.70
39.20
39.68
40.17
40.63
41.10
41.56
42.05
42.56
43.06
43.56
44.06
44.56
44.95
45.36
45.78
46.23
46.70
47.16
47.64
48.11
48.58
49.06
49.53
49.99
50.46
50.90
51.32
51.73
52.16
52.58
53.01
53.44
53.88
54.32
54.75
55.19
55.64
56.09
56.53
56.98
57.42
57.89
58.34
58.79
59.26
59.70
60.14
60.58
61.05
61.49
61.93
62.37
62.79
63.19
63.61
63.97
64.33
64.69
65.04
65.40
65.78
66.15
66.54
66.91
67.27
67.63
67.99
68.36
68.73
69.10
69.45
69.80
70.16
70.54
70.91
71.33
71.74
72.14
72.56
72.96
73.35
73.75
74.16
74.56
74.98
75.38
75.79
76.21
76.61
77.01
77.39
77.78
78.15
78.53
78.89
79.26
79.64
80.02
80.40
80.78
81.18
81.57
81.95
82.34
82.71
83.08
83.48
83.85
84.22
84.71
85.18
85.66
86.13
86.62
87.10
87.59
88.07
88.56
89.04
89.54
90.01
90.51
91.02
91.52
92.01
92.49
92.97
93.47
93.96
94.44
94.92
95.40
95.90
96.39
96.92
97.45
98.08
98.68
99.31
99.94
100.55
101.19
101.82
102.47
103.10
103.72
104.36
105.00
105.74
106.48
107.21
107.95
108.69
109.41
110.16
110.89
111.63
112.36
113.01
113.66
114.30
114.94
115.60
116.26
116.90
117.54
118.19
118.84
119.43
120.02
120.60
121.18
121.77
122.32
122.88
123.41
123.95
124.49
125.03
125.56
126.11
126.62
127.12
127.61
128.03
128.48
128.91
129.34
129.75
130.18
130.60
131.09
131.58
132.06
132.52
132.98
133.45
133.91
134.35
134.79
135.23
135.70
136.17
136.63
137.14
137.65
138.16
138.65
139.13
139.64
140.12
140.60
141.07
141.55
142.01
142.50
142.99
143.50
143.96
144.43
144.89
145.35
145.81
146.29
146.75
147.20
147.66
148.12
148.58
149.03
149.49
149.95
150.42
150.88
151.32
151.79
152.26
152.72
153.18
153.62
154.06
154.53
154.97
155.42
155.88
156.39
156.90
157.42
157.92
158.43
158.94
159.45
159.96
160.46
160.98
161.52
162.06
162.61
163.13
163.63
164.12
164.62
164.97
165.33
165.67
166.01
166.36
166.72
167.07
167.43
167.78
168.11
168.44
168.76
169.09
169.48
169.88
170.27
170.68
171.08
171.50
171.90
172.38
172.88
173.38
173.87
174.36
174.86
175.36
175.88
176.39
176.89
177.40
177.91
178.39
178.89
179.37
179.86
180.36
180.86
181.37
181.88
182.37
182.88
183.40
183.91
184.51
185.11
185.71
186.32
186.94
187.52
188.12
188.74
189.38
190.03
190.65
191.26
191.80
192.33
192.86
193.35
193.85
194.35
194.86
195.36
195.88
196.38
196.91
197.42
197.93
198.44
198.94
199.41
199.90
200.39
200.90
201.41
201.92
202.41
202.90
203.38
203.87
204.36
204.87
205.31
205.76
206.22
206.68
207.13
207.59
208.03
208.47
208.93
209.39
209.86
210.35
210.84
211.30
211.77
212.23
212.71
213.18
213.66
214.23
214.78
215.34
215.89
216.46
217.07
217.69
218.30
218.89
219.50
220.10
220.68
221.30
221.89
222.52
223.14
223.77
