# Beats
0.63
1.27
1.88
2.50
3.08
3.67
4.26
4.64
5.02
5.39
5.76
6.14
6.51
6.88
7.26
7.62
7.99
8.36
8.72
9.09
9.46
9.83
10.19
10.57
10.94
11.31
11.68
12.04
12.40
12.76
13.12
13.49
13.86
14.23
14.61
14.98
15.34
15.71
16.08
16.45
16.82
17.19
17.57
17.94
18.32
18.72
19.12
19.52
19.90
20.29
20.69
21.07
21.47
21.85
22.23
22.60
22.98
23.35
23.72
24.09
24.46
24.85
25.24
25.63
26.04
26.44
26.83
27.21
27.59
27.96
28.33
28.71
29.11
29.48
29.85
30.22
30.59
30.96
31.34
31.71
32.07
32.43
32.81
33.19
33.58
33.95
34.32
34.69
35.06
35.43
35.81
36.19
36.56
36.94
37.31
37.69
38.07
38.44
38.81
39.20
39.59
39.98
40.38
40.77
41.19
41.60
41.95
42.30
42.64
43.00
43.35
43.69
44.04
44.37
44.71
45.05
45.38
45.72
46.06
