# Beats
0.43
0.87
1.31
1.75
2.21
2.66
3.07
3.51
3.94
4.32
4.71
5.11
5.48
5.90
6.27
6.69
7.13
7.52
7.92
8.31
8.73
9.13
9.57
9.96
10.38
10.84
11.28
11.77
12.24
12.75
13.24
13.75
14.21
14.65
15.13
15.60
16.07
16.44
16.81
17.14
17.48
17.86
18.23
18.58
18.90
19.27
19.62
19.95
20.29
20.63
21.04
21.46
21.90
22.31
22.69
23.10
23.48
23.81
24.21
24.57
24.92
25.29
25.61
25.94
26.27
26.61
26.98
27.33
27.68
28.03
28.35
28.68
29.00
29.33
29.65
30.02
30.37
30.77
31.16
31.53
31.90
32.30
32.69
33.07
33.44
33.81
34.23
34.66
35.02
35.39
35.84
36.34
36.80
37.27
37.76
38.28
38.75
39.24
39.71
40.19
40.72
41.22
41.73
42.21
42.70
43.19
43.68
44.21
44.74
45.26
45.77
46.28
46.74
47.19
47.81
48.39
48.99
49.59
50.16
50.69
51.25
51.78
52.34
52.90
53.46
54.01
54.57
55.10
55.66
56.19
56.70
57.26
57.82
58.40
58.93
59.54
60.14
60.74
61.35
61.96
62.61
63.23
63.82
64.42
65.06
65.74
66.41
67.06
67.71
68.35
68.94
69.52
70.08
70.64
71.19
71.77
72.33
72.84
73.38
73.91
74.42
74.91
75.40
75.88
76.37
76.86
77.39
77.93
78.44
78.88
79.34
79.78
80.27
80.74
81.22
81.66
82.09
82.55
82.99
83.43
83.85
84.24
84.66
85.05
85.50
85.94
86.38
86.80
87.21
87.63
88.07
88.56
89.00
89.44
89.88
90.36
90.77
91.18
91.63
92.14
92.60
93.11
93.61
94.11
94.61
95.10
95.53
95.96
96.39
96.83
97.27
97.71
98.15
98.59
99.03
99.46
99.82
100.17
100.50
100.84
101.24
101.65
102.07
102.47
102.89
103.31
103.72
104.13
104.52
104.93
105.35
105.74
106.12
106.50
106.88
107.30
107.73
108.16
108.55
108.97
109.37
109.74
110.13
110.53
110.90
111.29
111.76
112.23
112.69
113.10
113.52
113.94
114.34
114.80
115.24
115.71
116.19
116.66
117.12
117.56
118.00
118.47
118.93
119.42
119.93
120.37
120.81
121.29
121.75
122.16
122.58
122.96
123.34
123.72
124.06
124.46
124.83
125.23
125.64
126.01
126.46
126.91
127.36
127.87
128.38
128.89
129.38
129.89
130.41
130.87
131.36
131.81
132.26
132.73
133.18
133.62
134.05
