# Beats
0.44
0.88
1.32
1.76
2.21
2.65
3.07
3.48
3.90
4.32
4.76
5.20
5.64
6.08
6.52
6.97
7.40
7.80
8.21
8.60
9.01
9.43
9.85
10.29
10.70
11.12
11.54
12.00
12.47
12.92
13.37
13.84
14.30
14.77
15.23
15.67
16.11
16.58
17.04
17.50
17.96
18.41
18.88
19.37
19.84
20.32
20.78
21.26
21.73
22.21
22.64
23.09
23.55
24.01
24.45
24.92
25.38
25.83
26.31
26.82
27.33
27.84
28.37
28.89
29.42
29.95
30.49
31.00
31.60
32.18
32.77
33.37
33.97
34.62
35.26
35.90
36.55
37.20
37.85
38.48
39.10
39.73
40.36
40.98
41.63
42.28
42.92
43.49
44.09
44.65
45.23
45.81
46.38
46.97
47.53
48.09
48.65
49.23
49.78
50.35
50.92
51.48
52.02
52.57
53.13
53.70
54.27
54.82
55.39
55.95
56.53
57.11
57.70
58.27
58.84
59.42
59.94
60.44
60.93
61.43
61.92
62.39
62.88
63.37
63.85
64.33
64.81
65.27
65.74
66.20
66.68
67.11
67.52
67.98
68.36
68.74
69.11
69.47
69.85
70.23
70.58
70.94
71.27
71.63
72.01
72.38
72.74
73.10
73.46
73.82
74.15
74.50
74.86
75.23
75.58
75.94
76.30
76.65
77.02
77.37
77.71
78.07
78.41
78.74
79.06
79.40
79.76
80.11
80.43
80.78
81.13
81.46
81.78
