# Beats
0.39
0.77
1.14
1.51
1.90
2.30
2.67
3.11
3.53
3.95
4.37
4.78
5.21
5.64
6.05
6.49
6.90
7.29
7.69
8.09
8.50
8.89
9.26
9.64
10.03
10.40
10.77
11.17
11.59
12.00
12.40
12.77
13.13
13.60
14.00
14.40
14.86
15.31
15.75
16.25
16.73
17.19
17.69
18.15
18.62
19.09
19.55
20.03
20.50
20.94
21.39
21.83
22.29
22.71
23.17
23.64
24.13
24.62
25.10
25.63
26.12
26.61
27.05
27.50
27.93
28.35
28.82
29.26
29.68
30.06
30.49
30.92
31.37
31.86
32.30
32.83
33.33
33.89
34.41
34.92
35.46
35.94
36.43
36.92
37.41
37.92
38.44
38.92
39.40
39.87
40.45
41.01
41.59
42.14
42.70
43.31
43.89
44.48
45.07
45.65
46.16
46.65
47.16
47.67
48.16
48.65
49.16
49.66
50.16
50.69
51.21
51.75
52.27
52.78
53.32
53.82
54.30
54.78
55.24
55.68
56.12
56.58
57.03
57.48
57.93
58.35
58.77
59.21
59.68
60.16
60.65
61.11
61.59
62.10
62.67
63.23
63.79
64.37
64.93
65.50
66.11
66.68
67.22
67.80
68.35
69.03
69.71
70.38
71.03
71.73
72.42
73.03
73.68
74.28
74.93
75.56
76.18
76.81
77.46
78.07
78.69
79.34
79.95
80.60
81.22
81.94
82.64
83.31
84.01
84.75
85.45
86.15
86.75
87.31
87.82
88.31
88.82
89.34
89.84
90.35
90.84
91.30
91.81
92.28
92.74
93.20
93.67
94.16
94.62
95.11
95.60
96.04
96.48
96.94
97.38
97.85
98.39
98.89
99.40
99.89
100.38
100.88
101.38
101.87
102.40
102.89
103.38
103.91
104.37
104.86
105.33
105.79
106.28
106.72
107.21
107.72
108.18
108.69
109.20
109.69
110.18
110.67
111.20
111.71
112.25
112.73
113.21
113.64
114.08
114.54
114.99
115.44
115.98
116.52
117.03
117.56
118.07
118.61
119.14
119.69
120.21
120.67
121.18
121.67
122.16
122.65
123.14
123.60
124.06
124.53
124.99
125.43
125.88
126.34
126.78
127.22
127.64
128.08
128.51
128.99
129.42
129.89
130.36
130.87
131.38
131.89
132.40
132.93
133.45
134.03
134.58
135.16
135.72
136.32
136.90
137.46
138.04
138.65
139.25
139.88
140.53
141.18
141.80
142.43
143.13
143.80
144.47
145.17
145.84
146.52
147.19
147.91
148.63
149.39
150.16
150.93
151.63
152.35
153.02
153.65
154.27
154.85
155.46
156.06
156.62
157.20
157.80
158.38
158.96
159.52
160.08
160.54
161.03
161.54
162.05
162.59
163.12
163.67
164.26
164.82
165.37
165.95
166.53
167.09
167.65
168.28
168.95
169.62
170.30
170.97
171.67
172.35
172.99
173.66
174.34
175.01
175.71
176.38
177.04
177.70
178.33
178.96
179.58
180.18
180.77
181.35
181.96
182.58
183.21
183.83
184.51
185.19
185.85
186.53
187.20
187.90
188.55
189.20
189.85
190.45
191.10
191.80
192.49
193.17
193.79
194.47
194.98
195.47
195.95
196.45
196.95
197.46
197.93
198.39
198.89
199.39
199.90
200.41
200.89
201.35
201.84
202.35
202.83
203.31
203.76
204.23
204.68
205.16
205.61
206.08
206.52
206.97
207.45
207.92
208.39
208.84
209.33
209.79
210.26
210.73
211.21
211.67
212.16
212.64
213.09
213.55
214.02
214.46
214.90
215.34
215.69
216.08
216.46
216.83
217.18
217.56
217.90
218.27
218.66
219.01
219.38
219.73
220.08
220.40
220.73
221.08
221.45
221.80
222.19
222.54
222.89
223.21
223.52
223.82
224.14
224.44
224.77
225.09
225.44
225.77
226.09
226.46
226.81
227.16
227.46
227.79
228.11
228.46
228.79
229.13
229.46
229.81
230.16
230.55
230.97
231.38
231.76
232.18
232.59
233.01
233.44
233.85
234.29
234.68
235.10
235.52
235.96
236.33
236.75
237.17
237.59
237.99
238.38
238.77
239.19
239.58
239.96
240.35
240.78
241.16
241.56
242.00
242.39
242.80
