# Beats
0.58
1.17
1.72
2.25
2.79
3.25
3.73
4.20
4.68
5.15
5.63
6.11
6.58
7.07
7.59
8.12
8.63
9.14
9.65
10.17
10.68
11.19
11.70
12.18
12.65
13.13
13.60
14.06
14.54
15.00
15.46
15.94
16.44
16.94
17.44
17.94
18.44
18.94
19.42
19.91
20.38
20.86
21.34
21.83
22.31
22.80
23.29
23.78
24.26
24.75
25.23
25.73
26.22
26.71
27.21
27.71
28.22
28.72
29.21
29.70
30.19
30.67
31.16
31.65
32.14
32.62
33.11
33.60
34.09
34.59
35.10
35.61
36.10
36.58
37.07
37.60
38.15
38.77
39.38
40.00
40.61
41.23
41.84
42.45
43.05
43.60
44.14
44.61
45.07
45.53
45.99
46.45
46.92
47.38
47.84
48.31
48.77
49.25
49.74
50.21
50.68
51.15
51.63
52.09
52.57
53.05
53.50
53.93
54.37
54.81
55.21
55.61
56.01
56.41
56.81
57.20
57.60
57.99
58.39
58.78
59.18
59.57
59.95
60.34
60.71
61.13
61.54
61.96
62.37
62.76
63.17
63.55
63.95
64.35
64.76
65.17
65.58
66.01
66.43
66.85
67.26
67.66
68.07
68.48
68.88
69.30
69.71
70.10
70.48
70.88
71.27
71.70
72.13
72.56
72.98
73.40
73.82
74.25
74.68
75.08
75.50
75.92
76.34
76.77
77.36
77.94
78.53
79.12
79.71
80.31
80.89
81.48
82.06
82.65
83.24
83.84
84.43
85.01
85.59
86.16
86.76
87.37
87.97
88.56
89.15
89.70
90.24
90.65
91.03
91.42
91.80
92.17
92.54
92.91
93.29
93.67
94.05
94.44
94.82
95.23
95.62
96.03
96.42
96.82
97.21
97.59
97.98
98.37
98.77
99.16
99.54
99.93
100.32
100.70
101.20
101.70
102.20
102.74
103.28
103.83
104.36
104.90
105.43
105.96
106.50
107.04
107.59
108.15
108.72
109.27
109.83
110.36
110.89
111.41
111.93
112.47
113.00
113.52
114.04
114.57
115.09
115.61
116.13
116.67
117.20
117.73
118.24
118.76
119.21
119.66
120.13
120.57
121.01
121.45
121.89
122.33
122.75
123.17
123.59
124.01
124.44
124.87
125.29
125.72
126.15
126.58
127.04
127.49
128.00
128.52
129.04
129.51
129.96
130.40
130.84
131.29
131.73
132.17
132.64
133.11
133.58
134.05
134.51
134.97
135.43
135.89
136.37
136.82
137.26
137.71
138.16
138.57
138.98
139.39
139.80
140.21
140.63
141.05
141.44
141.84
142.23
142.63
143.02
143.42
143.81
