# Beats
0.60
1.22
1.80
2.39
2.97
3.55
4.13
4.71
5.29
5.89
6.35
6.82
7.29
7.69
8.08
8.48
8.87
9.28
9.68
10.08
10.46
10.84
11.23
11.61
12.00
12.41
12.82
13.22
13.63
14.02
14.42
14.81
15.22
15.63
16.02
16.42
16.81
17.23
17.62
18.01
18.39
18.77
19.16
19.54
19.92
20.29
20.65
21.01
21.39
21.76
22.13
22.50
22.88
23.25
23.61
24.00
24.37
24.74
25.11
25.48
25.86
26.23
26.59
26.96
27.34
27.72
28.11
28.49
28.89
29.27
29.64
30.04
30.44
30.84
31.36
31.88
32.40
32.87
33.32
33.77
34.23
34.68
35.13
35.60
36.00
36.41
36.80
37.20
37.59
38.00
38.39
38.80
39.20
39.59
39.98
40.37
40.75
41.15
41.53
41.89
42.25
42.61
42.97
43.34
43.71
44.08
44.45
44.83
45.17
45.53
45.89
46.25
46.63
47.00
47.37
47.74
48.11
48.47
48.84
49.20
49.56
49.92
50.28
50.64
51.00
51.37
51.75
52.11
52.47
52.84
53.21
53.58
53.95
54.32
54.69
55.05
55.43
55.80
56.17
56.54
56.91
57.30
57.67
58.07
58.47
58.86
59.26
59.64
60.02
60.40
60.77
61.15
61.53
61.90
62.28
62.65
63.02
63.39
63.76
64.13
64.51
64.89
65.27
65.65
66.04
66.41
66.78
67.16
67.54
67.91
68.29
68.66
69.03
69.40
69.78
70.15
70.53
70.90
71.29
71.67
72.06
72.46
72.84
73.22
73.62
74.01
74.37
74.72
75.08
75.44
75.80
76.17
76.54
76.90
77.28
77.65
78.04
78.44
78.82
79.19
79.55
79.91
80.28
80.64
81.00
81.36
81.73
82.09
82.45
82.84
83.21
83.60
84.01
84.42
84.81
85.21
85.61
86.01
86.41
86.81
87.20
87.60
88.00
88.41
88.80
89.20
89.58
89.97
90.35
90.73
91.10
91.48
91.86
92.22
92.59
92.95
93.31
93.68
94.04
94.40
94.76
95.12
95.48
95.84
96.20
96.57
96.95
97.33
97.69
98.06
98.44
98.81
99.18
99.54
99.92
100.29
100.66
101.03
101.41
101.78
102.17
102.55
102.93
103.32
103.69
104.06
104.43
104.80
105.17
105.55
105.93
106.32
106.72
107.23
107.75
108.26
108.76
109.27
109.77
110.27
110.78
111.29
111.75
112.20
112.66
113.07
113.48
113.89
114.31
114.72
115.12
115.52
115.91
116.31
116.72
