# Beats
0.60
1.23
1.86
2.48
3.11
3.73
4.34
4.90
5.47
6.04
6.58
7.15
7.63
8.10
8.57
9.03
9.51
9.98
10.45
10.92
11.40
11.87
12.33
12.82
13.31
13.82
14.33
14.81
15.29
15.77
16.27
16.76
17.28
17.76
18.20
18.65
19.09
19.50
19.95
20.36
20.81
21.21
21.64
22.08
22.53
22.99
23.45
23.99
24.52
25.04
25.57
26.10
26.63
27.17
27.70
28.33
28.96
29.56
30.17
30.78
31.32
31.88
32.46
33.03
33.60
34.17
34.71
35.25
35.70
36.14
36.57
37.01
37.45
37.89
38.34
38.78
39.23
39.68
40.12
40.57
40.98
41.39
41.90
42.42
42.96
43.51
44.06
44.59
45.14
45.70
46.25
46.79
47.33
47.87
48.39
48.95
49.55
50.16
50.74
51.34
51.92
52.55
53.17
53.78
54.39
55.00
55.59
56.19
56.73
57.27
57.82
58.37
58.93
59.47
60.00
60.53
61.00
61.46
61.93
62.38
62.81
63.24
63.67
64.11
64.53
64.95
65.36
65.78
66.21
66.64
67.08
67.54
67.98
68.43
68.87
69.31
69.85
70.33
70.83
71.34
71.85
72.35
72.86
73.38
73.89
74.39
74.91
75.42
75.92
76.43
76.94
77.44
77.95
78.46
78.97
79.48
79.99
80.53
81.04
81.54
82.06
82.58
83.10
83.62
84.13
84.64
85.15
85.64
86.17
86.68
87.19
87.71
88.24
88.75
89.29
89.84
90.37
90.85
91.35
91.83
92.31
92.78
93.25
93.79
94.30
94.81
95.36
95.90
96.43
96.94
97.45
97.96
98.50
99.03
99.59
100.16
100.70
101.24
101.80
102.33
102.86
103.42
103.98
104.51
105.02
105.51
106.00
106.49
106.97
107.46
107.95
108.44
108.94
109.45
109.96
110.46
110.97
111.48
111.97
112.45
113.08
113.71
114.34
115.02
115.69
116.38
117.05
117.75
118.44
119.14
119.83
120.53
121.25
121.93
122.59
123.25
123.81
124.37
124.85
125.34
125.84
126.34
126.85
127.33
127.87
128.41
128.94
129.52
130.12
130.74
131.36
131.94
132.54
133.14
133.77
134.40
135.00
135.53
136.07
136.60
137.09
137.56
138.04
138.51
138.95
139.39
139.83
140.26
140.70
141.15
141.60
142.01
142.45
142.93
143.41
143.89
144.38
144.86
145.36
145.82
146.31
146.77
147.23
147.69
148.17
148.68
149.19
149.70
150.21
150.73
151.25
151.81
152.37
152.95
153.50
154.04
154.58
155.13
155.70
156.26
156.80
157.36
157.88
158.41
158.92
159.47
160.03
160.55
161.09
161.61
162.08
162.54
163.00
163.47
163.92
164.37
164.84
165.35
165.86
166.37
166.86
167.35
167.83
168.33
168.83
169.34
169.83
170.31
170.81
171.25
171.69
172.11
172.55
172.98
173.42
173.84
174.27
174.70
175.15
175.57
175.96
176.38
176.80
177.24
177.68
178.10
178.52
178.93
179.36
179.79
180.23
180.66
181.09
181.51
181.93
182.36
182.78
183.30
183.79
184.27
184.76
185.25
185.74
186.25
186.76
