# Beats
0.62
1.24
1.87
2.50
3.12
3.74
4.37
4.95
5.50
6.07
6.64
7.22
7.78
8.34
8.89
9.45
10.03
10.68
11.33
12.03
12.71
13.40
14.07
14.76
15.46
16.18
16.88
17.58
18.16
18.73
19.30
19.88
20.46
21.06
21.66
22.26
22.86
23.45
24.03
24.61
25.22
25.80
26.38
26.94
27.49
28.05
28.60
29.16
29.72
30.27
30.81
31.35
31.86
32.37
32.89
33.44
33.97
34.49
35.00
35.53
36.04
36.56
37.08
37.52
37.96
38.42
38.88
39.36
39.82
40.32
40.83
41.33
41.82
42.31
42.82
43.33
43.84
44.35
44.91
45.46
46.05
46.68
47.32
47.95
48.59
49.20
49.83
50.45
51.04
51.63
52.18
52.73
53.28
53.82
54.37
54.92
55.43
55.94
56.45
56.97
57.52
58.06
58.61
59.14
59.68
60.19
60.72
61.32
61.93
62.58
63.22
63.87
64.48
65.09
65.70
66.30
66.87
67.45
68.03
68.61
69.17
69.75
70.33
70.91
71.49
72.07
72.64
73.19
73.73
74.28
74.81
75.37
75.93
76.45
77.00
77.51
78.02
78.55
79.06
79.57
80.10
80.57
81.04
81.51
81.98
82.45
82.92
83.38
83.85
84.32
84.79
85.26
85.75
86.27
86.80
87.32
87.82
88.31
88.79
89.28
89.79
90.28
90.69
91.10
91.52
91.93
92.32
92.71
93.11
93.51
93.90
94.30
94.69
95.07
95.54
95.99
96.44
96.91
97.38
97.87
98.34
98.80
99.28
99.82
100.38
100.93
101.49
102.05
102.61
103.18
103.75
104.30
104.86
105.42
105.96
106.51
107.06
107.60
108.16
108.69
109.25
109.81
110.31
110.81
111.32
111.83
112.34
112.94
113.55
114.13
114.72
115.29
115.87
116.45
117.03
117.50
117.98
118.47
118.98
119.48
119.98
120.47
120.95
121.42
121.86
122.28
122.69
123.12
123.56
124.02
124.46
124.91
125.36
125.82
126.26
126.70
127.16
127.62
128.06
128.51
128.96
129.45
129.93
130.40
130.87
131.34
131.83
132.33
132.82
133.29
133.77
134.26
134.75
135.22
135.70
136.19
136.65
137.14
137.62
138.21
138.74
139.28
139.83
140.38
140.92
141.48
142.04
142.57
143.10
143.64
144.15
144.68
145.19
145.69
146.17
146.66
147.14
147.64
148.17
148.63
149.10
149.54
150.02
150.48
150.93
151.38
151.84
152.29
152.74
153.23
153.72
154.18
154.69
155.20
155.70
156.20
156.69
157.20
157.70
158.20
158.69
159.29
159.88
160.47
161.05
161.66
162.26
162.84
163.45
164.05
164.65
165.19
165.72
166.23
166.77
167.30
