# Beats
0.42
0.85
1.28
1.71
2.14
2.57
3.01
3.45
3.89
4.33
4.75
5.17
5.58
6.01
6.46
6.90
7.34
7.77
8.17
8.61
9.03
9.45
9.89
10.33
10.76
11.19
11.61
12.09
12.56
13.07
13.61
14.14
14.70
15.35
15.98
16.60
17.23
17.83
18.39
18.95
19.48
19.99
20.51
21.06
21.62
22.15
22.69
23.21
23.75
24.24
24.72
25.21
25.68
26.17
26.64
27.16
27.65
28.14
28.62
29.09
29.58
30.07
30.56
31.03
31.58
32.14
32.74
33.34
33.92
34.50
35.09
35.64
36.22
36.80
37.33
37.85
38.38
38.89
39.43
39.96
40.47
40.96
41.45
41.94
42.45
42.97
43.47
43.97
44.44
44.93
45.40
45.88
46.37
46.85
47.35
47.88
48.40
48.92
49.46
49.99
50.52
51.10
51.66
52.22
52.79
53.36
53.92
54.49
55.07
55.64
56.19
56.74
57.30
57.84
58.40
58.96
59.51
60.05
60.60
61.18
61.77
62.33
62.93
63.51
64.09
64.67
65.22
65.79
66.39
66.87
67.34
67.81
68.30
68.78
69.25
69.73
70.18
70.64
71.10
71.54
71.99
72.45
72.89
73.33
73.77
74.21
74.65
75.07
75.52
75.95
76.38
76.82
77.26
77.69
78.12
78.55
78.97
79.40
79.83
80.25
80.67
81.11
81.55
82.08
82.59
83.08
83.57
84.08
84.59
85.09
85.61
86.13
86.68
87.24
87.82
88.40
88.99
89.55
90.09
90.67
91.25
91.81
92.37
92.91
93.47
94.02
94.55
95.10
95.67
96.22
96.77
97.34
97.91
98.46
99.03
99.66
100.31
100.96
101.60
102.24
102.84
103.43
104.01
104.54
105.06
105.59
106.14
106.70
107.28
107.83
108.39
108.95
109.52
110.06
110.61
111.13
111.64
112.18
112.71
113.24
113.75
114.27
114.80
115.33
115.88
116.40
116.91
117.48
118.07
118.67
119.26
119.86
120.47
121.05
121.63
122.23
122.82
123.41
124.02
124.60
125.18
125.78
126.33
126.87
127.43
127.97
128.50
129.03
129.54
130.04
130.55
131.08
131.59
132.12
132.64
133.14
133.65
134.14
134.65
135.16
135.77
136.37
136.96
137.54
138.14
138.72
139.31
139.84
140.38
140.90
141.34
141.78
142.22
142.66
143.09
143.52
143.96
144.36
144.74
145.14
145.52
145.90
146.30
146.68
147.06
147.42
147.77
148.12
148.49
148.84
149.21
149.58
149.94
150.30
150.65
151.00
151.37
151.72
152.06
152.39
152.74
153.07
153.41
153.76
154.11
154.46
154.80
155.13
155.48
155.84
156.22
156.62
157.01
157.40
157.78
158.15
158.52
158.92
159.29
159.68
160.06
160.44
160.84
161.26
161.70
162.10
162.52
162.91
163.32
163.71
164.11
164.51
164.92
165.33
165.73
166.15
166.56
166.95
167.37
167.79
168.16
168.53
168.90
169.27
169.64
170.00
170.39
170.76
171.13
171.50
171.87
172.23
172.61
172.97
173.33
173.70
174.15
174.60
175.06
175.52
175.95
176.38
176.87
177.37
177.86
178.46
179.05
179.65
180.27
180.86
181.51
182.14
182.76
183.41
184.09
184.74
185.41
186.08
186.75
187.34
187.92
188.50
189.10
189.68
190.31
190.95
191.59
192.21
192.84
193.42
194.01
194.61
195.21
195.79
196.39
197.00
197.58
198.23
198.88
199.55
200.23
200.90
201.55
202.21
202.87
203.51
204.10
204.68
205.26
205.87
206.47
206.94
207.41
207.91
208.39
208.89
209.37
209.85
210.33
210.80
211.30
211.79
212.28
212.88
213.50
214.11
214.73
215.34
215.92
216.50
217.08
217.66
218.24
218.84
219.41
220.04
220.69
221.36
222.03
222.70
223.38
224.06
224.68
225.29
225.88
226.49
227.07
227.67
228.28
228.86
229.41
229.97
230.52
231.06
231.63
232.11
232.59
233.06
233.52
233.96
234.42
234.87
235.32
235.78
236.22
236.66
237.12
237.57
238.03
238.49
238.93
239.37
239.84
240.30
240.79
241.24
241.70
242.14
242.59
