# Beats
0.77
1.54
2.36
3.13
3.90
4.64
5.39
6.12
6.87
7.62
8.36
9.10
9.85
10.59
11.32
12.05
12.79
13.49
14.16
14.85
15.49
16.14
16.79
17.44
18.01
18.55
19.12
19.62
20.11
20.60
21.10
21.59
22.08
22.59
23.10
23.61
24.10
24.59
25.08
25.54
25.99
26.45
26.94
27.40
27.89
28.36
28.84
29.32
29.80
30.30
30.78
31.25
31.72
32.18
32.65
33.11
33.58
34.06
34.55
35.03
35.50
35.97
36.43
36.90
37.47
38.05
38.65
39.24
39.83
40.43
41.03
41.63
42.26
42.89
43.58
44.30
45.02
45.73
46.44
47.16
47.81
48.45
49.08
49.71
50.34
50.98
51.62
52.26
52.90
53.55
54.17
54.80
55.44
56.08
56.70
57.33
57.97
58.62
59.26
59.91
60.58
61.15
61.72
62.29
62.83
63.37
63.90
64.44
64.97
65.50
66.01
66.53
66.99
67.45
67.90
68.36
68.80
69.24
69.67
70.12
70.57
71.01
71.49
71.98
72.48
72.96
73.42
73.90
74.37
74.85
75.31
75.79
76.25
76.72
77.18
77.62
78.07
78.51
78.97
79.42
79.88
80.29
80.74
81.18
81.73
82.27
82.81
83.36
83.89
84.42
84.95
85.50
86.02
86.59
87.16
87.72
88.31
88.89
89.45
90.00
90.56
91.14
91.72
92.24
92.76
93.29
93.79
94.27
94.74
95.20
95.65
96.11
96.57
97.02
97.47
97.92
98.38
98.86
99.31
99.80
100.29
100.79
101.31
101.83
102.35
102.98
103.60
104.21
104.81
105.42
106.02
106.63
107.11
107.60
108.10
108.56
109.04
109.53
110.02
110.49
110.97
111.47
111.96
112.42
112.90
113.36
113.82
114.29
114.76
115.25
115.73
116.26
116.81
117.43
118.05
118.65
119.21
119.75
120.29
120.84
121.41
121.87
122.32
122.76
123.19
123.62
124.06
124.51
124.95
125.39
125.81
126.24
126.66
127.11
127.52
127.97
128.41
128.84
129.27
129.71
130.14
130.60
131.17
131.70
132.24
132.82
133.40
133.97
134.57
135.14
135.56
136.00
136.42
136.88
137.36
137.81
138.30
138.76
139.25
139.71
140.16
140.63
141.11
141.57
142.05
142.52
142.99
143.45
143.92
144.36
144.82
145.31
145.77
146.26
146.77
147.31
147.82
148.33
148.91
149.51
150.08
150.65
151.21
151.79
152.38
153.07
153.72
154.37
155.04
155.71
156.39
157.06
157.76
158.45
159.13
159.85
