# Beats
0.65
1.29
1.96
2.57
3.18
3.81
4.44
5.04
5.65
6.29
6.92
7.55
8.16
8.78
9.31
9.82
10.37
10.87
11.38
11.91
12.45
12.96
13.47
14.00
14.51
15.07
15.63
16.17
16.74
17.30
17.83
18.41
18.95
19.39
19.85
20.27
20.69
21.13
21.55
21.97
22.38
22.80
23.22
23.63
24.01
24.40
24.80
25.29
25.80
26.31
26.82
27.36
27.86
28.51
29.19
29.86
30.58
31.30
32.00
32.72
33.44
34.12
34.86
35.57
36.25
36.92
37.57
38.25
38.94
39.60
40.28
40.97
41.73
42.45
43.19
43.93
44.66
45.40
46.09
46.80
47.53
48.27
49.02
49.74
50.43
51.15
51.87
52.59
53.35
54.07
54.82
