# Beats
0.37
0.79
1.23
1.68
2.11
2.52
2.95
3.39
3.82
4.25
4.67
5.07
5.48
5.89
6.36
6.85
7.34
7.83
8.31
8.92
9.50
10.08
10.66
11.24
11.84
12.50
13.17
13.84
14.52
15.21
15.89
16.58
17.29
17.97
18.67
19.37
20.06
20.75
21.46
22.16
22.87
23.59
24.26
24.93
25.47
26.03
26.59
27.14
27.70
28.26
28.82
29.40
29.98
30.53
31.10
31.56
32.02
32.48
32.97
33.46
33.95
34.42
34.84
35.31
35.84
36.32
36.77
37.26
37.73
38.20
38.67
39.22
39.76
40.26
40.76
41.22
41.62
42.10
42.56
43.03
43.54
44.01
44.47
44.93
45.40
45.86
46.32
46.80
47.29
47.72
48.13
48.55
49.04
49.52
50.00
50.49
50.93
51.37
51.78
52.22
52.66
53.10
53.57
54.03
54.50
54.98
55.46
55.94
56.39
56.87
57.35
57.82
58.31
58.77
59.23
59.70
60.16
60.63
61.09
61.58
62.04
62.51
62.97
63.44
63.90
64.37
64.85
65.34
65.84
66.35
66.87
67.38
67.88
68.41
68.94
69.45
69.94
70.40
70.87
71.32
71.75
72.20
72.66
73.10
73.56
73.98
74.40
74.85
75.28
75.70
76.08
76.49
76.89
77.28
77.67
78.08
78.51
78.94
79.37
79.78
80.19
80.62
81.06
81.50
81.94
82.38
82.83
83.27
83.71
84.17
84.64
85.08
85.52
85.97
86.40
86.84
87.28
87.71
88.14
88.56
88.98
89.39
89.80
90.21
90.62
91.01
91.42
91.81
92.21
92.60
93.00
93.39
93.79
94.20
94.62
95.02
95.41
95.81
96.22
96.62
97.01
97.42
97.81
98.20
98.60
99.00
99.38
99.78
100.17
100.57
100.96
101.36
101.76
102.18
102.55
102.90
103.24
103.56
103.91
104.25
104.58
104.91
105.26
105.64
106.00
106.36
106.73
107.10
107.46
107.81
108.18
108.55
108.92
109.28
109.64
109.99
110.36
110.72
111.08
111.43
111.79
112.15
112.50
112.85
113.21
113.57
113.96
114.34
114.67
115.00
115.38
