# Beats
0.51
1.03
1.56
2.08
2.61
3.13
3.67
4.19
4.70
5.21
5.71
6.21
6.70
7.19
7.67
8.17
8.67
9.17
9.66
10.17
10.74
11.30
11.87
12.50
13.14
13.71
14.27
14.83
15.39
15.96
16.57
17.17
17.79
18.34
18.91
19.48
20.05
20.61
21.15
21.69
22.22
22.74
23.28
23.79
24.30
24.80
25.26
25.72
26.17
26.62
27.10
27.57
28.06
28.55
29.04
29.54
30.09
30.63
31.17
31.71
32.23
32.75
33.27
33.80
34.31
34.82
35.33
35.83
36.34
36.84
37.34
37.83
38.32
38.84
39.35
39.86
40.36
40.87
41.37
41.88
42.39
42.90
43.40
43.90
44.40
44.90
45.40
45.88
46.37
46.86
47.35
47.82
48.29
48.77
49.27
49.77
50.26
50.75
51.23
51.72
52.40
53.05
53.68
54.30
54.93
55.55
56.19
56.82
57.45
58.07
58.70
59.32
59.93
60.55
61.17
61.80
62.43
63.05
