# Beats
0.45
0.88
1.30
1.76
2.21
2.68
3.10
3.53
3.95
4.34
4.75
5.15
5.57
6.00
6.44
6.86
7.29
7.63
7.99
8.35
8.68
9.01
9.33
9.66
9.98
10.31
10.63
10.94
11.26
11.60
11.98
12.36
12.75
13.12
13.49
13.86
14.21
14.58
14.95
15.33
15.67
16.02
16.44
16.86
17.28
17.69
18.12
18.56
19.02
19.46
19.90
20.32
20.74
21.15
21.56
21.97
22.38
22.78
23.19
23.60
24.03
24.43
24.85
25.24
25.65
26.05
26.45
26.84
27.26
27.68
28.11
28.58
29.05
29.52
30.05
30.57
31.08
31.63
32.17
32.76
33.37
33.97
34.61
35.25
35.87
36.51
37.15
37.79
38.42
38.99
39.57
40.15
40.74
41.33
41.94
42.55
43.12
43.69
44.26
44.76
45.29
45.79
46.30
46.82
47.35
47.87
48.38
48.89
49.44
49.98
50.53
51.06
51.58
52.13
52.66
53.20
53.78
54.33
54.92
55.51
56.10
56.61
57.12
57.63
58.12
58.63
59.16
59.72
60.28
60.84
61.42
61.97
62.55
63.14
63.72
64.31
64.91
65.45
65.97
66.51
67.07
67.64
68.17
68.72
69.27
69.81
70.38
70.94
71.45
71.96
72.48
73.03
73.56
74.09
74.59
75.12
75.65
76.16
76.67
77.18
77.68
78.18
78.68
79.18
79.67
80.18
80.67
81.15
81.65
82.18
82.69
83.20
83.68
84.15
84.63
85.10
85.57
86.03
86.56
87.10
87.63
88.17
88.72
89.28
89.83
90.37
90.93
91.49
92.02
92.57
93.11
93.70
94.31
94.91
95.55
96.20
96.85
97.50
98.13
98.77
99.40
100.05
100.69
101.33
101.97
102.63
103.28
103.93
104.54
105.14
105.76
106.37
106.96
107.46
107.97
108.48
109.01
109.53
110.02
110.54
111.04
111.48
111.92
112.37
112.83
113.20
113.57
113.96
114.35
114.75
115.17
115.59
116.01
116.41
116.82
117.23
117.61
118.00
118.40
118.77
119.16
119.55
119.95
120.36
120.84
121.32
121.81
122.35
122.89
123.44
123.97
124.49
125.02
125.55
126.10
126.62
127.13
127.66
128.22
128.78
129.34
129.88
130.43
130.96
131.49
132.05
132.60
133.17
133.71
134.23
134.77
135.28
135.77
136.25
136.81
137.35
137.89
138.46
139.02
139.58
140.12
140.67
141.26
141.87
142.48
143.14
143.79
144.45
145.10
145.76
146.43
147.08
147.66
148.26
148.84
149.40
149.97
150.53
151.12
151.70
152.25
152.82
153.37
153.91
154.48
155.10
155.71
156.34
156.94
157.57
158.20
