# Beats
0.33
0.71
1.04
1.42
1.79
2.18
2.58
2.96
3.37
3.76
4.13
4.53
4.92
5.29
5.64
5.99
6.33
6.69
7.06
7.48
7.91
8.36
8.80
9.24
9.71
10.15
10.52
10.89
11.24
11.59
11.96
12.35
12.71
13.07
13.40
13.72
14.06
14.44
14.81
15.17
15.49
15.81
16.14
16.46
16.76
17.09
17.44
17.79
18.16
18.51
18.88
19.23
19.71
20.18
20.69
21.20
21.69
22.18
22.67
23.13
23.59
24.08
24.59
25.10
25.59
26.08
26.56
27.05
27.53
28.05
28.51
28.93
29.37
29.88
30.39
30.91
31.43
31.97
32.50
33.02
33.53
34.04
34.54
35.06
35.55
36.06
36.57
37.08
37.62
38.15
38.67
39.13
39.59
40.07
40.52
41.01
41.49
41.91
42.34
42.77
43.19
43.58
44.00
44.42
44.81
45.21
45.60
46.00
46.39
46.76
47.11
47.51
47.89
48.30
48.69
49.04
49.44
49.85
50.25
50.69
51.13
51.57
51.99
52.45
52.94
53.43
53.93
54.47
55.00
55.50
56.03
56.56
57.05
57.59
58.12
58.61
59.14
59.74
60.37
60.98
61.56
62.11
62.72
63.27
63.83
64.37
64.91
65.39
65.84
66.29
66.71
67.06
67.42
67.78
68.13
68.48
68.82
69.18
69.51
69.96
70.40
70.84
71.39
71.91
72.43
72.98
73.49
74.04
74.57
75.07
75.58
76.09
76.64
77.14
77.65
78.18
78.70
79.11
79.53
79.96
80.36
80.82
81.29
81.83
82.36
82.92
83.50
84.04
84.57
85.12
85.66
86.17
86.73
87.24
87.79
88.33
88.86
89.42
89.98
90.49
91.00
91.56
92.11
92.67
93.22
93.77
94.30
94.85
95.38
95.94
96.47
96.99
97.52
98.03
98.57
99.13
99.66
100.21
100.73
101.24
101.80
102.33
102.89
103.42
103.94
104.54
105.12
105.65
106.20
106.74
107.30
107.86
108.41
108.97
109.53
110.06
110.62
111.20
111.80
112.43
113.14
113.82
114.50
115.19
115.87
116.54
117.20
117.91
118.58
119.28
119.98
120.79
121.56
122.32
123.07
123.79
124.53
125.25
125.97
126.71
127.43
128.20
128.92
129.60
130.31
130.96
131.60
132.21
132.77
133.35
133.89
134.46
134.98
135.56
136.10
136.70
137.25
137.78
138.39
138.98
139.55
140.13
140.71
141.28
141.85
142.43
143.01
143.62
144.22
144.78
145.36
145.94
146.52
147.08
147.59
148.10
148.61
149.13
149.62
150.16
150.72
151.23
151.72
152.23
152.75
153.22
153.76
154.27
154.78
155.30
155.79
156.34
156.87
157.40
158.01
158.62
159.20
159.82
160.40
160.94
161.45
162.01
162.54
163.07
163.58
164.10
164.61
165.09
165.62
166.09
166.56
167.02
167.50
167.97
168.44
168.91
169.34
169.81
170.25
170.70
171.12
171.55
171.99
172.44
172.90
173.38
173.84
174.29
174.73
175.12
175.53
175.93
176.36
176.77
177.17
177.55
177.98
178.39
178.79
179.17
179.51
179.95
180.38
180.86
181.37
181.84
182.35
182.86
183.37
183.88
184.38
184.85
185.34
185.83
186.32
186.85
187.36
187.90
188.44
188.94
189.45
189.99
190.48
191.03
191.54
192.08
192.60
193.11
193.64
194.14
194.65
195.19
195.69
196.19
196.70
197.21
197.72
198.21
198.74
199.25
199.76
200.27
200.81
201.32
201.86
202.41
202.94
203.50
204.03
204.57
205.07
205.54
206.03
206.50
206.97
207.42
207.87
208.31
208.72
209.14
209.59
210.05
210.49
210.98
211.42
211.88
212.33
212.79
213.25
213.67
214.11
214.53
