# Beats
0.48
1.04
1.59
2.14
2.72
3.23
3.73
4.23
4.73
5.24
5.75
6.26
6.84
7.31
7.80
8.29
8.79
9.29
9.80
10.31
10.80
11.30
11.80
12.28
12.76
13.25
13.68
14.09
14.51
14.95
15.37
15.79
16.23
16.65
17.07
17.48
17.83
18.16
18.48
18.82
19.16
19.48
19.83
20.18
20.50
20.83
21.15
21.48
21.82
22.15
22.60
23.03
23.46
23.92
24.36
24.79
25.23
25.66
26.10
26.54
26.97
27.38
27.82
28.25
28.68
29.09
29.52
29.95
30.39
30.81
31.25
31.70
32.14
32.58
33.00
33.41
33.85
34.27
34.71
35.16
35.60
36.03
36.46
36.88
37.31
37.76
38.20
38.64
39.07
39.51
39.96
40.38
40.81
41.24
41.68
42.12
42.54
42.96
43.41
43.86
44.32
44.74
45.17
45.60
46.05
46.47
46.90
47.35
47.78
48.20
48.63
49.06
49.49
49.95
50.39
50.83
51.26
51.69
52.13
52.57
53.03
53.49
53.92
54.36
54.78
55.22
55.66
56.10
56.52
56.94
57.38
57.82
58.26
58.69
59.12
59.56
59.99
60.43
60.87
61.31
61.74
62.16
62.58
63.01
63.44
63.88
64.32
64.75
65.18
65.62
66.06
66.50
66.93
67.36
67.78
68.19
68.59
69.01
69.42
69.85
70.28
70.68
71.10
71.52
71.94
72.35
72.76
73.19
73.61
74.04
74.47
74.91
75.34
75.77
76.18
76.60
77.02
77.48
77.93
78.38
78.83
79.30
79.76
80.20
80.65
81.11
81.57
81.98
82.36
82.76
83.15
83.55
83.92
84.29
84.71
85.12
85.54
85.95
86.38
86.82
87.27
87.71
88.14
88.58
89.03
89.51
89.99
90.46
90.94
91.43
91.90
92.31
92.74
93.16
93.58
93.99
94.41
94.81
95.20
95.61
96.01
96.42
96.83
97.22
97.62
98.10
98.60
99.10
99.66
100.21
100.75
101.32
101.89
102.46
103.00
103.56
104.22
104.91
105.59
106.28
106.96
107.65
108.33
108.96
109.60
110.24
110.88
111.50
112.15
112.78
113.41
114.03
114.59
115.15
115.71
116.26
116.82
117.40
117.96
