# Beats
0.57
1.18
1.79
2.39
3.01
3.62
4.25
4.88
5.47
6.06
6.64
7.22
7.78
8.34
8.92
9.47
10.05
10.62
11.19
11.75
12.34
12.96
13.60
14.23
14.86
15.49
16.11
16.72
17.35
17.93
18.51
19.09
19.67
20.26
20.83
21.39
21.94
22.50
23.09
23.67
24.29
24.92
25.52
26.12
26.71
27.33
27.93
28.55
29.16
29.79
30.39
31.02
31.57
32.11
32.67
33.23
33.76
34.30
34.83
35.36
35.87
36.36
36.90
37.38
37.85
38.31
38.79
39.29
39.76
40.24
40.70
41.18
41.66
42.13
42.62
43.10
43.57
44.05
44.54
44.98
45.41
45.86
46.28
46.70
47.14
47.58
48.00
48.46
48.91
49.37
49.82
50.27
