# Beats
0.42
0.81
1.23
1.63
2.05
2.48
2.90
3.34
3.81
4.27
4.62
4.95
5.27
5.60
5.94
6.29
6.62
6.97
7.31
7.66
8.03
8.38
8.73
9.03
9.38
9.73
10.05
10.38
10.73
11.08
11.46
11.80
12.12
12.49
12.84
13.19
13.58
14.02
14.42
14.80
15.21
15.63
16.02
16.49
16.95
17.44
17.93
18.41
18.90
19.39
19.89
20.34
20.83
21.29
21.73
22.18
22.59
23.02
23.48
23.90
24.31
24.72
25.14
25.54
25.93
26.37
26.80
27.25
27.65
28.06
28.51
28.96
29.41
29.81
30.21
30.60
31.02
31.42
31.81
32.18
32.60
33.07
33.51
33.99
34.53
35.03
35.55
36.11
36.66
37.22
37.74
38.29
38.84
39.40
39.96
40.57
41.19
41.73
42.24
42.77
43.26
43.75
44.21
44.70
45.19
45.67
46.15
46.63
47.11
47.60
48.09
48.54
49.05
49.55
50.06
50.55
51.06
51.58
52.06
52.55
53.01
53.52
54.01
54.52
55.10
55.68
56.24
56.82
57.40
58.00
58.61
59.21
59.86
60.51
61.14
61.74
62.37
62.94
63.48
64.04
64.62
65.22
65.83
66.39
66.94
67.52
68.08
68.61
69.15
69.71
70.23
70.80
71.47
72.17
72.82
73.51
74.35
75.15
75.93
76.74
77.54
78.32
79.13
79.96
80.76
81.59
82.42
83.17
83.94
84.78
85.61
86.41
87.25
88.07
88.91
89.76
90.58
91.37
92.21
93.04
93.87
94.74
95.57
96.41
97.21
98.06
98.89
99.71
100.50
101.22
101.91
102.55
103.17
103.77
104.28
104.75
105.23
105.71
106.18
106.65
107.06
107.51
107.93
108.37
108.80
109.23
109.66
110.12
110.55
110.97
111.43
111.85
112.27
112.69
113.10
113.55
113.96
114.40
114.86
115.28
115.73
116.15
116.56
117.02
117.45
117.89
118.35
118.82
119.29
119.77
120.21
120.65
121.09
121.56
122.04
122.51
122.94
123.38
123.83
124.25
124.69
125.13
125.57
125.99
126.43
126.87
127.32
127.73
128.06
128.41
128.73
129.08
129.40
129.75
130.05
130.36
130.71
131.01
131.34
131.66
132.01
132.39
132.77
133.17
133.54
133.98
134.40
134.84
135.23
135.63
136.01
136.42
136.84
137.23
137.59
137.94
138.37
138.79
139.20
139.60
140.02
140.43
140.81
141.21
141.62
142.01
142.43
142.83
143.24
143.66
144.08
144.51
144.99
145.47
145.96
146.45
146.91
147.47
148.00
148.55
149.07
149.58
150.12
150.64
151.16
151.67
152.18
152.69
