# Beats
0.44
0.88
1.36
1.81
2.26
2.72
3.13
3.56
3.99
4.44
4.88
5.32
5.76
6.19
6.64
7.08
7.51
7.96
8.43
8.87
9.31
9.75
10.19
10.63
11.08
11.52
11.95
12.40
12.85
13.29
13.75
14.19
14.62
15.05
15.49
15.91
16.35
16.79
17.24
17.69
18.15
18.58
19.03
19.46
19.91
20.34
20.79
21.25
21.70
22.16
22.62
23.08
23.58
24.06
24.54
25.01
25.47
25.94
26.42
26.89
27.35
27.82
28.31
28.78
29.23
29.68
30.12
30.56
31.02
31.47
31.93
32.39
32.86
33.32
33.76
34.23
34.67
35.12
35.57
36.04
36.50
36.98
37.43
37.87
38.34
38.80
39.24
39.68
40.15
40.59
41.01
41.42
41.88
42.33
42.77
43.21
43.64
44.07
44.51
44.95
45.42
45.87
46.32
46.79
47.24
47.62
48.00
48.37
48.74
49.13
49.52
49.90
50.31
50.70
