# Beats
0.35
0.67
1.04
1.44
1.81
2.18
2.53
2.90
3.29
3.66
4.06
4.46
4.85
5.22
5.64
6.01
6.37
6.75
7.11
7.47
7.85
8.28
8.66
9.04
9.47
9.87
10.26
10.65
11.05
11.47
11.87
12.26
12.65
13.04
13.42
13.80
14.23
14.63
15.06
15.44
15.84
16.21
16.63
17.04
17.51
18.01
18.56
19.06
19.62
20.15
20.71
21.27
21.83
22.34
22.87
23.43
23.96
24.47
25.01
25.52
26.05
26.59
27.18
27.70
28.28
28.84
29.40
29.98
30.53
31.14
31.70
32.23
32.76
33.30
33.81
34.34
34.90
35.43
36.06
36.71
37.34
37.98
38.61
39.22
39.82
40.43
41.01
41.59
42.17
42.77
43.29
43.85
44.37
44.85
45.34
45.78
46.25
46.76
47.25
47.83
48.44
49.04
49.67
50.29
50.91
51.50
52.06
52.64
53.24
53.79
54.33
54.88
55.44
55.96
56.53
57.09
57.61
58.17
58.72
59.30
59.86
60.40
60.98
61.56
62.11
62.69
63.27
63.83
64.41
64.97
65.53
66.11
66.71
67.38
68.03
68.68
69.31
69.93
70.54
71.10
71.70
72.31
72.90
73.47
74.03
74.54
75.07
75.60
76.07
76.51
77.00
77.48
77.97
78.45
78.88
79.32
79.78
80.20
80.64
81.06
81.50
81.97
82.41
82.87
83.35
83.84
84.29
84.75
85.22
85.65
86.12
86.61
87.07
87.49
87.93
88.36
88.83
89.21
89.55
89.93
90.28
90.60
90.96
91.35
91.71
92.14
92.55
92.95
93.34
93.76
94.16
94.55
94.97
95.36
95.77
96.17
96.55
96.93
97.35
97.76
98.15
98.55
98.94
99.33
99.82
100.31
100.80
101.29
101.75
102.21
102.68
103.14
103.61
104.12
104.61
105.07
105.56
106.05
106.50
106.99
107.44
107.93
108.41
108.92
109.47
109.99
110.52
111.04
111.55
112.06
112.57
113.10
113.64
114.20
114.68
115.17
115.68
116.17
116.63
117.10
117.54
118.00
118.48
118.98
119.44
119.93
120.38
120.84
121.30
121.77
122.16
122.55
122.94
123.34
123.74
124.11
124.53
124.92
125.32
