# Beats
0.53
1.09
1.64
2.18
2.73
3.18
3.63
4.09
4.54
4.99
5.45
5.92
6.40
6.87
7.36
7.84
8.31
8.79
9.26
9.74
10.22
10.69
11.16
11.62
12.09
12.56
13.03
13.55
14.07
14.61
15.14
15.67
16.21
16.74
17.28
17.81
18.33
18.84
19.35
19.88
20.41
20.94
21.48
22.01
22.55
23.08
23.61
24.14
24.67
25.19
25.72
26.23
26.74
27.25
27.76
28.27
28.78
29.30
29.84
30.38
30.93
31.45
31.97
32.50
33.02
33.54
34.06
34.56
35.06
35.56
36.06
36.57
37.07
37.59
38.13
38.66
39.21
39.76
40.30
40.83
41.35
41.87
42.36
42.86
43.37
43.87
44.38
44.90
45.42
45.93
46.44
46.96
47.50
48.00
48.51
49.02
49.52
50.00
50.49
50.99
51.47
51.94
52.42
52.90
53.37
53.87
54.36
54.86
55.36
55.86
56.37
56.87
57.36
57.86
58.37
58.89
59.39
59.88
60.40
60.91
61.41
61.92
62.43
62.94
63.45
63.95
64.45
64.96
65.46
65.96
66.46
66.95
67.44
67.94
68.44
68.94
69.43
69.93
70.43
70.94
71.44
71.95
72.45
72.97
73.49
74.00
74.51
75.02
75.53
76.05
76.56
77.07
77.58
78.10
78.61
79.08
79.54
80.00
80.47
80.93
81.39
81.86
82.34
82.81
83.29
83.78
84.25
84.73
85.21
85.67
86.13
86.60
87.06
87.53
87.99
88.47
88.96
89.43
89.90
90.36
90.84
91.30
91.77
92.22
92.68
93.15
93.61
94.09
94.56
95.04
95.58
96.13
96.76
97.38
98.00
98.62
99.23
99.78
100.32
100.87
101.42
101.97
102.52
103.06
103.61
104.13
104.66
105.20
105.73
106.27
106.80
