# Beats
0.55
1.09
1.64
2.18
2.74
3.27
3.85
4.39
4.92
5.41
5.93
6.42
6.90
7.38
7.87
8.35
8.85
9.28
9.71
10.12
10.46
10.80
11.15
11.49
11.82
12.17
12.52
12.86
13.20
13.56
13.89
14.21
14.55
14.88
15.21
15.55
15.88
16.23
16.59
16.95
17.30
17.65
18.01
18.37
18.74
19.11
19.57
20.04
20.53
21.01
21.52
22.01
22.49
22.95
23.43
23.92
24.40
24.89
25.38
25.84
26.33
26.82
27.32
27.82
28.33
28.84
29.34
29.84
30.35
30.86
31.38
31.88
32.38
32.88
33.37
33.85
34.34
34.85
35.34
35.84
36.34
36.85
37.35
37.85
38.35
38.84
39.33
39.82
40.33
40.84
41.35
41.87
42.40
42.91
43.41
43.91
44.42
44.86
45.29
45.72
46.13
46.53
46.95
47.37
47.76
48.18
48.60
48.99
49.41
49.83
50.25
50.78
51.33
52.02
52.71
53.39
54.08
54.75
55.43
56.10
56.78
57.47
58.18
58.87
59.47
60.04
60.60
61.11
61.63
62.15
62.60
63.07
63.53
64.02
64.48
64.97
65.45
65.94
66.46
66.95
67.43
67.90
68.38
68.87
69.33
69.80
70.29
70.75
71.22
71.68
72.16
72.61
73.07
73.54
74.00
74.47
74.93
75.44
75.95
76.45
76.93
77.37
77.81
78.27
78.73
79.17
79.60
80.04
80.48
80.92
81.36
81.85
82.34
82.80
83.27
83.71
84.15
84.59
85.05
85.52
85.98
86.42
86.89
87.35
87.77
88.17
88.56
88.96
89.33
89.70
90.07
90.44
90.82
91.22
91.59
91.97
92.37
92.76
93.17
93.55
93.97
94.39
94.80
95.27
95.78
96.27
96.76
97.27
97.77
98.29
98.82
99.35
99.87
100.38
100.87
101.37
101.89
102.39
102.88
103.38
103.86
104.35
104.81
105.33
105.84
106.34
106.84
107.35
107.83
108.33
108.80
109.27
109.74
110.25
110.76
111.27
111.79
112.31
112.85
113.35
113.85
114.36
114.87
115.40
115.94
116.45
116.96
117.50
118.05
118.62
119.14
119.68
120.20
120.74
121.25
121.77
122.28
122.79
123.30
123.79
124.28
124.80
125.32
125.83
126.36
126.90
127.43
127.95
128.49
129.01
129.54
130.08
130.59
131.13
131.66
132.17
132.70
133.25
133.79
134.33
134.88
135.43
135.98
136.51
137.03
137.56
138.10
138.65
139.18
139.71
140.25
140.78
141.32
141.85
142.38
142.94
143.50
144.06
144.61
145.15
145.66
146.22
146.75
147.28
147.82
148.36
148.89
149.41
149.95
150.44
150.94
151.42
151.90
152.38
152.86
153.33
153.81
154.32
154.87
155.41
155.97
156.53
157.07
157.63
158.17
158.71
159.25
159.80
160.35
160.91
161.47
162.03
162.57
163.12
163.65
164.20
164.76
165.31
165.86
166.42
166.95
167.49
168.02
