# Beats
0.44
0.88
1.32
1.76
2.21
2.62
3.04
3.46
3.89
4.31
4.73
5.14
5.55
5.98
6.40
6.83
7.24
7.67
8.10
8.53
8.96
9.39
9.83
10.26
10.69
11.12
11.55
11.98
12.40
12.83
13.26
13.69
14.12
14.55
14.98
15.41
15.84
16.27
16.71
17.14
17.57
18.00
18.43
18.84
19.27
19.70
20.13
20.57
21.01
21.46
21.90
22.34
22.79
23.24
23.70
24.15
24.60
25.05
25.50
25.93
26.37
26.81
27.24
27.67
28.10
28.53
28.97
29.41
29.84
30.27
30.69
31.10
31.53
31.95
32.38
32.81
33.24
33.67
34.10
34.53
34.96
35.39
35.82
36.25
36.66
37.08
37.50
37.92
38.34
38.77
39.20
39.62
40.05
40.47
40.89
41.32
41.74
42.16
42.59
43.01
43.44
43.87
44.32
44.74
45.16
45.58
46.01
46.44
46.87
47.31
47.75
48.18
48.61
49.05
49.48
49.91
50.34
50.78
51.21
51.64
52.08
52.51
52.94
53.38
53.81
54.24
54.67
55.10
55.53
55.96
56.39
56.82
57.25
57.69
58.13
58.58
59.01
59.44
59.86
60.29
60.72
61.15
61.59
62.04
62.47
62.90
63.33
63.75
64.16
64.57
64.98
65.39
65.81
66.22
66.64
67.06
67.48
67.90
68.31
68.73
69.16
69.59
70.02
70.44
70.86
71.27
71.69
72.12
72.55
72.93
73.32
73.70
74.07
74.44
74.83
75.20
75.56
75.93
76.30
76.67
77.04
77.39
77.74
78.10
78.45
78.84
79.24
79.63
80.03
80.43
80.84
81.25
81.65
82.07
82.50
82.94
83.49
84.02
84.71
85.37
86.04
86.69
87.34
88.02
88.70
89.39
90.06
90.76
91.45
92.15
92.83
93.52
94.24
94.96
95.69
96.41
97.13
97.84
