# Beats
0.71
1.40
2.10
2.80
3.48
4.18
4.81
5.45
6.08
6.71
7.36
7.94
8.50
9.07
9.64
10.22
10.80
11.37
11.94
12.52
13.10
13.58
14.07
14.57
15.02
15.46
15.89
16.32
16.74
17.17
17.59
18.02
18.44
18.85
19.27
19.69
20.12
20.55
20.99
21.41
21.86
22.31
22.79
23.27
23.78
24.28
24.76
25.25
25.70
26.15
26.59
26.99
27.40
27.81
28.24
28.67
29.09
29.52
29.93
30.34
30.74
31.15
31.57
31.99
32.40
32.84
33.27
33.70
34.18
34.64
35.11
35.57
36.06
36.55
37.04
37.56
38.07
38.64
39.21
39.78
40.38
40.98
41.59
42.10
42.59
43.05
43.51
44.00
44.50
44.84
45.21
45.60
45.98
46.35
46.74
47.16
47.65
48.09
48.55
48.99
49.46
49.92
50.36
50.83
51.27
51.72
52.18
52.64
53.10
53.57
54.03
54.50
54.96
55.43
55.89
56.34
56.77
57.21
57.68
58.14
58.61
59.05
59.49
59.95
60.42
60.88
61.35
61.79
62.25
62.74
63.20
63.69
64.18
64.64
65.13
65.61
66.06
66.53
66.99
67.43
67.87
