# Beats
0.63
1.25
1.90
2.53
3.10
3.62
4.18
4.67
5.15
5.65
6.06
6.46
6.85
7.24
7.66
8.06
8.45
8.85
9.24
9.64
10.03
10.43
10.82
11.22
11.61
12.00
12.39
12.77
13.14
13.54
13.93
14.32
14.72
15.10
15.49
15.87
16.28
16.67
17.06
17.44
17.83
18.22
18.61
18.99
19.39
19.78
20.17
20.55
20.94
21.32
21.71
22.11
22.51
22.89
23.29
23.66
24.08
24.50
24.89
25.26
25.66
26.04
26.42
26.78
27.17
27.56
27.95
28.35
28.75
29.13
29.51
29.88
30.28
30.66
31.05
31.43
31.81
32.19
32.58
33.00
33.39
33.76
34.13
34.53
34.92
35.32
35.71
36.11
36.48
36.87
37.27
37.64
38.03
38.43
38.80
39.20
39.58
39.96
40.33
40.73
41.15
41.61
42.03
42.45
42.85
43.28
43.70
44.14
44.65
45.16
45.65
46.15
46.66
47.21
