# Beats
0.51
1.07
1.63
2.18
2.72
3.27
3.81
4.37
4.92
5.49
6.18
6.85
7.45
8.08
8.71
9.36
10.01
10.70
11.40
12.10
12.79
13.50
14.20
14.88
15.58
16.28
16.99
17.69
18.40
19.11
19.82
20.53
21.23
21.94
22.65
23.36
24.06
24.75
25.45
26.15
26.83
27.53
28.24
28.96
29.66
30.37
31.09
31.81
32.52
33.24
33.95
34.67
35.40
36.12
36.85
37.59
38.34
39.08
39.82
40.53
41.24
41.95
42.64
43.31
43.98
44.70
45.42
46.13
46.85
47.60
48.37
49.11
49.85
50.60
51.35
52.07
52.78
53.50
54.23
54.96
55.64
56.31
56.96
57.61
58.28
58.96
59.59
60.23
60.86
61.49
62.11
62.67
63.24
63.81
64.32
64.83
65.35
65.86
66.37
66.89
67.38
67.87
68.36
68.85
69.33
69.82
70.21
70.61
71.01
71.40
71.80
72.19
72.59
72.97
73.35
73.73
74.09
74.43
74.79
75.13
75.49
75.84
76.16
76.49
76.81
77.16
77.51
77.86
78.20
78.54
78.88
79.23
79.57
79.91
80.36
80.79
81.22
81.66
82.12
82.57
83.03
83.50
83.94
84.38
84.85
85.30
85.75
86.19
86.65
87.10
87.55
88.05
88.54
89.03
89.54
90.02
90.52
90.98
91.44
91.90
92.31
92.72
93.12
93.53
93.96
94.39
94.82
95.29
95.76
96.22
96.70
97.18
97.64
98.10
98.55
99.01
99.47
99.92
100.35
100.80
101.25
101.70
102.17
102.62
103.07
103.53
103.98
104.47
104.95
105.42
105.86
106.31
106.77
107.21
107.64
108.07
108.48
108.90
109.34
109.78
110.23
110.68
111.11
111.58
112.04
112.50
112.95
113.39
113.85
114.31
114.74
115.19
115.66
116.10
116.54
116.98
117.41
117.85
118.28
118.72
119.14
119.57
120.00
120.43
120.86
121.28
121.71
122.14
122.57
123.00
123.41
123.84
124.27
124.70
125.18
125.65
126.14
126.62
127.11
127.59
128.06
128.50
128.98
129.44
129.89
130.36
130.82
131.26
131.73
132.19
132.67
133.14
133.65
134.05
134.44
134.83
135.22
135.57
135.91
136.23
136.57
136.90
137.25
137.60
137.95
138.34
138.74
139.13
139.53
140.00
140.48
140.93
141.41
141.90
142.37
142.84
143.31
143.78
144.22
144.68
145.16
145.62
146.05
146.48
146.91
147.37
147.82
148.26
148.71
149.16
149.61
150.05
150.49
150.94
151.37
151.77
152.16
152.57
153.07
153.54
154.02
154.51
154.98
155.46
155.93
156.42
156.90
157.38
157.80
158.22
158.63
159.03
159.44
159.85
160.26
160.68
161.09
