# Beats
0.49
0.99
1.47
1.95
2.41
2.88
3.33
3.78
4.24
4.67
5.10
5.53
5.96
6.41
6.87
7.31
7.76
8.20
8.65
9.10
9.56
10.00
10.44
10.88
11.32
11.78
12.24
12.69
13.13
13.57
14.01
14.47
14.91
15.35
15.79
16.24
16.68
17.14
17.59
18.05
18.51
18.97
19.41
19.85
20.31
20.76
21.21
21.66
22.12
22.56
23.00
23.45
23.89
24.35
24.80
25.25
25.70
26.16
26.60
27.04
27.49
27.93
28.39
28.83
29.27
29.72
30.17
30.63
31.07
31.52
31.97
32.44
32.90
33.37
33.82
34.27
34.73
35.17
35.62
36.07
36.52
36.97
37.41
37.86
38.32
38.77
39.21
39.66
40.11
40.55
41.01
41.46
41.90
42.35
42.81
43.26
43.71
44.16
44.61
45.06
45.50
45.95
46.41
46.86
47.31
47.76
48.20
48.65
49.10
49.55
49.99
50.45
50.89
51.34
51.78
52.22
52.67
53.13
53.58
54.03
54.49
54.93
55.38
55.83
56.30
56.74
57.18
57.62
58.07
58.53
58.97
59.41
59.85
60.30
60.76
61.22
61.67
62.12
62.57
63.02
63.47
63.94
64.40
64.85
65.31
65.76
66.20
66.65
67.09
67.55
68.00
68.44
68.88
69.32
69.75
70.19
70.62
71.04
71.47
71.91
72.35
72.77
73.21
73.67
74.11
74.52
74.97
75.41
75.87
76.34
76.80
77.26
77.72
78.17
78.62
79.10
79.57
80.04
80.48
80.92
81.37
81.82
82.26
82.70
83.16
83.62
84.06
84.51
84.95
85.38
85.81
86.30
86.81
87.32
87.83
88.35
88.87
89.40
89.92
90.44
90.96
91.49
92.01
92.53
93.05
93.58
94.11
94.64
95.19
95.72
96.27
96.80
97.34
97.87
98.39
98.92
99.44
99.96
100.48
101.00
101.49
101.98
102.48
102.98
103.49
104.00
104.50
105.00
105.49
105.92
106.35
106.78
107.19
107.64
108.08
108.51
108.95
109.39
109.82
110.31
110.81
111.30
111.83
112.34
112.85
113.35
113.86
114.37
114.87
115.38
115.89
116.40
116.90
117.40
117.91
118.42
118.93
119.43
119.94
120.44
120.94
121.44
121.95
122.46
122.97
123.47
123.97
124.48
124.98
125.49
125.99
126.50
127.00
127.50
127.99
128.48
128.98
129.51
130.03
130.54
131.05
131.58
132.10
132.61
133.12
133.64
134.16
134.69
135.20
135.72
136.23
136.75
137.28
137.80
138.31
138.82
139.34
139.87
140.39
140.91
141.44
141.97
142.49
143.01
143.55
144.08
144.54
145.02
145.50
145.97
146.45
146.94
147.41
147.90
148.39
148.85
149.32
149.78
150.26
150.73
151.20
151.67
152.15
152.62
153.15
153.68
154.22
154.73
155.24
155.77
156.26
156.73
157.21
157.69
158.16
158.65
159.13
159.60
160.08
160.59
161.10
161.60
162.12
162.64
163.18
163.63
164.08
164.55
165.00
165.45
165.92
166.37
166.82
167.28
167.74
168.18
168.63
169.08
169.51
169.94
170.36
170.79
171.22
171.67
172.09
172.51
172.93
173.35
173.78
174.20
174.61
175.03
175.44
175.84
176.24
176.63
177.03
177.42
177.82
178.22
178.62
179.01
179.40
179.78
180.16
180.56
180.94
181.32
181.71
182.09
182.47
182.87
183.28
183.67
184.05
184.45
184.83
185.21
185.60
185.97
186.35
186.72
187.11
187.47
187.84
188.21
188.58
188.95
189.32
189.70
190.07
190.44
190.81
191.19
191.58
191.95
192.32
192.69
193.06
193.43
193.81
194.18
194.55
194.93
195.30
195.67
196.05
196.43
196.80
197.17
197.54
197.92
198.29
198.66
199.03
199.42
199.81
200.20
200.61
201.03
201.43
201.85
202.33
202.81
203.29
203.79
204.28
204.78
205.28
205.78
206.27
206.76
207.25
207.76
208.35
208.93
209.50
210.07
210.65
211.23
211.81
212.42
213.01
213.59
214.18
214.76
215.34
215.95
216.55
217.23
217.91
218.58
219.25
219.94
