# Beats
0.66
1.35
2.02
2.69
3.34
3.99
4.67
5.35
6.03
6.68
7.34
8.00
8.66
9.25
9.85
10.40
10.96
11.52
11.98
12.43
12.89
13.33
13.77
14.22
14.69
15.09
15.49
15.89
16.29
16.72
17.16
17.62
18.05
18.51
18.97
19.41
19.85
20.32
20.82
21.32
21.83
22.33
22.83
23.34
23.85
24.33
24.83
25.37
25.89
26.41
26.95
27.49
28.01
28.53
29.04
29.56
30.15
30.72
31.30
31.90
32.51
33.11
33.73
34.32
34.92
35.53
36.10
36.69
37.21
37.73
38.25
38.78
39.29
39.80
40.31
40.82
41.33
41.85
42.35
42.86
43.36
43.85
44.35
44.85
45.35
45.84
46.32
46.81
47.29
47.76
48.25
48.72
49.19
49.67
50.16
50.64
51.11
51.58
52.06
52.52
53.03
53.52
54.03
54.53
55.05
55.54
56.03
56.53
57.03
57.52
58.13
58.77
59.40
60.00
60.63
61.25
61.86
62.44
63.01
63.60
64.18
64.78
65.38
66.04
66.69
67.34
68.01
68.66
69.32
69.98
70.66
71.32
71.99
72.68
73.31
73.91
74.52
75.15
75.78
76.39
77.02
77.62
78.25
78.79
79.33
79.85
80.29
80.74
81.22
81.73
82.23
82.73
83.22
83.71
84.20
84.68
85.14
85.59
86.04
86.44
86.83
87.23
87.62
87.99
88.36
88.74
89.11
89.49
89.87
90.26
90.64
91.01
91.38
91.75
92.13
92.50
92.87
93.24
93.61
93.98
94.35
94.73
95.10
95.46
95.82
96.18
96.63
97.07
97.51
97.95
98.37
98.79
99.21
99.71
100.19
100.70
101.29
101.84
102.38
102.92
103.49
104.07
104.65
105.23
105.84
106.43
107.02
107.60
108.17
108.76
