# Beats
0.42
0.84
1.30
1.76
2.18
2.64
3.13
3.62
4.09
4.53
4.95
5.36
5.80
6.25
6.69
7.13
7.56
7.99
8.43
8.87
9.33
9.80
10.24
10.66
11.06
11.47
11.88
12.27
12.65
13.04
13.42
13.79
14.18
14.56
14.95
15.35
15.72
16.08
16.46
16.86
17.25
17.62
18.01
18.37
18.74
19.10
19.48
19.85
20.22
20.62
21.00
21.39
21.78
22.15
22.49
22.84
23.19
23.53
23.94
24.36
24.78
25.18
25.62
26.08
26.52
26.96
27.40
27.84
28.29
28.75
29.20
29.65
30.05
30.44
30.85
31.25
31.65
32.03
32.42
32.82
33.20
33.60
33.98
34.37
34.76
35.13
35.53
35.85
36.19
36.52
36.86
37.20
37.52
37.86
38.17
38.49
38.80
39.13
39.44
39.78
40.10
40.44
40.77
41.10
41.44
41.77
42.12
42.45
42.77
43.10
43.42
43.75
44.07
44.42
44.76
45.09
45.44
45.78
46.11
46.44
46.76
47.09
47.42
47.76
48.09
48.44
48.79
49.16
49.50
49.88
50.22
50.55
50.90
51.22
51.57
51.90
52.23
52.57
52.90
53.22
53.55
53.87
54.21
54.54
54.88
55.23
55.57
55.89
56.23
56.58
56.91
57.25
57.59
57.92
58.26
58.60
58.93
59.26
59.59
59.93
60.27
60.60
60.95
61.29
61.63
61.97
62.32
62.65
62.97
63.32
63.66
63.99
64.33
64.67
64.99
65.32
65.64
65.98
66.32
66.65
66.99
67.31
67.64
67.99
68.31
68.65
68.99
69.33
69.66
69.98
70.31
70.65
70.98
71.31
71.66
72.01
72.33
72.67
73.05
73.44
73.84
74.35
74.86
75.37
75.87
76.37
76.88
77.39
77.89
78.39
78.89
79.39
79.88
80.35
80.84
81.34
81.85
82.37
82.88
83.38
83.89
84.40
84.93
85.45
85.96
86.45
86.95
87.45
87.96
88.44
88.93
89.42
89.91
90.41
90.89
91.37
91.85
92.30
92.76
93.23
93.69
94.16
94.62
95.14
95.67
96.18
96.68
97.18
97.69
98.19
98.68
99.20
99.66
100.10
100.54
101.01
101.46
101.91
102.38
102.71
103.05
103.41
103.76
104.10
104.44
104.79
105.11
105.42
105.77
106.12
106.45
106.80
107.16
107.51
107.87
108.23
108.58
108.90
109.24
109.57
109.92
110.29
110.64
110.99
111.34
111.66
112.01
112.34
112.67
113.01
113.35
113.68
114.01
114.34
114.65
114.96
115.29
115.61
115.94
116.26
116.59
116.91
117.24
117.56
117.90
118.24
118.57
118.91
119.25
119.58
119.91
120.23
120.56
120.88
121.21
121.54
121.88
122.22
122.55
122.88
123.23
123.55
123.87
124.20
124.53
124.85
125.19
125.53
125.86
126.19
126.53
126.87
127.21
127.55
127.90
128.24
128.58
128.91
129.24
129.57
129.90
130.23
130.57
130.90
131.24
131.58
131.90
132.24
132.57
132.91
133.24
133.56
133.90
134.23
134.56
134.90
135.22
135.70
136.19
136.67
137.22
137.76
138.30
138.83
139.37
139.90
140.41
140.91
141.41
141.92
142.43
142.94
143.45
143.98
144.37
144.75
145.12
145.50
145.84
146.19
146.54
146.89
147.24
147.59
147.93
148.27
148.61
148.93
149.27
149.61
149.93
150.28
150.60
150.93
151.27
151.60
151.93
152.26
152.60
152.93
153.25
153.60
153.93
154.25
154.58
154.91
155.25
155.57
155.91
156.25
156.57
156.91
157.25
157.58
157.91
158.24
158.57
158.89
159.22
159.54
159.89
160.23
160.57
160.89
161.23
161.55
161.89
162.26
162.63
163.00
163.38
163.76
164.15
164.54
164.91
165.29
165.67
166.03
166.39
166.77
167.14
167.52
167.88
168.25
168.60
168.94
169.27
169.58
169.90
170.24
170.57
170.95
171.31
171.68
172.05
172.43
172.80
173.17
173.56
174.03
174.50
174.97
175.48
176.01
176.52
177.03
177.55
178.07
178.62
179.17
179.70
180.19
180.67
181.16
181.66
182.16
182.65
183.17
183.69
184.23
184.76
185.32
185.85
186.39
186.92
187.41
187.90
188.37
188.85
189.31
189.80
190.26
190.74
191.23
191.72
192.21
192.70
193.19
193.68
194.17
194.65
195.02
195.38
195.74
196.13
196.48
196.84
197.20
197.53
197.87
198.23
198.58
198.93
199.25
199.59
199.94
200.30
200.67
201.03
201.39
201.75
202.08
202.44
202.80
203.15
203.50
203.84
204.18
204.52
204.86
205.18
205.53
205.87
206.22
206.54
206.87
207.19
207.54
207.87
208.20
208.52
208.84
209.19
209.57
209.93
210.30
210.67
211.03
211.39
211.77
212.14
212.51
212.86
213.21
213.55
213.90
214.25
214.59
214.94
215.28
215.64
215.99
216.34
216.67
217.07
217.48
217.90
218.31
218.78
219.24
219.66
220.13
220.59
221.07
221.54
222.03
222.49
222.96
223.41
223.86
224.33
224.70
225.07
225.44
225.81
226.19
226.53
226.88
227.24
227.60
227.94
228.28
228.62
229.00
229.32
229.67
230.01
230.34
230.69
231.04
231.38
231.70
232.05
232.39
232.73
233.08
233.41
233.73
234.06
234.41
234.75
235.09
235.43
235.75
236.10
236.44
236.77
237.12
237.45
237.78
238.11
238.45
238.78
239.12
239.46
239.79
240.14
240.48
240.83
241.16
241.49
241.82
242.16
242.51
242.85
243.18
243.53
243.87
244.22
244.55
244.90
245.23
245.57
245.91
246.26
246.62
246.94
247.29
247.62
247.95
248.29
248.62
248.96
249.31
249.65
249.97
250.31
250.64
250.96
251.31
251.65
251.97
252.31
252.63
252.96
253.29
253.63
253.97
254.30
254.65
254.99
255.30
255.63
255.93
256.26
256.59
256.92
257.25
257.60
257.93
258.25
258.58
258.91
259.24
259.58
259.90
260.24
260.55
260.88
261.20
261.60
262.00
262.39
262.78
263.15
263.52
263.89
264.28
264.74
265.20
265.65
266.10
266.57
267.04
267.54
268.06
268.57
269.07
269.58
270.09
270.61
271.09
271.58
272.03
272.49
272.94
273.39
273.83
274.27
274.69
275.06
275.44
275.81
276.19
276.57
276.94
277.34
277.73
278.13
278.52
278.91
279.28
279.65
280.03
280.42
280.80
281.19
281.57
281.97
282.38
282.81
283.23
283.63
284.00
284.37
284.73
285.09
285.44
285.81
286.17
286.53
286.87
287.20
287.53
287.87
288.18
288.50
288.82
289.13
289.47
289.82
290.18
290.55
290.92
291.27
291.63
291.99
292.36
292.75
293.11
293.47
293.83
294.17
294.53
294.87
295.22
295.54
295.87
296.21
296.55
296.89
297.23
297.56
297.91
298.25
298.60
298.96
299.34
299.71
300.09
300.44
300.81
301.19
301.55
301.91
302.28
302.63
302.97
303.33
303.68
304.04
304.41
304.74
305.06
305.39
305.71
306.03
306.35
306.67
306.98
307.29
307.68
308.07
308.48
308.87
309.27
309.64
310.03
310.43
310.82
311.23
311.64
312.02
312.40
312.80
313.18
313.56
313.95
