# Beats
0.52
1.09
1.65
2.23
2.83
3.40
3.99
4.60
5.15
5.71
6.27
6.80
7.38
7.96
8.57
9.06
9.59
10.10
10.61
11.12
11.66
12.23
12.75
13.31
13.85
14.40
14.93
15.46
16.00
16.58
17.16
17.76
18.41
19.06
19.71
20.41
20.94
21.50
22.05
22.62
23.17
23.71
24.26
24.82
25.43
26.01
26.59
27.12
27.63
28.17
28.70
29.21
29.70
30.21
30.74
31.28
31.79
32.29
32.76
33.20
33.67
34.17
34.57
34.97
35.39
35.83
36.22
36.64
37.04
37.41
37.83
38.22
38.61
39.01
39.43
39.87
40.31
40.73
41.12
41.56
42.03
42.49
42.91
43.44
43.98
44.49
45.01
45.58
46.09
46.60
47.11
47.61
48.13
48.67
49.25
49.82
50.43
51.04
51.62
52.20
