# Beats
0.46
0.93
1.38
1.82
2.28
2.72
3.15
3.58
4.01
4.44
4.89
5.33
5.76
6.18
6.61
7.02
7.48
7.91
8.34
8.78
9.23
9.69
10.15
10.59
11.02
11.46
11.89
12.33
12.75
13.17
13.58
14.02
14.45
14.88
15.30
15.73
16.16
16.60
17.04
17.46
17.90
18.33
18.78
19.20
19.63
20.09
20.54
20.97
21.41
21.83
22.26
22.69
23.10
23.52
23.94
24.36
24.80
25.24
25.67
26.08
26.52
26.96
27.38
27.82
28.26
28.70
29.14
29.58
30.01
30.44
30.88
31.30
31.72
32.14
32.58
33.02
33.45
33.88
34.32
34.76
35.22
35.69
36.14
36.61
37.06
37.52
37.96
38.42
38.85
39.28
39.69
40.12
40.54
40.98
41.42
41.85
42.28
42.72
43.19
43.64
44.07
44.49
44.92
45.37
45.79
46.21
46.64
47.07
47.51
47.95
48.40
48.84
49.27
49.69
50.11
50.52
50.94
51.39
51.83
52.24
52.66
53.10
53.55
53.96
54.40
54.85
55.29
55.70
56.15
56.56
56.98
57.41
57.83
58.17
58.54
58.89
59.23
59.58
59.93
60.31
60.70
61.08
61.45
