# Beats
0.39
0.80
1.22
1.64
2.05
2.47
2.89
3.31
3.73
4.13
4.55
4.97
5.41
5.84
6.32
6.79
7.28
7.77
8.25
8.74
9.26
9.79
10.31
10.84
11.39
11.96
12.53
13.10
13.63
14.15
14.68
15.19
15.70
16.21
16.63
17.03
17.43
17.82
18.22
18.60
18.99
19.38
19.76
20.14
20.54
20.93
21.33
21.72
22.11
22.50
22.89
23.28
23.67
24.08
24.47
24.88
25.27
25.67
26.08
26.47
26.87
27.26
27.67
28.07
28.49
28.91
29.33
29.73
30.14
30.55
30.95
31.36
31.78
32.19
32.61
33.02
33.43
33.83
34.24
34.63
35.04
35.45
35.85
36.27
36.68
37.09
37.51
37.93
38.34
38.74
39.14
39.53
39.92
40.31
40.70
41.09
41.48
41.90
42.31
42.71
43.13
43.55
43.97
44.38
44.80
45.22
45.63
46.02
46.43
46.83
47.25
47.61
47.96
48.32
48.66
49.01
49.34
49.68
50.02
50.35
50.69
51.03
51.37
51.73
52.16
52.58
53.00
53.42
53.85
54.27
54.69
55.10
55.52
55.93
56.32
56.74
57.14
57.55
57.97
58.40
58.83
59.26
59.66
60.07
60.48
60.88
61.29
61.71
62.12
62.52
62.91
63.30
63.68
64.06
64.46
64.84
65.22
65.62
66.03
66.42
66.83
67.23
67.65
68.05
68.45
68.87
69.27
69.67
70.07
70.46
70.86
71.25
71.65
72.03
72.42
72.85
73.27
73.69
74.11
74.52
74.95
75.37
75.80
76.23
76.66
77.09
77.53
77.97
78.41
78.90
79.40
79.90
80.33
80.75
81.17
81.58
82.01
82.44
82.86
83.27
83.67
84.07
84.46
84.87
85.28
85.68
86.09
86.54
86.99
87.45
87.91
88.38
88.84
89.28
89.72
90.17
90.62
91.06
91.51
91.96
92.47
93.00
93.51
94.02
94.54
95.05
95.56
96.07
96.58
96.97
97.35
97.72
98.09
98.46
98.84
99.21
99.57
99.94
100.30
100.66
101.02
101.42
101.81
102.20
102.60
102.98
103.38
103.77
104.16
104.57
104.98
105.38
105.85
106.30
106.75
107.19
107.65
108.10
108.52
108.94
109.35
109.77
110.18
110.59
110.99
111.41
111.82
112.25
112.70
113.14
113.58
114.01
114.44
114.87
115.29
115.71
116.12
116.53
116.94
117.34
117.74
118.13
118.55
118.96
119.36
119.75
120.14
120.55
120.94
121.34
121.73
122.13
122.52
122.93
123.33
123.75
124.16
124.55
124.95
125.34
125.75
126.15
126.57
126.99
127.38
127.77
128.15
128.55
128.94
129.34
129.73
130.12
130.51
130.90
131.30
131.68
132.06
132.46
132.85
133.24
133.62
134.00
134.40
134.78
135.16
135.55
135.94
136.32
136.72
137.11
137.51
137.90
138.30
138.69
139.09
139.48
139.88
140.27
140.68
141.07
141.48
141.87
142.27
142.66
143.06
143.46
143.87
144.28
144.68
145.10
145.52
145.95
146.38
146.81
147.21
147.62
148.03
148.42
148.82
149.20
149.58
149.97
150.35
150.74
151.13
151.52
151.92
152.31
152.69
153.08
153.46
153.84
154.23
154.61
154.99
155.39
155.78
156.17
156.54
156.91
157.28
157.66
158.05
158.44
158.82
159.18
159.58
159.97
160.36
160.75
161.15
161.54
161.94
162.33
162.73
163.12
163.50
163.89
164.29
164.69
165.08
165.47
165.86
166.25
166.65
167.04
167.45
167.86
168.26
168.68
169.09
169.48
169.87
170.26
170.66
171.05
171.44
171.83
172.22
172.62
173.02
173.43
173.84
174.28
174.71
175.14
175.53
175.93
176.31
176.69
177.17
177.64
178.12
178.54
178.96
179.36
179.77
180.19
180.60
181.02
181.43
181.85
182.25
182.66
183.07
183.46
183.87
184.29
184.69
185.11
185.54
185.96
186.36
186.78
187.19
187.58
187.98
188.38
188.80
189.22
189.64
190.06
190.46
190.88
191.30
191.70
192.10
192.51
192.91
193.33
193.74
194.14
194.56
194.97
195.37
195.78
196.20
196.63
197.03
197.45
197.86
198.26
198.67
199.08
199.47
199.88
200.28
200.68
201.07
201.47
201.86
202.26
202.64
203.04
203.42
203.81
204.21
204.60
205.00
205.39
205.80
206.19
206.60
207.01
207.41
207.83
208.25
208.65
209.07
209.49
209.92
210.35
210.78
211.23
211.68
212.13
212.56
213.00
213.44
213.89
214.33
214.77
