# Beats
0.44
0.91
1.34
1.75
2.16
2.55
2.97
3.37
3.76
4.16
4.55
4.95
5.34
5.72
6.13
6.52
6.93
7.34
7.76
8.16
8.58
9.00
9.42
9.82
10.24
10.63
11.03
11.42
11.83
12.24
12.64
13.04
13.44
13.85
14.26
14.66
15.06
15.45
15.86
16.25
16.66
17.07
17.47
17.88
18.29
18.69
19.11
19.52
19.91
20.31
20.71
21.12
21.54
21.95
22.37
22.79
23.21
23.61
24.02
24.43
24.83
25.25
25.67
26.08
26.48
26.89
27.30
27.70
28.12
28.54
28.96
29.37
29.79
30.21
30.63
31.05
31.45
31.87
32.28
32.67
33.08
33.49
33.91
34.33
34.74
35.14
35.55
35.96
36.36
36.78
37.19
37.59
38.00
38.42
38.82
39.23
39.64
40.04
40.45
40.86
41.26
41.68
42.09
42.49
42.91
43.33
43.75
44.15
44.57
44.99
45.41
45.81
46.22
46.64
47.04
47.45
47.86
48.27
48.68
49.10
49.50
49.92
50.34
50.75
51.15
51.57
51.99
52.40
52.81
53.23
53.64
54.06
54.46
54.88
55.29
55.69
56.10
56.51
56.91
57.32
57.72
58.13
58.54
58.94
59.35
59.76
60.16
60.57
60.96
61.37
61.78
62.17
62.58
63.00
63.39
63.81
64.21
64.62
65.02
65.41
65.82
66.22
66.63
67.04
67.43
67.83
68.23
68.63
69.02
69.42
69.81
70.22
70.62
71.03
71.42
71.82
72.21
72.60
72.99
73.38
73.78
74.19
74.61
75.00
75.42
75.82
76.22
76.61
77.01
77.40
77.80
78.19
78.58
78.97
79.37
79.76
80.17
80.56
80.97
81.35
81.75
82.15
82.55
82.95
83.36
83.77
84.17
84.58
84.99
85.38
85.79
86.20
86.62
87.04
87.45
87.85
88.26
88.67
89.08
89.49
89.91
90.33
90.72
91.12
91.51
91.90
92.29
92.67
93.05
93.45
93.83
94.21
94.60
94.99
95.38
95.76
96.14
96.53
96.91
97.30
97.70
98.10
98.51
98.92
99.31
99.72
100.11
100.51
100.91
101.32
101.73
102.13
102.53
102.93
103.34
103.74
104.13
104.52
104.92
105.31
105.71
106.10
106.50
106.89
107.28
107.67
108.07
108.45
108.83
109.22
109.60
109.98
110.38
110.78
111.18
111.57
111.96
112.35
112.73
113.12
113.50
113.88
114.28
114.68
115.09
115.48
115.89
116.29
116.68
117.09
117.49
117.89
118.27
118.65
119.18
119.69
120.21
120.86
121.51
122.20
122.88
123.55
124.24
124.90
125.55
126.20
126.86
127.51
128.16
128.81
129.45
130.09
130.73
131.34
131.96
132.48
133.02
133.55
134.07
134.59
135.11
135.70
136.30
136.90
137.51
138.12
138.74
139.35
139.98
140.61
141.24
141.86
142.48
142.99
143.51
144.03
144.54
145.04
145.54
146.04
146.55
147.05
147.50
147.96
148.41
148.93
149.46
149.98
150.52
151.07
151.60
152.13
152.65
153.15
153.66
154.17
154.67
155.18
155.69
156.20
156.70
157.20
157.70
158.19
158.69
159.14
159.60
160.06
160.51
160.96
161.41
161.87
162.30
162.73
163.17
163.58
164.00
164.42
164.84
165.21
165.59
165.96
166.34
166.72
167.09
167.47
167.85
168.25
168.67
169.09
169.51
169.94
170.35
170.77
171.19
171.61
172.03
172.43
172.85
173.26
173.67
174.10
174.53
174.96
175.40
175.86
176.30
176.75
177.19
177.64
178.11
178.56
179.01
179.46
179.97
180.49
181.00
181.48
181.95
182.44
182.88
183.32
183.76
184.20
184.65
185.09
185.53
185.97
186.40
186.85
187.33
187.81
188.29
188.86
189.43
190.00
190.57
191.15
191.73
192.31
192.88
193.45
194.01
194.61
195.16
195.72
196.29
196.85
197.40
197.96
198.52
199.08
199.63
200.20
200.84
201.48
202.12
202.76
203.40
204.03
204.67
205.30
205.93
206.55
207.11
207.66
208.20
208.75
209.30
209.76
210.21
210.67
211.12
211.56
212.00
212.44
212.89
213.34
213.80
214.22
214.62
215.04
215.45
215.85
216.27
216.68
217.11
217.52
217.94
218.35
218.76
219.17
219.59
220.02
220.45
220.88
221.31
221.74
222.17
222.61
223.03
223.46
223.88
224.29
224.68
225.05
225.42
225.79
226.17
226.56
226.94
227.32
227.73
228.14
228.53
228.94
229.34
229.74
230.14
230.56
230.99
231.41
231.94
232.48
233.01
233.55
234.08
234.61
235.14
235.66
236.18
236.62
237.06
237.52
237.95
238.38
238.79
239.21
239.63
240.04
240.45
240.87
241.30
241.73
242.16
242.60
243.05
243.51
243.96
244.41
244.85
245.30
245.74
246.18
246.62
247.01
247.41
247.81
248.17
248.52
248.86
249.21
249.56
249.95
250.36
250.75
251.15
251.54
251.94
252.33
252.74
253.14
253.53
253.91
254.30
254.69
255.07
255.45
255.84
256.21
256.59
256.96
257.37
257.78
258.18
258.58
258.98
259.39
259.78
260.23
260.67
261.11
261.55
261.99
262.43
262.87
263.31
263.76
264.20
264.64
265.08
265.52
265.96
266.46
266.96
267.47
267.97
268.47
268.97
269.43
269.90
270.35
270.81
271.29
271.77
272.25
272.73
273.21
273.68
274.17
274.66
275.13
275.61
276.09
