# Beats
0.56
1.14
1.72
2.30
2.88
3.42
3.97
4.52
5.06
5.60
6.11
6.64
7.16
7.71
8.25
8.93
9.58
10.24
10.89
11.56
12.23
12.90
13.58
14.26
14.95
15.63
16.32
17.02
17.72
18.39
19.06
19.70
20.35
20.99
21.64
22.28
22.91
23.55
24.06
24.58
25.08
25.55
26.03
26.51
26.85
27.19
27.53
27.86
28.20
28.56
28.91
29.27
29.63
29.98
30.33
30.69
31.02
31.37
31.71
32.04
32.37
32.69
33.02
33.34
33.67
34.01
34.39
34.78
35.18
35.57
35.97
36.35
36.76
37.22
37.69
38.13
38.58
39.03
39.47
39.92
40.37
40.82
41.29
41.73
42.17
42.60
43.03
43.46
43.89
44.32
44.73
45.16
45.58
46.00
46.42
46.83
47.25
47.67
48.09
48.51
48.94
49.34
49.76
50.18
50.60
51.01
51.43
51.85
52.27
52.67
53.08
53.50
53.91
54.32
54.75
55.16
55.57
55.97
56.38
56.91
57.45
58.00
58.54
59.07
59.63
60.17
60.72
61.30
61.88
62.45
63.02
63.58
64.15
64.71
65.27
65.83
66.39
66.93
67.48
68.03
68.53
69.02
69.50
70.00
70.47
70.95
71.45
71.94
72.42
72.93
73.43
73.93
74.45
74.98
75.49
76.01
76.54
77.07
77.60
78.14
78.68
79.10
79.51
79.92
80.31
80.71
81.12
81.54
81.94
82.35
82.76
83.17
83.58
84.00
84.43
84.93
85.43
85.94
86.49
87.05
87.61
88.17
88.71
89.26
89.80
90.35
90.91
91.46
92.02
92.52
93.02
93.53
94.02
94.51
94.97
95.41
95.88
96.32
96.79
97.27
97.73
98.17
98.63
99.08
99.53
99.99
100.43
100.89
101.36
101.82
102.28
102.64
103.00
103.38
103.75
104.14
104.56
104.95
105.35
105.74
106.15
106.56
106.96
107.37
107.76
108.18
108.67
109.16
109.63
110.10
110.57
111.06
111.53
111.99
112.45
112.93
113.43
113.92
114.42
114.99
115.55
116.12
116.70
117.27
117.79
118.31
118.83
119.37
119.90
120.41
120.94
121.45
122.02
122.59
123.14
123.72
124.27
124.82
125.36
125.91
126.49
127.07
127.66
128.26
128.85
129.43
130.00
130.59
131.15
131.68
132.21
132.74
133.26
133.76
134.23
134.73
135.23
135.74
136.23
136.72
137.18
137.67
138.16
138.65
139.16
139.67
140.11
140.56
141.01
141.48
141.93
142.38
142.85
143.31
143.78
144.23
144.68
145.12
145.58
146.05
146.51
146.96
147.52
148.06
148.61
149.14
149.68
150.21
150.74
151.28
151.82
152.36
152.88
153.40
153.93
154.55
155.16
155.78
156.40
157.01
157.64
158.27
158.92
159.53
160.14
160.75
161.37
161.98
162.59
163.19
163.79
164.41
165.02
165.66
166.30
166.82
167.32
167.82
168.33
168.83
169.34
169.85
170.36
170.86
171.35
171.85
172.35
172.76
173.16
173.59
174.01
174.44
174.85
175.26
175.68
176.10
176.52
176.96
177.39
177.82
178.25
178.68
179.12
179.56
179.98
180.40
180.81
181.24
181.67
182.11
182.53
182.94
183.34
183.76
184.18
184.53
184.88
185.24
185.60
185.97
186.34
186.71
187.08
187.45
187.84
188.20
188.56
188.89
189.24
189.59
189.94
190.29
190.65
191.00
191.36
191.82
192.27
192.73
193.17
193.61
194.05
194.51
194.97
195.42
195.87
196.44
197.01
197.57
198.12
198.67
199.27
199.89
200.48
201.08
201.69
202.25
202.78
203.31
203.86
204.41
204.95
205.50
206.05
206.61
207.16
207.70
208.26
208.81
209.35
209.90
210.42
