# Beats
0.43
0.88
1.34
1.78
2.23
2.67
3.11
3.55
4.01
4.46
4.90
5.34
5.78
6.22
6.66
7.12
7.56
8.00
8.44
8.89
9.33
9.78
10.22
10.66
11.11
11.56
12.00
12.45
12.86
13.29
13.71
14.14
14.57
14.98
15.38
15.79
16.18
16.59
17.00
17.41
17.83
18.25
18.67
19.09
19.50
19.92
20.34
20.76
21.16
21.57
21.97
22.37
22.79
23.21
23.61
24.02
24.44
24.86
25.27
25.68
26.09
26.49
26.90
27.31
27.71
28.12
28.56
29.00
29.44
29.87
30.29
30.71
31.13
31.54
31.97
32.40
32.82
33.24
33.66
34.08
34.50
34.93
35.36
35.81
36.25
36.69
37.12
37.55
37.98
38.41
38.85
39.28
39.71
40.12
40.54
40.96
41.38
41.80
42.21
42.64
43.07
43.48
43.89
44.29
44.70
45.09
45.49
45.88
46.28
46.67
47.07
47.46
47.84
48.23
48.62
49.01
49.40
49.80
50.19
50.64
51.11
51.57
52.14
52.71
53.27
53.79
54.30
54.81
55.40
55.99
56.59
57.18
57.77
58.36
58.94
59.54
60.12
60.70
61.28
61.86
62.44
63.02
63.60
64.18
64.76
65.34
65.92
66.50
67.08
67.66
68.24
68.84
69.43
70.01
70.59
71.17
71.75
72.32
72.91
73.49
74.06
74.63
75.21
75.78
76.23
76.68
77.13
77.58
78.02
78.46
78.92
79.38
79.83
80.29
80.75
81.20
81.65
82.11
82.56
83.01
83.46
83.92
84.37
84.82
85.28
85.73
86.18
86.63
87.09
87.54
87.99
88.44
88.89
89.34
89.79
90.24
90.70
91.16
91.61
92.08
92.54
93.00
93.46
93.92
94.37
94.82
95.27
95.71
96.15
96.60
97.04
97.49
97.94
