# Beats
0.57
1.15
1.73
2.32
2.91
3.51
4.10
4.71
5.32
5.92
6.54
7.15
7.77
8.38
8.99
9.59
10.22
10.82
11.44
12.05
12.65
13.27
13.89
14.50
15.12
15.74
16.36
16.96
17.58
18.20
18.83
19.45
20.04
20.65
21.27
21.88
22.51
23.13
23.74
24.36
24.96
25.58
26.19
26.81
27.42
28.04
28.65
29.26
29.87
30.50
31.11
31.73
32.35
32.96
33.56
34.19
34.80
35.41
36.03
36.63
37.23
37.86
38.48
39.09
39.72
40.32
40.93
41.55
42.17
42.78
43.40
44.01
44.62
45.23
45.85
46.45
47.07
47.68
48.30
48.91
49.53
50.14
50.77
51.39
51.99
52.60
53.23
53.84
54.45
55.05
55.67
56.30
56.92
57.54
58.15
58.75
59.36
59.99
60.59
61.22
61.83
62.44
63.07
63.68
64.30
64.90
65.52
66.12
66.73
67.35
67.95
68.56
69.17
69.79
70.40
71.03
71.66
72.27
72.90
73.50
74.13
74.75
75.36
75.98
76.59
77.19
77.80
78.40
79.02
79.63
80.25
80.86
81.48
82.11
82.72
83.32
83.95
84.57
85.17
85.79
86.40
87.01
87.63
88.25
88.86
89.49
90.09
90.71
91.32
91.93
92.54
93.16
93.77
94.39
95.02
95.62
96.24
96.85
97.47
98.07
98.68
99.29
99.90
100.52
101.13
101.75
102.37
102.97
103.58
104.20
104.81
105.42
106.03
106.65
107.26
107.89
108.51
109.12
109.74
110.34
110.96
111.57
112.19
112.80
113.42
114.03
114.65
115.26
115.88
116.48
117.11
117.73
118.34
118.96
119.56
120.17
120.80
121.42
122.03
122.65
123.26
123.88
124.49
125.10
125.71
126.33
126.94
127.56
128.17
128.79
129.39
130.02
130.62
131.23
131.85
132.47
133.07
133.70
134.32
134.93
135.55
136.16
136.78
137.39
138.01
138.62
139.24
139.85
140.46
141.07
141.68
142.29
142.92
143.55
144.15
144.75
145.36
145.91
146.46
147.01
147.56
148.11
148.67
149.22
149.78
