# Beats
0.49
0.99
1.49
2.00
2.48
2.97
3.46
3.92
4.41
4.88
5.36
5.84
6.32
6.80
7.27
7.73
8.22
8.71
9.17
9.66
10.15
10.62
11.10
11.59
12.07
12.56
13.04
13.53
14.00
14.49
14.98
15.46
15.95
16.44
16.93
17.43
17.91
18.40
18.88
19.34
19.81
20.29
20.78
21.27
21.73
22.20
22.66
23.14
23.61
24.08
24.58
25.07
25.54
26.03
26.49
26.96
27.43
27.91
28.41
28.90
29.37
29.84
30.33
30.79
31.25
31.72
32.21
32.69
33.17
33.68
34.18
34.67
35.13
35.60
36.07
36.55
37.04
37.51
37.99
38.48
38.96
39.44
39.92
40.38
40.87
41.34
41.84
42.32
42.78
43.28
43.77
44.26
44.74
45.24
45.74
46.23
46.73
47.23
47.73
48.24
48.76
49.25
49.73
50.20
50.69
51.18
51.66
52.15
52.63
53.10
53.59
54.06
54.53
55.02
55.51
56.01
56.49
56.97
57.45
57.91
58.37
58.86
59.33
59.79
60.27
60.76
61.25
61.74
62.22
62.69
63.16
63.63
64.12
64.60
65.10
65.57
66.04
66.51
66.99
67.47
67.94
68.42
68.92
69.40
69.89
70.36
70.84
71.31
71.77
72.26
72.75
73.25
73.75
74.23
74.70
75.19
75.67
76.18
76.70
77.18
77.69
78.18
78.69
79.20
79.69
80.18
80.65
81.14
81.62
82.11
82.59
83.08
83.56
84.04
84.54
85.03
85.53
86.03
86.52
87.03
87.54
88.06
88.56
89.03
89.51
90.00
90.49
90.98
91.44
91.93
92.42
92.89
93.34
93.81
94.27
94.73
95.20
95.69
96.17
96.64
97.13
97.62
98.12
98.60
99.09
99.59
100.10
100.61
101.12
101.62
102.12
102.63
103.11
103.58
104.07
104.57
105.07
105.56
106.02
106.50
106.97
107.45
107.93
108.39
108.88
109.35
109.83
110.31
110.78
111.27
111.76
112.25
112.72
113.20
113.66
114.13
114.60
115.08
115.57
116.04
116.52
117.01
117.49
117.98
118.47
118.96
119.44
119.93
120.43
120.93
121.42
121.94
122.44
122.94
123.43
123.90
124.39
124.90
125.40
125.89
126.36
126.85
127.34
127.80
128.28
128.75
129.23
129.71
130.19
130.66
131.15
131.63
132.12
132.59
133.07
133.56
134.03
134.51
134.99
135.51
136.02
136.53
137.04
137.56
138.07
138.58
139.08
139.58
140.05
140.53
141.01
141.49
141.98
142.45
142.95
143.45
143.96
144.46
144.97
145.47
146.00
146.49
146.99
147.48
147.96
148.42
148.91
149.40
149.86
150.35
150.84
151.32
151.80
152.28
152.75
153.22
153.69
154.17
154.63
155.11
155.60
156.07
156.56
157.04
157.52
158.01
158.50
158.98
159.44
159.92
160.38
160.87
161.36
161.83
162.31
162.77
163.24
163.71
164.19
164.68
165.16
165.65
166.14
166.61
167.09
167.58
168.07
168.55
169.04
169.53
170.00
170.48
170.96
171.44
171.92
172.41
172.90
173.38
173.87
174.35
174.82
175.30
175.78
176.24
176.70
177.17
177.64
178.12
178.61
179.08
179.56
180.05
180.54
181.02
181.49
181.96
182.44
182.93
183.40
183.88
184.35
184.83
185.30
185.76
186.25
186.73
187.22
187.70
188.17
188.64
189.13
189.61
190.10
190.59
191.05
191.52
191.99
192.47
192.96
193.43
193.91
194.40
194.86
195.35
195.84
196.30
196.79
197.27
197.74
198.23
198.72
199.18
199.66
200.13
200.62
201.11
201.57
202.06
202.55
203.02
203.50
203.98
204.45
204.94
205.42
205.89
206.38
206.85
207.33
207.82
208.33
208.84
209.34
209.73
210.09
210.47
210.87
211.28
211.67
212.07
212.51
212.93
213.34
213.76
214.20
214.65
215.09
215.53
215.97
216.40
216.83
217.22
217.62
218.01
218.45
218.88
219.31
219.74
220.18
220.62
221.07
221.50
221.92
222.35
222.78
223.21
223.64
