# Beats
0.66
1.34
2.01
2.69
3.39
4.09
4.76
5.42
6.08
6.73
7.38
8.05
8.70
9.36
10.01
10.66
11.32
11.98
12.63
13.28
13.94
14.59
15.26
15.91
16.57
17.23
17.89
18.55
19.20
19.85
20.50
21.16
21.83
22.48
23.13
23.79
24.45
25.10
25.75
26.40
27.05
27.71
28.37
29.02
29.68
30.33
30.99
31.65
32.30
32.95
33.60
34.26
34.92
35.57
36.23
36.90
37.56
38.22
38.88
39.54
40.19
40.84
41.49
42.14
42.79
43.46
44.12
44.78
45.44
46.09
46.74
47.39
48.04
48.70
49.37
50.03
50.69
51.34
51.99
52.65
53.30
53.96
54.61
55.26
55.91
56.58
57.24
57.90
58.56
59.21
59.86
60.51
61.17
61.83
62.48
63.14
63.79
64.45
65.11
65.76
66.41
67.07
67.73
68.38
69.03
69.68
70.34
71.01
71.67
72.33
72.98
73.64
74.30
74.95
75.60
76.25
76.90
77.55
78.22
78.88
79.53
80.18
80.84
81.50
82.15
82.81
83.48
84.13
84.79
85.44
86.10
86.76
87.41
88.07
88.72
89.39
90.04
90.70
91.35
92.00
92.65
93.30
93.96
94.62
95.27
95.92
96.58
97.25
97.90
98.55
99.20
99.86
100.51
101.17
101.83
102.49
103.14
103.79
104.44
105.11
105.77
106.43
107.09
107.75
108.41
109.06
109.71
110.36
111.01
111.66
112.33
112.99
113.64
114.29
114.95
115.61
116.26
116.91
117.56
118.21
118.86
119.52
120.19
120.84
121.49
122.14
122.80
123.46
124.11
124.77
125.43
126.08
126.73
127.40
128.06
128.71
129.37
130.03
130.69
131.36
132.01
132.66
133.31
133.96
134.61
135.26
135.92
136.58
137.23
137.88
138.54
139.20
139.87
140.53
141.18
141.83
142.48
143.15
143.81
144.42
145.02
145.62
146.24
146.85
147.52
148.18
148.85
149.52
150.19
150.85
151.51
152.17
152.83
153.51
154.18
154.85
155.53
156.20
156.86
157.52
158.19
158.86
159.52
160.18
160.84
161.51
162.17
162.82
163.47
164.12
164.78
165.44
166.09
166.74
167.40
168.07
168.72
169.37
170.03
170.69
171.34
171.99
172.64
173.30
173.95
174.60
175.25
175.91
176.58
177.24
177.90
178.56
179.21
179.86
180.51
181.16
181.81
182.46
183.12
183.79
184.44
185.09
185.75
186.40
187.05
187.71
188.37
189.03
189.68
190.33
191.00
191.66
192.31
192.96
193.61
194.26
194.91
195.57
196.23
196.88
197.54
198.21
198.87
199.53
200.18
200.83
201.48
202.14
202.80
203.45
204.12
204.78
205.43
206.08
206.73
207.39
208.04
208.69
209.35
210.01
210.66
211.32
211.99
212.64
213.30
213.95
214.61
215.27
215.92
216.57
217.13
217.69
218.24
218.69
219.13
219.57
220.01
220.45
220.89
221.33
221.79
222.24
222.70
223.17
223.63
224.08
224.55
225.00
225.45
225.91
226.36
226.81
227.27
227.72
228.18
228.64
229.01
229.38
229.74
230.11
230.47
230.83
231.18
231.53
231.90
232.27
232.63
232.99
233.35
233.72
234.09
234.46
234.86
235.24
235.64
236.03
236.43
236.83
237.24
237.63
238.05
238.48
238.91
239.37
239.85
240.33
240.80
241.27
241.72
242.17
242.63
243.08
243.53
243.98
244.44
244.89
245.34
245.78
246.24
246.69
247.14
247.59
248.05
248.50
248.95
249.41
249.86
250.31
250.76
251.23
251.70
252.17
252.63
253.09
253.54
254.00
254.48
254.96
255.44
255.97
256.49
257.09
257.68
258.28
258.88
259.49
260.12
260.75
261.38
262.00
262.64
263.27
263.88
264.51
265.13
265.75
266.39
267.03
267.69
268.35
269.03
269.69
270.36
270.97
271.58
272.20
272.80
273.40
274.01
274.61
275.20
275.81
276.41
277.01
277.62
278.22
278.83
279.43
280.02
280.62
281.24
281.84
282.45
283.05
283.65
284.27
284.89
285.50
286.12
286.73
287.35
287.96
288.59
289.22
289.83
290.45
291.06
291.54
292.01
292.49
292.95
293.43
293.91
294.36
294.82
295.29
295.75
296.22
296.68
297.15
297.56
297.98
298.40
298.81
299.21
299.62
300.03
300.41
300.79
301.19
301.58
301.98
302.37
302.76
303.16
303.55
303.95
304.34
304.76
305.18
305.60
306.02
306.45
306.87
307.30
307.73
308.18
308.63
309.10
309.57
310.03
310.50
310.95
311.40
311.86
312.29
312.71
313.13
313.55
313.97
314.39
314.80
315.22
315.64
316.06
316.48
316.88
