# Beats
0.44
0.89
1.35
1.79
2.23
2.60
2.96
3.40
3.84
4.27
4.73
5.19
5.65
6.12
6.59
7.06
7.51
7.96
8.42
8.87
9.32
9.78
10.24
10.69
11.15
11.60
12.05
12.49
12.95
13.41
13.86
14.32
14.77
15.21
15.66
16.11
16.57
17.01
17.46
17.90
18.36
18.81
19.26
19.71
20.17
20.63
21.10
21.55
22.00
22.45
22.91
23.36
23.81
24.26
24.72
25.17
25.62
26.08
26.54
26.99
27.45
27.89
28.34
28.78
29.23
29.69
30.14
30.59
31.05
31.50
31.95
32.39
32.84
33.30
33.74
34.20
34.67
35.13
35.58
36.04
36.49
36.94
37.40
37.85
38.29
38.74
39.18
39.64
40.09
40.54
40.99
41.45
41.90
42.35
42.81
43.26
43.71
44.16
44.62
45.08
45.53
45.99
46.44
46.88
47.33
47.80
48.27
48.74
49.20
49.66
50.11
50.55
51.01
51.46
51.91
52.36
52.83
53.28
53.77
54.23
54.68
55.14
55.59
56.04
56.49
56.94
57.38
57.82
58.27
58.72
59.18
59.63
60.08
60.52
60.98
61.42
61.86
62.31
62.79
63.24
63.70
64.16
64.61
65.06
65.52
65.97
66.42
66.87
67.33
67.78
68.23
68.68
69.14
69.59
70.05
70.51
70.96
71.41
71.87
72.32
72.77
73.24
73.69
74.14
74.61
75.06
75.51
75.96
76.42
76.87
77.32
77.78
78.24
78.69
79.15
79.60
80.04
80.49
80.94
81.39
81.85
82.29
82.74
83.20
83.64
84.09
84.53
85.00
85.45
85.90
86.34
86.78
87.23
87.67
88.13
88.58
89.04
89.50
89.95
90.41
90.86
91.31
91.77
92.22
92.67
93.12
93.59
94.04
94.48
94.93
95.39
95.83
96.30
96.76
97.20
97.64
98.10
98.56
99.01
99.46
99.92
100.36
100.81
101.27
101.73
102.18
102.63
103.10
103.54
103.99
104.43
104.88
105.34
105.79
106.24
106.70
107.15
107.60
108.04
108.50
108.96
109.41
109.87
110.32
110.78
111.24
111.68
112.13
112.59
113.05
113.50
113.95
114.39
114.85
115.29
115.74
116.19
116.65
117.10
117.55
118.00
118.46
118.91
119.36
119.83
120.28
120.73
121.18
121.64
122.08
122.53
122.98
123.44
123.89
124.34
124.80
125.25
125.70
126.15
126.61
127.06
127.50
127.95
128.41
128.86
129.31
129.78
130.24
130.69
131.15
131.60
132.05
132.50
132.96
133.41
133.86
134.32
134.77
135.22
135.67
136.13
136.58
137.03
137.50
137.95
138.40
138.86
139.30
139.75
140.20
140.65
141.11
141.56
142.01
142.48
142.93
143.38
143.85
144.30
144.74
145.19
145.65
146.10
146.55
147.01
147.46
147.91
148.36
148.82
149.26
149.71
150.16
150.62
151.07
151.51
151.96
152.42
152.87
153.31
153.76
154.20
154.64
155.10
155.55
156.01
156.48
156.93
157.38
157.85
158.31
158.77
159.22
159.67
160.11
160.57
161.02
161.46
161.91
162.37
162.82
163.27
163.71
164.17
164.62
165.08
165.55
166.00
166.45
166.91
167.36
167.82
168.28
168.73
169.18
169.63
170.09
170.53
170.98
171.43
171.89
172.35
172.80
173.27
173.72
174.17
174.63
175.09
175.52
175.97
176.44
176.90
177.35
177.81
178.26
178.71
179.17
179.61
180.06
180.52
180.98
181.44
181.88
182.33
182.78
183.24
183.70
184.17
184.61
185.06
185.52
185.97
186.42
186.89
187.33
187.78
188.23
188.69
189.14
189.59
190.04
190.51
190.96
191.41
191.85
192.31
192.76
193.21
193.67
194.12
194.57
195.02
195.48
195.93
196.38
196.84
197.29
197.74
198.19
198.65
199.10
199.55
200.01
200.46
200.91
201.36
201.82
202.28
202.73
203.19
203.64
204.09
204.54
205.00
205.45
205.90
206.34
206.80
207.26
207.73
208.18
208.62
209.07
209.53
209.98
210.43
210.88
211.34
211.79
212.23
212.67
213.11
213.55
214.00
214.46
214.91
215.37
215.83
216.28
216.74
217.20
217.64
218.08
218.53
218.98
219.43
219.89
220.35
220.79
221.24
221.69
222.15
222.60
223.06
223.53
223.98
224.43
224.89
225.34
225.78
226.23
226.68
227.13
227.58
228.04
228.51
228.95
229.40
229.85
230.32
230.77
231.22
231.68
232.13
232.58
233.02
233.48
233.93
234.41
234.87
235.33
235.79
236.24
236.69
237.15
237.61
238.06
238.52
238.96
239.41
239.86
240.31
240.77
241.22
241.67
242.11
242.57
243.02
243.47
243.93
244.37
244.81
245.27
245.73
246.18
246.64
247.08
247.54
248.00
248.45
248.92
249.37
249.82
250.28
250.73
251.18
251.63
252.08
252.53
252.98
253.43
253.88
254.39
254.91
255.45
256.02
256.59
257.09
257.57
258.05
258.54
259.00
259.46
259.91
260.38
260.84
261.32
261.78
262.25
262.71
263.17
263.64
264.10
264.65
265.18
265.72
266.26
266.80
267.33
267.96
268.59
269.22
269.86
270.49
271.12
271.74
272.37
273.00
273.65
274.30
274.97
275.64
276.31
276.99
277.66
278.34
279.02
279.73
280.44
281.03
281.62
282.22
282.73
283.24
283.75
284.26
284.77
285.28
285.80
286.33
286.85
287.37
287.89
288.40
288.93
289.41
289.91
290.42
290.95
291.48
292.00
292.54
293.05
293.57
294.08
294.60
295.13
295.64
296.14
296.63
297.13
297.54
297.95
298.34
298.74
299.13
299.54
299.94
300.30
300.66
301.04
301.41
301.82
302.24
302.66
303.07
303.47
303.89
304.30
304.70
305.12
305.53
305.93
306.34
306.75
307.15
307.56
308.00
308.44
308.90
309.34
309.78
310.21
310.64
311.07
311.50
311.93
312.37
312.80
313.24
