# Beats
0.64
1.30
1.95
2.60
3.25
3.90
4.55
5.19
5.83
6.48
7.13
7.78
8.43
9.09
9.75
10.40
11.06
11.73
12.39
13.04
13.69
14.35
15.01
15.66
16.31
16.97
17.64
18.27
18.94
19.60
20.26
20.91
21.56
22.22
22.88
23.53
24.18
24.83
25.48
26.13
26.80
27.45
28.11
28.76
29.42
30.07
30.73
31.39
32.04
32.71
33.37
34.02
34.68
35.34
35.99
36.64
37.30
37.95
38.61
39.26
39.92
40.58
41.24
41.89
42.55
43.21
43.86
44.51
45.16
45.82
46.47
47.12
47.79
48.44
49.10
49.75
50.41
51.07
51.72
52.36
53.02
53.67
54.33
54.98
55.65
56.31
56.97
57.62
58.28
58.93
59.59
60.24
60.91
61.56
62.22
62.87
63.52
64.18
64.83
65.48
66.13
66.79
67.47
68.12
68.77
69.43
70.09
70.74
71.39
72.05
72.71
73.35
73.99
74.64
75.29
75.95
76.61
77.28
77.94
78.59
79.24
79.89
80.55
81.21
81.87
82.52
83.17
83.82
84.49
85.15
85.80
86.45
87.11
87.77
88.43
89.09
89.76
90.42
91.07
91.72
92.37
93.03
93.69
94.34
94.99
95.64
96.30
96.95
97.62
98.27
98.92
99.57
100.22
100.88
101.54
102.19
102.85
103.50
104.16
104.81
105.47
106.13
106.78
107.44
108.09
108.74
109.40
110.05
110.71
111.37
112.02
112.69
113.34
113.99
114.65
115.31
115.96
116.62
117.28
117.95
118.60
119.26
119.91
120.57
121.22
121.87
122.53
123.18
123.84
124.52
125.18
125.84
126.49
127.15
127.80
128.45
129.10
129.75
130.40
131.07
131.72
132.37
133.02
133.68
134.34
134.99
135.65
136.30
136.95
137.60
138.25
138.91
139.56
140.21
140.86
141.53
142.19
142.85
143.50
144.16
144.82
145.48
146.13
146.80
147.45
148.10
148.75
149.41
150.07
150.73
151.38
152.03
152.69
153.36
154.02
154.68
155.33
155.99
156.64
157.29
157.94
158.60
159.27
159.93
160.58
161.24
161.89
162.54
163.19
163.85
164.50
165.16
165.81
166.48
167.14
167.80
168.45
169.10
169.76
170.41
171.06
171.72
172.37
173.04
173.69
174.35
175.00
175.65
176.30
176.96
177.61
178.27
178.92
179.57
180.22
180.88
181.53
182.20
182.87
183.55
184.23
184.83
185.42
185.95
186.47
186.98
187.50
188.02
188.55
189.07
