# Beats
0.63
1.27
1.90
2.53
3.15
3.74
4.33
4.92
5.53
6.13
6.72
7.33
7.93
8.52
9.11
9.71
10.29
10.88
11.47
12.07
12.67
13.26
13.86
14.47
15.06
15.65
16.24
16.83
17.43
18.02
18.61
19.20
19.80
20.39
20.98
21.57
22.16
22.74
23.32
23.92
24.51
25.10
25.70
26.31
26.91
27.52
28.11
28.70
29.28
29.87
30.46
31.06
31.65
32.25
32.84
33.44
34.04
34.64
35.25
35.83
36.42
37.01
37.59
38.19
38.79
39.38
39.98
40.58
41.17
41.76
42.35
42.95
43.54
44.13
44.73
45.33
45.91
46.50
47.09
47.68
48.27
48.87
49.46
50.05
50.64
51.23
51.83
52.42
53.01
53.60
54.20
54.79
55.38
55.97
56.56
57.14
57.74
58.33
58.92
59.51
60.10
60.70
61.29
61.88
62.48
63.09
63.68
64.26
64.85
65.45
66.04
66.63
67.22
67.81
68.42
69.01
69.60
70.19
70.80
71.39
71.98
72.59
73.19
73.79
74.39
74.99
75.59
76.18
76.77
77.35
77.94
78.53
79.11
79.70
80.29
80.88
81.46
82.05
82.64
83.24
83.84
84.44
85.03
85.62
86.22
86.81
87.40
87.99
88.58
89.18
89.77
90.36
90.96
91.57
92.16
92.76
93.36
93.95
94.54
95.13
95.72
96.32
96.91
97.50
98.10
98.70
99.29
99.89
100.50
101.10
101.69
102.28
102.88
103.47
104.05
104.64
105.22
105.81
106.41
107.00
107.59
108.18
108.77
109.37
109.95
110.54
111.13
111.72
112.33
112.93
113.55
114.15
114.74
115.33
115.91
116.51
117.10
117.69
118.28
118.89
119.48
120.08
120.69
121.28
121.87
122.46
123.05
123.65
124.25
124.84
125.43
126.03
126.62
127.21
127.80
128.39
128.98
129.57
130.17
130.77
131.37
131.97
132.56
133.15
133.75
134.34
134.93
135.51
136.10
136.70
137.30
137.90
138.50
139.09
139.68
140.18
140.67
141.18
141.69
142.20
142.71
143.22
143.73
144.24
144.74
145.24
145.74
146.25
146.76
147.27
147.78
