# Beats
0.37
0.75
1.13
1.51
1.86
2.18
2.51
2.83
3.16
3.47
3.78
4.11
4.42
4.76
5.09
5.42
5.76
6.10
6.44
6.80
7.15
7.64
8.12
8.57
9.02
9.49
9.94
10.40
10.87
11.31
11.76
12.25
12.75
13.25
13.73
14.22
14.70
15.19
15.67
16.16
16.66
17.16
17.66
18.19
18.72
19.23
19.71
20.21
20.71
21.20
21.70
22.20
22.69
23.17
23.66
24.15
24.65
25.14
25.62
26.11
26.61
27.12
27.63
28.14
28.67
29.19
29.71
30.35
31.00
31.64
32.29
32.93
33.55
34.18
34.81
35.42
36.06
36.69
37.29
37.92
38.53
39.15
39.78
40.44
41.10
41.77
42.43
43.10
43.77
44.45
45.13
45.79
46.44
47.10
47.75
48.40
49.05
49.69
50.33
50.96
51.59
52.24
52.90
53.53
54.17
54.82
55.47
56.12
56.77
57.43
58.10
58.77
59.43
60.07
60.72
61.36
62.00
62.64
63.27
63.90
64.52
65.14
65.78
66.43
67.07
67.71
68.35
68.87
69.38
69.85
70.30
70.75
71.20
71.66
72.11
72.56
73.00
73.44
73.89
74.39
74.88
75.37
75.88
76.37
76.88
77.35
77.82
78.30
78.77
79.24
79.70
80.18
80.76
81.34
81.99
82.64
83.29
83.95
84.59
85.24
85.89
86.53
87.18
87.84
88.48
89.12
89.76
90.40
91.05
91.70
92.36
93.03
93.62
94.20
94.78
95.35
95.92
96.50
97.08
97.65
98.24
98.84
99.42
100.00
100.58
101.22
101.85
102.49
103.14
103.79
104.44
105.09
105.74
106.39
107.04
107.69
108.37
109.02
109.63
110.28
