# Beats
0.79
1.57
2.32
3.01
3.68
4.39
5.10
5.80
6.49
7.17
7.85
8.53
9.20
9.86
10.52
11.18
11.83
12.38
12.92
13.46
14.00
14.54
14.98
15.42
15.87
16.31
16.75
17.19
17.64
18.08
18.51
18.95
19.38
19.82
20.25
20.69
21.13
21.56
21.99
22.42
22.86
23.31
23.75
24.20
24.62
25.07
25.51
25.95
26.38
26.82
27.25
27.69
28.12
28.56
28.99
29.43
29.87
30.31
30.75
31.21
31.66
32.12
32.59
33.05
33.53
34.01
34.46
34.91
35.35
35.79
36.23
36.68
37.12
37.56
38.00
38.44
38.87
39.30
39.74
40.18
40.62
41.06
41.51
41.92
42.36
42.79
43.24
43.68
44.11
44.54
44.98
45.42
45.86
46.31
46.76
47.19
47.62
48.07
48.49
48.94
49.38
49.81
50.25
50.68
51.12
51.56
52.00
52.44
52.88
53.31
53.74
54.18
54.61
55.04
55.48
55.93
56.37
56.80
57.23
57.67
58.11
58.55
58.99
59.43
59.87
60.31
60.74
61.18
61.63
62.07
62.50
62.94
63.38
63.82
64.27
64.71
65.16
65.60
66.04
66.49
66.95
67.41
67.87
68.35
68.81
69.27
69.72
70.17
70.62
71.08
71.55
72.02
72.49
72.96
73.41
73.86
74.32
74.76
75.20
75.64
76.08
76.52
76.96
77.40
77.83
78.26
78.70
79.16
79.61
80.06
80.53
81.00
81.46
81.80
82.16
82.51
82.85
83.21
83.57
83.93
84.29
84.64
85.00
85.33
85.66
86.00
86.34
86.69
87.04
87.39
87.78
88.18
88.56
88.94
89.36
89.78
90.20
90.63
91.02
91.42
91.81
92.25
92.69
93.14
93.58
94.01
94.45
94.88
95.32
95.76
96.19
96.61
97.04
97.47
97.91
98.35
98.79
99.22
99.66
100.10
100.53
100.97
101.41
101.85
102.28
102.71
103.15
103.60
104.04
104.48
104.92
105.36
105.80
106.24
106.68
107.11
107.54
107.98
108.41
108.86
109.30
109.75
110.19
110.63
111.07
111.50
111.94
112.38
112.83
113.27
113.71
114.15
114.59
115.02
115.45
115.89
116.32
116.74
117.17
117.62
118.05
118.49
118.93
119.36
119.79
120.22
120.66
121.10
121.54
121.97
122.42
122.85
123.27
123.70
124.12
124.55
124.97
125.39
125.79
126.22
126.64
127.06
127.47
127.88
128.30
128.73
129.15
129.58
130.00
130.41
130.83
131.26
131.67
132.06
132.47
132.90
133.33
133.77
134.21
134.68
135.14
135.57
135.99
136.39
136.81
137.23
137.66
138.09
138.51
138.95
139.40
139.84
140.28
140.71
141.14
141.60
142.04
142.47
142.88
143.30
143.72
144.14
144.56
144.97
145.39
145.81
146.23
146.66
147.09
147.50
147.93
148.36
148.79
149.23
149.68
150.11
150.53
150.96
151.38
151.80
152.23
152.66
153.09
153.51
153.91
154.33
154.76
155.18
155.60
156.00
156.42
156.83
157.23
157.81
158.39
158.99
159.60
160.22
160.83
161.45
162.06
162.68
163.32
163.94
164.57
165.20
165.81
166.43
167.06
167.68
168.31
168.94
169.56
170.20
170.84
171.48
172.09
172.71
173.33
173.94
174.57
175.18
175.73
176.27
176.83
177.27
177.71
178.16
178.58
179.01
179.44
179.87
180.30
180.74
181.19
181.63
182.06
182.47
182.89
183.31
183.73
184.15
184.56
184.97
185.39
185.81
186.22
186.64
187.06
187.47
187.88
188.30
188.72
189.14
189.56
189.97
190.39
190.81
191.23
191.66
192.06
192.48
192.90
193.32
193.72
194.14
194.56
194.97
195.38
195.80
196.22
196.64
197.06
197.46
197.87
198.29
198.69
199.11
199.54
199.97
200.41
200.85
201.31
201.76
202.22
202.66
203.09
203.53
203.99
204.43
204.86
205.29
205.72
206.15
206.60
207.03
207.46
207.89
208.32
208.72
209.13
209.55
209.97
210.38
210.80
211.22
211.64
212.06
212.47
212.89
213.30
213.72
214.13
214.59
215.02
215.45
215.95
216.44
216.96
217.41
217.86
218.30
218.72
219.14
219.56
219.97
220.38
220.80
221.22
221.63
222.05
222.47
222.89
223.31
223.71
224.12
224.54
224.95
225.37
225.79
226.21
226.65
227.09
227.51
227.93
228.33
228.74
229.15
229.55
229.96
230.49
231.03
231.55
232.07
232.59
233.12
233.64
234.16
234.68
235.23
235.78
236.30
236.82
237.33
237.84
238.36
238.88
239.39
239.90
240.41
240.92
241.44
241.95
242.46
242.97
243.48
244.05
244.62
245.19
245.75
246.31
246.89
247.47
248.05
248.64
249.24
249.92
250.58
251.23
251.88
252.52
253.16
253.79
254.40
255.04
255.71
256.38
257.04
257.67
258.31
258.95
259.58
260.20
260.82
261.42
261.99
262.57
263.04
263.48
263.93
264.38
264.88
265.37
265.86
266.30
266.74
267.18
267.63
268.06
268.50
268.96
269.40
269.84
270.28
270.71
271.15
271.59
272.03
272.47
272.90
273.33
273.77
274.22
274.63
275.06
275.50
275.93
276.38
276.82
277.26
277.69
278.13
278.57
279.01
279.43
279.86
280.30
280.73
281.15
281.58
282.01
282.44
282.85
283.27
283.68
284.11
284.54
284.96
285.36
285.78
286.20
286.62
287.03
287.46
287.88
288.30
288.72
289.15
289.55
289.96
290.37
290.80
291.24
291.67
292.11
292.56
293.01
293.44
293.86
294.28
294.70
295.11
295.54
295.97
296.39
296.82
297.27
297.73
298.18
298.70
299.19
299.67
300.15
300.64
301.12
301.60
302.08
302.56
303.03
303.50
303.96
304.44
304.88
305.31
305.74
306.17
306.58
307.01
307.44
307.86
308.28
308.70
309.12
309.55
309.96
310.38
310.79
311.21
311.61
312.02
312.45
312.87
313.27
313.68
314.10
314.51
314.93
315.37
315.80
316.24
316.87
317.49
318.10
318.71
319.32
319.95
320.56
321.20
321.83
322.46
323.08
323.71
324.31
324.92
325.47
326.03
326.59
327.13
327.68
328.21
328.76
329.32
329.87
330.42
330.97
331.52
332.07
332.61
333.17
333.72
334.27
334.83
335.38
335.92
336.48
337.04
337.58
338.13
338.69
339.24
339.80
340.36
340.92
341.47
342.03
342.59
343.13
343.68
344.24
344.78
345.33
345.88
346.44
346.99
347.54
348.09
348.64
349.18
349.73
350.26
350.80
351.33
351.86
352.41
352.97
353.52
354.08
354.63
355.17
355.73
356.29
356.84
357.40
357.95
358.49
359.04
359.60
360.15
360.71
361.26
361.80
362.36
362.93
363.50
364.08
364.65
365.23
365.81
366.39
366.96
367.53
368.08
368.65
369.22
369.80
370.37
370.93
371.48
372.05
372.61
373.16
373.71
374.27
374.83
375.39
375.95
376.51
377.07
377.60
378.15
378.68
379.22
379.74
380.26
380.80
381.34
381.89
382.44
382.97
383.51
384.05
384.57
