# Beats
0.55
1.09
1.63
2.16
2.69
3.24
3.78
4.31
4.83
5.35
5.87
6.39
6.90
7.40
7.89
8.41
8.92
9.43
9.94
10.45
10.96
11.47
11.98
12.49
13.00
13.51
14.02
14.54
15.05
15.56
16.07
16.58
17.09
17.60
18.11
18.62
19.13
19.64
20.15
20.67
21.18
21.69
22.20
22.70
23.20
23.71
24.22
24.73
25.24
25.75
26.26
26.77
27.28
27.79
28.31
28.82
29.33
29.84
30.35
30.86
31.37
31.88
32.39
32.90
33.41
33.92
34.42
34.92
35.43
35.94
36.46
36.97
37.48
37.99
38.50
39.02
39.53
40.04
40.55
41.06
41.56
42.07
42.59
43.10
43.61
44.12
44.63
45.14
45.65
46.16
46.67
47.18
47.69
48.20
48.72
49.21
49.71
50.22
50.74
51.25
51.76
52.27
52.78
53.29
53.80
54.31
54.82
55.33
55.84
56.35
56.87
57.38
57.89
58.40
58.90
59.40
59.91
60.42
60.93
61.44
61.95
62.46
62.97
63.48
63.99
64.51
65.02
65.53
66.04
66.55
67.06
67.57
68.08
68.59
69.10
69.61
70.12
70.64
71.15
71.66
72.17
72.68
73.19
73.70
74.21
74.72
75.23
75.74
76.25
76.77
77.28
77.78
78.29
78.80
79.31
79.81
80.32
80.83
81.34
81.85
82.36
82.87
83.38
83.89
84.40
84.92
85.43
85.94
86.45
86.96
87.47
87.98
88.49
89.00
89.51
90.02
90.53
91.05
91.56
92.07
92.58
93.09
93.60
94.11
94.62
95.13
95.64
96.14
96.65
97.15
97.66
98.17
98.68
99.20
99.71
100.22
100.73
101.24
101.75
102.26
102.77
103.28
103.79
104.30
104.81
105.33
105.84
106.35
106.86
107.37
107.88
108.39
108.90
109.40
109.90
110.41
110.92
111.43
111.94
112.45
112.97
113.48
113.99
114.50
115.01
115.52
116.03
116.54
117.05
117.56
118.07
118.58
119.10
119.62
120.14
120.67
121.20
121.72
122.36
123.00
123.65
124.30
124.98
125.67
126.34
127.02
127.71
128.41
129.10
129.70
130.28
130.86
131.45
132.03
132.59
133.15
133.72
134.29
134.86
135.44
136.02
136.61
137.15
137.68
138.21
138.72
139.24
139.76
140.27
140.78
141.29
141.80
142.32
142.81
143.31
143.81
144.31
144.81
145.31
145.81
146.31
146.81
147.31
147.81
148.31
148.79
149.28
149.77
150.23
150.71
151.19
151.67
152.15
152.62
153.09
153.57
154.03
154.49
154.97
155.45
155.91
156.39
156.85
157.32
157.78
158.24
158.71
159.17
159.63
160.09
160.53
160.98
161.43
161.88
162.33
162.78
163.24
163.68
164.11
164.55
164.98
165.41
165.84
166.27
166.70
167.14
167.57
168.01
168.44
168.87
169.30
169.71
170.13
170.56
170.97
171.37
171.78
172.20
172.61
173.00
173.40
173.80
174.20
174.60
175.01
175.40
175.80
176.19
176.59
176.98
177.38
177.77
178.16
178.55
178.93
179.33
179.72
180.23
180.74
181.25
181.74
182.23
182.72
183.22
183.72
184.20
184.70
185.20
185.70
186.22
186.75
187.27
187.78
188.29
188.80
189.31
189.82
190.35
190.87
191.39
191.91
192.44
192.96
193.49
194.03
