# Beats
0.41
0.79
1.16
1.56
1.97
2.39
2.81
3.23
3.65
4.06
4.48
4.90
5.32
5.71
6.13
6.55
6.94
7.36
7.78
8.20
8.61
9.03
9.45
9.87
10.29
10.70
11.12
11.53
11.94
12.35
12.74
13.14
13.56
13.98
14.38
14.79
15.20
15.63
16.02
16.44
16.85
17.25
17.67
18.08
18.48
18.90
19.32
19.74
20.15
20.56
20.97
21.39
21.80
22.20
22.62
23.03
23.43
23.85
24.24
24.66
25.08
25.50
25.91
26.31
26.73
27.13
27.54
27.96
28.37
28.77
29.19
29.61
30.01
30.42
30.84
31.25
31.67
32.08
32.48
32.90
33.32
33.72
34.13
34.55
34.96
35.39
35.78
36.20
36.62
37.04
37.45
37.87
38.29
38.68
39.09
39.50
39.90
40.31
40.70
41.12
41.54
41.95
42.35
42.76
43.17
43.58
43.99
44.40
44.81
45.23
45.64
46.05
46.46
46.88
47.28
47.69
48.11
48.52
48.92
49.34
49.74
50.16
50.57
50.99
51.41
51.83
52.22
52.64
53.03
53.45
53.87
54.29
54.68
55.10
55.51
55.91
56.33
56.74
57.14
57.56
57.96
58.37
58.79
59.19
59.61
60.02
60.44
60.84
61.25
61.67
62.08
62.51
62.93
63.32
63.74
64.13
64.53
64.95
65.36
65.79
66.22
66.64
67.06
67.45
67.86
68.27
68.68
69.09
69.47
69.89
70.31
70.72
71.13
71.54
71.96
72.38
72.79
73.20
73.61
74.03
74.42
74.85
75.27
75.67
76.08
76.49
76.89
77.31
77.73
78.14
78.54
78.95
79.34
79.76
80.18
80.60
81.00
81.41
81.83
82.22
82.64
83.06
83.46
83.87
84.28
84.68
85.10
85.52
85.94
86.33
86.75
87.17
87.57
87.98
88.39
88.79
89.21
89.63
90.05
90.46
90.91
91.35
91.79
92.21
92.64
93.07
93.50
93.90
94.31
94.74
95.13
95.53
95.92
96.34
96.73
97.11
97.49
97.86
98.23
98.60
98.99
99.36
99.73
100.09
100.46
100.84
101.20
101.56
101.95
102.32
102.70
103.07
103.47
103.85
104.21
104.58
104.94
105.33
105.71
106.09
106.46
106.84
107.22
107.60
107.97
108.34
108.72
109.09
109.48
109.85
110.25
110.62
110.98
111.34
111.71
112.08
112.44
112.81
113.17
113.55
113.93
114.30
114.67
115.05
115.44
115.82
116.22
116.59
116.96
117.45
117.93
118.42
118.94
119.47
120.01
120.56
121.12
121.66
122.20
122.74
123.27
123.80
124.32
124.83
125.35
125.89
126.48
127.06
127.64
128.22
128.78
129.34
129.92
130.48
131.08
131.66
132.24
132.79
133.33
133.86
134.37
134.91
135.41
135.91
136.42
136.93
137.43
137.93
138.43
138.92
139.42
139.83
140.25
140.65
141.06
141.48
141.91
142.34
142.76
143.15
143.57
143.96
144.39
144.83
145.26
145.75
146.22
146.68
147.19
147.70
148.20
148.76
149.30
149.85
150.40
150.94
151.48
152.02
152.58
153.14
153.69
154.25
154.76
155.25
155.75
156.13
156.51
156.92
157.32
157.71
158.10
158.50
158.89
159.30
159.71
160.11
160.50
160.89
161.29
161.68
162.05
162.42
162.80
163.17
163.54
163.91
164.28
164.65
165.02
165.42
165.80
166.19
166.58
166.95
167.32
167.69
168.07
168.44
168.82
169.19
169.56
169.94
170.30
170.66
171.01
171.39
171.77
172.15
172.55
172.92
173.29
173.66
174.03
174.41
174.79
175.16
175.54
175.91
176.31
176.68
177.05
177.42
177.78
178.17
178.54
178.91
179.29
179.65
180.02
180.41
180.78
181.16
181.55
181.91
182.30
182.69
183.07
183.44
183.80
184.18
184.56
184.94
185.30
185.69
186.05
186.41
186.78
187.15
187.55
187.94
188.34
188.73
189.13
189.53
189.94
190.35
190.73
191.12
191.52
191.91
192.31
192.70
193.11
193.49
193.86
194.25
194.64
195.05
195.44
195.84
196.34
196.81
197.29
197.85
198.40
198.97
199.53
200.11
200.69
201.26
201.83
202.34
202.86
203.36
203.78
204.20
204.61
205.03
205.43
205.83
206.24
206.61
207.01
207.40
207.77
208.14
208.53
208.91
209.28
209.65
210.01
210.37
210.74
211.10
211.49
211.87
212.24
212.63
213.01
213.39
213.79
214.16
214.53
214.90
215.27
215.64
216.02
216.39
216.75
217.12
217.50
217.88
218.26
218.62
218.99
219.36
219.73
220.11
220.50
220.87
221.24
221.61
221.98
222.35
222.74
223.12
223.50
223.89
224.26
224.64
225.00
225.37
225.73
226.12
226.49
226.86
227.23
227.61
227.99
228.36
228.73
229.10
229.47
229.85
230.23
230.61
230.99
231.36
231.74
232.11
232.48
232.85
233.23
233.62
234.00
234.37
234.75
235.14
235.52
235.91
236.29
236.67
237.05
237.44
237.80
238.16
238.53
238.89
239.25
239.61
239.98
240.36
240.72
241.10
241.48
241.86
242.24
242.64
243.02
243.41
243.81
244.20
244.58
244.95
245.33
245.71
246.11
246.50
246.90
247.28
247.69
248.08
248.51
248.92
249.31
249.74
250.16
250.58
250.98
251.45
251.91
252.38
252.84
253.33
253.81
254.32
254.82
255.32
255.80
256.31
256.81
257.21
257.60
258.00
258.39
258.80
259.19
259.58
259.95
260.33
260.70
261.09
261.48
261.87
262.27
262.66
263.08
263.48
263.88
264.31
264.71
265.08
265.46
265.85
266.23
266.61
266.99
267.38
267.76
268.14
