# Beats
0.50
1.01
1.53
2.04
2.55
3.04
3.53
4.03
4.53
5.02
5.50
6.00
6.50
7.01
7.50
7.99
8.46
8.94
9.40
9.88
10.36
10.84
11.33
11.90
12.45
12.98
13.55
14.12
14.70
15.28
15.87
16.45
17.04
17.64
18.16
18.68
19.21
19.67
20.11
20.55
20.99
21.43
21.86
22.30
22.76
23.20
23.63
24.06
24.49
24.92
25.36
25.80
26.24
26.76
27.27
27.79
28.31
28.83
29.35
29.88
30.41
30.95
31.49
32.02
32.55
33.09
33.61
34.14
34.66
35.16
35.65
36.11
36.55
36.99
37.43
37.87
38.31
38.74
39.16
39.57
39.98
40.43
40.87
41.31
41.80
42.28
42.77
43.31
43.84
44.37
44.91
45.46
46.00
46.51
47.02
47.53
48.04
48.55
49.05
49.57
50.09
50.53
50.97
51.42
51.87
52.31
52.77
53.20
53.65
54.11
54.59
55.15
55.70
56.26
56.82
57.36
57.98
58.58
59.19
59.74
60.30
60.86
61.44
62.01
62.61
63.22
63.82
64.41
65.02
65.62
66.22
66.84
67.45
68.07
68.68
69.31
69.92
70.52
71.12
71.65
72.17
72.70
73.24
73.75
74.26
74.75
75.26
75.80
76.35
76.90
77.45
78.00
78.53
79.06
79.62
80.17
80.74
81.29
81.92
82.55
83.17
83.80
84.42
84.94
85.47
86.00
86.52
87.05
87.59
88.11
88.63
89.14
89.66
90.21
90.65
91.06
91.46
91.88
92.28
92.69
93.09
93.48
93.91
94.37
94.81
95.26
95.71
96.18
96.64
97.11
97.57
98.03
98.51
99.02
99.50
99.99
100.46
100.96
101.45
101.91
102.39
102.79
103.20
103.61
104.00
104.42
104.84
105.26
105.67
106.09
106.50
106.92
107.35
107.78
108.22
108.68
109.13
109.60
110.06
110.50
110.96
111.46
111.94
112.43
112.94
113.46
113.94
114.43
114.92
115.40
115.88
116.36
116.85
117.33
117.83
118.33
118.82
119.30
119.83
120.35
120.86
121.39
121.92
122.44
122.94
123.46
123.97
124.48
124.98
125.53
126.07
126.60
127.12
127.64
128.15
128.66
129.18
129.73
130.22
130.69
131.19
131.69
132.19
132.67
133.13
133.62
134.11
134.58
135.06
135.56
136.07
136.58
137.10
137.62
138.14
138.66
139.18
139.69
140.20
140.70
141.20
141.71
142.22
142.74
143.24
143.75
144.28
144.80
145.31
145.86
146.43
146.97
147.53
148.09
148.61
149.14
149.65
150.15
150.67
151.21
151.75
152.30
152.83
153.37
153.90
154.44
154.95
155.46
155.97
156.50
157.01
157.54
158.08
158.63
159.24
159.87
160.57
161.26
161.96
162.68
163.38
164.10
164.80
165.51
166.22
166.93
167.65
168.34
169.04
169.69
170.34
170.99
171.67
172.34
173.00
173.65
174.29
174.94
175.57
176.20
176.87
