# Beats
0.52
1.06
1.58
2.10
2.62
3.18
3.74
4.30
4.86
5.43
6.03
6.63
7.23
7.81
8.41
9.00
9.59
10.18
10.74
11.31
11.88
12.45
13.01
13.60
14.18
14.74
15.29
15.85
16.42
16.99
17.57
18.11
18.66
19.19
19.75
20.29
20.86
21.42
21.98
22.53
23.09
23.66
24.22
24.79
25.34
25.89
26.44
26.96
27.49
28.01
28.55
29.08
29.61
30.13
30.65
31.17
31.68
32.18
32.68
33.23
33.77
34.33
34.89
35.45
36.00
36.57
37.14
37.70
38.25
38.81
39.37
39.94
40.51
41.08
41.61
42.13
42.64
43.15
43.67
44.18
44.65
45.14
45.63
46.10
46.57
47.02
47.48
47.94
48.40
48.85
49.31
49.76
50.20
50.69
51.18
51.66
52.14
52.62
53.10
53.59
54.07
54.56
55.08
55.60
56.11
56.62
57.12
57.63
58.14
58.65
59.15
59.64
60.14
60.63
61.10
61.58
62.06
62.53
63.01
63.48
63.90
64.30
64.69
65.09
65.48
65.88
66.27
66.66
67.05
67.44
67.83
68.21
68.59
68.99
69.38
69.76
70.16
70.55
70.95
71.33
71.73
72.12
72.52
72.91
73.32
73.72
74.13
74.52
74.93
75.33
75.71
76.09
76.49
76.87
77.25
77.64
78.02
78.40
78.79
79.17
79.55
79.93
80.32
80.70
81.08
81.47
81.85
82.23
82.62
83.00
83.41
83.81
84.22
84.63
85.03
85.43
85.83
86.32
86.80
87.28
87.81
88.33
88.86
89.39
89.90
90.42
91.08
91.74
92.39
93.04
93.69
94.34
95.02
95.69
96.35
97.00
97.65
98.29
98.93
99.57
100.21
100.84
101.48
102.11
102.70
103.29
103.89
104.47
105.04
105.62
106.20
106.78
107.35
107.91
108.47
109.04
109.62
110.28
110.94
111.61
112.26
112.91
113.52
114.15
114.78
115.39
116.01
116.62
117.24
117.84
118.44
119.18
119.91
120.64
121.37
122.10
122.85
123.52
124.17
124.81
125.46
126.10
126.75
127.40
128.06
128.71
129.38
130.07
130.75
131.44
132.13
132.79
133.46
134.12
134.77
135.42
136.07
136.71
137.23
137.75
138.26
138.77
139.30
139.77
140.26
140.75
141.26
141.77
142.27
142.77
143.27
143.77
144.25
144.73
145.23
145.76
146.30
146.83
147.35
147.88
148.34
148.91
149.47
