# Beats
0.52
1.06
1.59
2.12
2.66
3.24
3.82
4.44
4.95
5.45
5.97
6.47
6.92
7.48
8.06
8.59
9.13
9.68
10.24
10.80
11.33
11.89
12.48
13.01
13.56
14.13
14.68
15.16
15.65
16.11
16.56
16.99
17.39
17.79
18.23
18.65
19.05
19.59
20.11
20.62
21.15
21.71
22.30
22.83
23.36
23.89
24.43
25.00
25.53
26.08
26.63
27.19
27.77
28.31
28.82
29.37
29.88
30.42
30.93
31.42
31.95
32.48
32.97
33.41
33.89
34.34
34.82
35.29
35.76
36.23
36.69
37.22
37.76
38.27
38.78
39.26
39.75
40.15
40.57
41.03
41.48
41.91
42.35
42.82
43.28
43.72
44.19
44.61
44.99
45.34
45.69
46.05
46.37
46.68
47.02
47.37
47.74
48.07
48.39
48.76
49.21
49.60
50.02
50.41
50.81
51.20
51.59
52.02
52.45
52.87
53.30
53.72
54.17
54.65
55.12
55.60
56.08
56.55
57.03
57.50
