# Beats
0.63
1.23
1.83
2.44
3.05
3.67
4.26
4.85
5.46
6.06
6.69
7.31
7.93
8.54
9.04
9.54
10.04
10.57
11.08
11.61
12.12
12.64
13.17
13.72
14.28
14.84
15.46
16.07
16.67
17.28
17.88
18.48
19.11
19.82
20.53
21.23
21.93
22.64
23.34
24.03
24.73
25.33
25.94
26.51
27.03
27.54
28.05
28.57
29.11
29.63
30.14
30.66
31.18
31.70
32.22
32.77
33.32
33.88
34.44
34.97
35.51
36.08
36.63
37.20
37.76
38.31
38.87
39.44
40.01
40.50
40.96
41.45
41.91
42.39
42.86
43.35
43.84
44.32
44.70
45.08
45.46
45.84
46.21
46.58
46.95
47.31
47.66
48.02
48.37
48.73
49.09
49.46
49.83
50.21
50.60
50.97
51.36
51.76
52.15
52.55
52.93
53.31
53.72
54.13
54.53
54.94
55.34
55.77
56.19
56.61
57.03
57.43
57.84
58.26
58.67
59.07
59.49
59.91
60.31
60.72
61.14
61.53
61.94
62.35
62.75
63.16
63.58
64.04
64.51
64.97
65.46
65.94
66.44
66.93
67.42
67.90
68.39
68.89
69.40
69.98
70.57
71.15
71.70
72.28
72.82
73.35
73.89
74.43
74.95
75.49
76.01
76.54
77.08
77.60
78.14
78.66
79.16
79.67
80.16
80.64
81.14
81.64
82.07
82.48
82.90
83.30
83.71
84.11
84.52
84.92
85.31
85.72
86.15
86.56
86.97
87.38
87.89
88.40
88.90
89.40
89.88
90.38
90.88
91.38
91.89
92.42
92.93
93.44
93.95
94.48
95.02
95.50
95.99
96.48
96.97
97.45
97.93
98.45
98.96
99.49
100.01
100.53
101.05
101.60
102.14
102.63
103.12
103.60
104.03
104.45
104.87
105.30
105.71
106.10
106.51
106.90
107.31
107.71
108.10
108.55
109.02
109.47
109.92
110.39
110.83
111.27
111.75
112.20
112.64
113.15
113.66
114.17
114.66
115.15
115.64
116.11
116.59
117.05
117.53
118.00
118.49
118.96
119.42
119.88
120.35
120.83
121.30
121.78
122.28
122.79
123.29
123.77
124.27
124.76
125.16
125.57
125.98
126.37
126.76
127.15
127.57
127.99
128.41
128.84
129.25
129.67
130.10
130.52
130.93
131.33
131.74
132.14
132.56
132.98
133.39
133.86
134.34
134.83
135.36
135.88
136.39
136.92
137.44
137.95
138.46
138.98
139.51
140.00
140.52
141.01
141.54
142.06
142.57
143.09
143.62
144.15
144.70
145.24
145.79
146.34
146.90
147.39
147.89
148.38
148.87
149.37
149.86
150.35
150.85
151.35
151.79
152.22
152.64
153.04
153.46
153.87
154.27
154.69
155.11
155.53
156.04
156.53
157.04
157.58
158.14
158.69
159.32
159.95
160.59
161.24
161.90
162.54
163.17
163.79
164.42
165.06
165.71
166.36
167.02
167.67
168.17
168.68
169.20
169.67
170.13
170.60
171.01
171.42
171.84
172.25
172.66
173.07
173.48
173.87
174.27
174.67
175.08
175.59
176.10
176.61
177.10
177.60
178.10
178.58
179.07
179.58
180.12
180.65
181.17
181.70
182.23
182.76
183.30
183.82
184.34
184.88
185.41
185.89
186.39
186.89
187.35
187.80
188.26
188.71
189.16
189.61
190.07
