# Beats
0.55
1.09
1.65
2.19
2.74
3.22
3.70
4.20
4.73
5.24
5.74
6.27
6.82
7.34
7.87
8.41
8.96
9.53
10.10
10.66
11.22
11.76
12.33
12.89
13.42
13.96
14.49
15.15
15.81
16.52
17.21
17.89
18.58
19.27
19.97
20.67
21.32
21.97
22.62
23.27
23.93
24.59
25.24
25.90
26.55
27.26
27.96
28.70
29.44
30.17
30.91
31.58
32.24
32.86
33.47
34.06
34.64
35.25
35.85
36.43
37.02
37.62
38.20
38.75
39.31
39.87
40.40
40.95
41.49
42.02
42.54
43.07
43.61
44.13
44.65
45.16
45.66
46.16
46.67
47.17
47.67
48.18
48.68
49.13
49.61
50.07
50.57
51.06
51.55
52.06
52.55
53.02
53.52
54.01
54.50
54.98
55.46
55.95
56.42
56.90
57.39
57.86
58.34
58.83
59.30
59.79
60.28
60.76
61.23
61.71
62.18
62.67
63.16
63.65
64.11
64.60
65.09
65.57
66.04
66.51
66.99
67.48
67.96
68.44
68.92
69.40
70.02
70.61
71.20
71.81
72.42
73.00
73.58
74.16
74.72
75.29
75.87
76.46
77.04
77.58
78.12
78.69
79.25
79.80
80.36
80.92
81.49
82.06
82.63
83.19
