# Beats
0.60
1.21
1.81
2.41
3.02
3.62
4.23
4.83
5.43
6.06
6.66
7.29
7.89
8.50
9.10
9.71
10.30
10.86
11.46
12.05
12.63
13.24
13.79
14.40
15.00
15.60
16.20
16.81
17.41
17.97
18.51
19.09
19.69
20.29
20.87
21.47
22.01
22.67
23.34
24.06
24.78
25.47
26.17
26.87
27.56
28.22
28.83
29.34
29.88
30.44
30.99
31.53
32.11
32.67
33.20
33.74
34.30
34.90
35.47
35.97
36.51
36.98
37.41
37.84
38.29
38.75
39.20
39.66
40.14
40.58
41.01
41.45
41.91
42.35
42.82
43.26
43.69
44.16
44.63
45.14
45.63
46.15
46.64
47.09
47.55
48.02
48.51
48.97
49.42
49.90
50.34
50.81
51.27
51.75
52.22
52.70
53.19
53.66
54.17
54.68
55.15
55.61
56.08
56.52
56.98
57.42
57.89
58.35
58.79
59.26
