# Beats
0.48
0.95
1.42
1.90
2.38
2.87
3.37
3.85
4.34
4.82
5.27
5.72
6.20
6.64
7.08
7.50
7.96
8.44
8.96
9.50
10.03
10.61
11.19
11.77
12.42
13.05
13.70
14.32
14.93
15.52
16.14
16.72
17.30
17.91
18.48
19.06
19.57
20.06
20.57
21.00
21.39
21.80
22.23
22.62
23.03
23.48
23.89
24.29
24.71
25.15
25.54
25.91
26.28
26.63
27.00
27.38
27.75
28.12
28.41
28.75
29.06
29.37
29.68
30.00
30.29
30.60
30.95
31.28
31.60
31.93
32.25
32.58
32.91
33.27
33.65
33.99
34.34
34.71
35.07
35.43
35.79
36.11
36.44
36.78
37.13
37.50
37.87
38.24
38.64
39.01
39.36
39.71
40.05
40.40
40.77
41.17
41.56
41.91
42.24
42.61
42.96
43.28
43.62
44.00
44.37
44.77
45.12
45.51
45.86
46.21
46.56
46.88
47.23
47.60
47.95
48.32
48.67
48.99
49.32
49.64
50.02
50.36
50.77
51.17
51.56
51.92
52.35
52.78
53.20
53.61
54.03
54.46
54.89
55.32
55.76
56.22
56.63
57.10
57.57
58.10
58.60
59.12
59.70
60.30
60.93
61.51
62.11
62.73
63.37
64.02
64.62
65.22
65.88
66.53
67.15
67.77
68.38
