# Beats
0.49
0.99
1.49
1.99
2.41
2.83
3.25
3.67
4.10
4.67
5.24
5.76
6.34
6.92
7.50
8.10
8.66
9.24
9.87
10.50
11.10
11.70
12.31
12.93
13.49
14.02
14.54
15.09
15.63
16.15
16.71
17.23
17.74
18.30
18.84
19.37
19.90
20.43
20.99
21.55
22.13
22.57
23.02
23.48
23.93
24.42
24.85
25.29
25.73
26.17
26.56
26.98
27.38
27.82
28.24
28.63
29.05
29.47
29.88
30.33
30.74
31.17
31.56
31.95
32.37
32.76
33.19
33.55
33.96
34.44
34.95
35.41
35.94
36.51
37.05
37.63
38.17
38.72
39.24
39.80
40.38
40.91
41.45
41.98
42.49
42.98
43.49
44.03
44.56
45.02
45.48
45.89
46.34
46.79
47.24
47.69
48.16
48.60
49.02
49.50
49.95
50.41
50.83
51.28
51.73
52.29
52.83
53.36
53.94
54.50
55.10
55.70
56.29
56.85
57.45
58.07
58.70
59.28
59.84
60.41
60.94
61.44
61.93
62.40
62.96
63.48
64.02
64.55
65.10
65.53
65.97
66.39
66.83
67.24
67.69
68.13
68.56
69.01
69.45
69.89
70.33
70.80
71.34
71.85
72.38
72.93
73.49
74.05
74.61
75.14
75.64
76.16
76.68
77.21
77.72
78.20
78.67
79.13
79.61
80.06
80.53
80.94
81.36
81.80
82.25
82.69
83.12
83.55
