# Beats
0.50
1.01
1.53
2.04
2.55
3.11
3.68
4.27
4.84
5.41
5.99
6.57
7.14
7.72
8.31
8.90
9.52
10.12
10.70
11.25
11.80
12.35
12.90
13.44
13.98
14.51
15.07
15.64
16.18
16.73
17.28
17.83
18.39
18.95
19.52
20.09
20.64
21.21
21.79
22.36
22.92
23.48
24.03
24.59
25.15
25.72
26.26
26.80
27.33
27.88
28.42
28.98
29.52
30.07
30.60
31.14
31.70
32.24
32.80
33.34
33.90
34.47
35.05
35.63
36.11
36.58
37.06
37.55
38.02
38.50
38.96
39.42
39.89
40.36
40.83
41.30
41.75
42.21
42.70
43.17
43.63
44.09
44.56
45.02
45.49
45.95
