# Beats
0.57
1.15
1.65
2.16
2.67
3.17
3.67
4.17
4.68
5.18
5.68
6.15
6.62
7.08
7.53
8.01
8.49
8.94
9.38
9.82
10.26
10.70
11.15
11.59
12.03
12.46
12.88
13.32
13.76
14.19
14.63
15.06
15.49
15.93
16.37
16.80
17.22
17.65
18.10
18.58
19.04
19.57
20.12
20.65
21.22
21.82
22.45
23.10
23.78
24.45
25.11
25.77
26.42
27.09
27.75
28.41
29.08
29.72
30.35
30.98
31.64
32.30
32.97
33.65
34.25
34.85
35.47
36.06
36.65
37.24
37.85
38.43
39.01
39.60
40.22
40.82
41.44
42.09
42.75
43.42
44.09
44.76
45.42
46.09
46.75
47.42
48.02
48.62
49.13
49.63
50.16
50.69
51.20
51.71
52.22
52.73
53.25
53.85
54.43
55.01
55.59
56.18
56.73
57.26
57.79
58.28
58.77
59.26
59.72
60.21
60.70
61.09
61.49
61.87
62.28
62.67
63.04
63.44
63.83
64.21
64.60
64.98
65.38
65.76
66.13
66.50
66.90
67.30
67.73
68.15
68.58
69.02
69.46
69.94
70.44
70.93
71.41
71.91
72.40
72.89
73.38
73.86
74.42
74.97
75.51
76.03
76.56
77.09
77.62
78.18
78.81
79.41
80.02
80.62
81.22
81.83
82.43
83.03
83.62
84.18
84.74
85.29
85.84
86.40
86.96
87.52
88.07
88.61
89.15
89.70
90.26
90.77
91.27
91.78
92.18
92.59
93.00
93.40
93.75
94.09
94.44
94.78
95.13
95.48
95.81
96.13
96.46
96.78
97.13
97.48
97.83
98.20
98.57
98.95
99.33
99.71
100.09
100.46
100.84
101.22
101.59
101.95
102.32
102.70
103.10
103.49
103.87
104.27
104.65
105.05
105.42
105.79
106.16
106.53
106.93
107.32
107.72
108.11
108.58
109.03
109.48
109.93
110.36
110.82
111.25
111.69
112.15
112.59
113.09
113.59
114.10
114.61
115.11
115.62
116.12
116.62
117.13
117.63
118.13
118.62
119.12
119.62
120.13
120.56
120.98
121.42
121.86
122.30
122.73
123.16
123.58
124.02
124.45
124.89
125.32
125.76
126.21
126.57
126.92
127.28
127.66
128.05
128.44
128.85
129.22
129.59
129.99
130.38
130.77
131.18
131.59
131.98
132.40
132.82
133.25
133.68
134.10
134.51
134.92
135.33
135.76
136.17
136.60
137.01
137.43
137.83
138.27
138.70
139.13
139.70
140.27
140.84
141.41
141.98
142.55
143.13
143.71
144.29
144.87
145.43
145.97
146.53
147.17
147.82
148.47
149.11
149.75
150.38
151.02
151.65
152.28
152.90
153.53
154.17
154.78
155.40
156.01
156.57
157.13
157.69
158.23
158.78
159.34
159.89
160.50
161.11
161.72
162.32
162.92
163.53
