# Beats
0.45
0.93
1.40
1.88
2.32
2.77
3.24
3.69
4.16
4.64
5.15
5.67
6.15
6.65
7.16
7.66
8.17
8.67
9.18
9.68
10.18
10.66
11.15
11.61
12.07
12.53
12.96
13.40
13.83
14.26
14.68
15.09
15.51
15.91
16.30
16.72
17.14
17.57
18.00
18.41
18.83
19.26
19.67
20.09
20.51
20.94
21.37
21.78
22.19
22.59
23.01
23.43
23.85
24.28
24.71
25.14
25.57
25.99
26.42
26.89
27.36
27.86
28.34
28.82
29.29
29.74
30.19
30.64
31.08
31.49
31.90
32.32
32.74
33.15
33.56
33.97
34.46
34.92
35.39
35.86
36.33
36.80
37.27
37.71
38.16
38.61
39.08
39.56
40.03
40.46
40.89
41.32
41.81
42.28
42.77
43.24
43.72
44.19
44.70
45.22
45.73
46.25
46.78
47.29
47.74
48.19
48.65
49.09
49.55
50.02
50.47
50.87
51.27
51.66
52.06
52.44
52.83
53.22
53.64
54.06
54.47
54.88
55.30
55.72
56.12
56.56
57.00
57.45
57.89
58.32
58.75
59.18
59.58
60.02
60.45
60.88
61.28
61.67
62.07
62.48
62.90
63.31
63.72
64.13
64.56
64.98
65.46
65.94
66.41
66.92
67.43
67.94
68.44
68.94
69.45
69.95
70.45
70.96
71.44
71.89
72.35
72.81
73.28
73.76
74.23
74.70
75.19
75.67
76.14
76.60
77.08
77.67
78.27
78.88
79.46
80.05
80.64
81.25
81.85
82.45
83.06
83.66
84.27
84.88
85.50
86.10
86.69
87.28
87.88
88.47
89.08
89.69
90.28
90.77
91.23
91.70
92.21
92.72
93.25
93.76
94.27
94.78
95.29
95.81
96.32
96.92
97.52
98.14
98.74
99.35
99.94
100.54
101.16
101.74
102.34
102.93
103.53
104.12
104.70
105.28
105.86
106.46
107.08
107.69
108.30
108.81
109.30
109.78
110.28
110.78
111.28
111.83
112.37
112.93
113.42
113.89
114.38
114.86
115.36
115.87
116.33
116.81
117.28
117.75
118.24
118.75
119.30
119.85
120.40
120.94
121.49
122.04
122.60
123.15
123.70
124.26
124.85
125.45
126.04
126.63
127.21
127.78
128.36
128.95
129.52
130.09
130.67
131.22
131.77
132.40
133.03
133.64
134.26
134.88
135.47
136.06
136.64
137.13
137.62
138.12
138.65
139.18
139.70
140.24
140.76
141.27
141.79
142.32
142.81
143.34
143.86
144.37
144.87
145.38
145.88
146.38
146.87
147.45
148.04
148.62
149.19
149.77
150.31
150.86
151.38
151.90
152.43
152.95
153.48
154.02
154.53
155.05
155.57
156.10
156.62
157.13
157.68
158.21
158.75
159.29
159.83
160.37
160.96
161.54
162.12
162.70
163.28
163.78
164.28
164.78
165.26
165.74
166.23
166.72
167.18
167.66
168.15
168.65
169.15
169.70
170.26
170.81
171.35
171.90
172.41
172.92
173.42
173.92
174.43
174.94
175.38
175.81
176.25
176.69
177.13
177.56
178.00
178.43
178.86
179.30
179.77
180.22
180.69
181.14
181.56
181.97
182.40
182.85
183.28
183.72
184.16
184.58
184.97
185.39
185.82
186.25
186.68
187.13
187.66
188.20
188.73
189.27
189.78
190.30
190.82
191.33
191.85
192.38
192.91
193.46
194.03
194.58
195.14
195.70
196.23
196.77
197.30
197.83
198.37
198.90
199.42
199.95
200.48
201.04
201.58
202.19
202.78
203.36
203.94
204.52
205.19
205.89
206.59
207.28
207.97
208.65
209.33
210.02
210.72
211.41
212.09
212.81
213.52
214.23
214.95
215.60
216.25
216.90
217.55
218.20
218.84
219.48
220.13
220.78
221.41
221.98
222.54
223.10
223.65
224.20
224.76
225.33
225.91
226.48
227.06
227.63
228.19
228.75
229.25
229.76
230.27
230.78
231.27
231.77
232.27
232.77
233.27
233.80
234.35
234.88
235.43
235.98
236.52
237.05
237.59
238.10
238.62
239.14
239.69
240.25
240.88
241.52
242.16
242.80
243.44
244.05
244.66
245.27
245.89
246.50
247.12
247.73
248.34
248.92
249.50
250.09
250.68
251.27
251.87
252.47
253.07
253.69
254.30
254.91
255.51
256.12
256.71
257.28
257.86
258.45
259.04
259.62
260.18
260.75
261.32
261.84
262.36
262.88
263.34
263.79
264.23
264.66
265.10
265.54
265.98
266.45
266.89
267.33
267.84
268.35
268.85
269.35
269.86
270.38
270.86
271.35
271.82
272.27
272.70
273.15
273.64
274.11
274.58
275.02
275.46
275.88
276.29
276.68
277.08
277.49
278.00
278.51
279.01
279.50
279.96
280.45
280.95
281.44
281.91
282.46
283.03
283.61
284.19
284.78
285.33
285.85
286.39
286.95
287.50
288.04
288.58
289.13
289.70
290.18
290.64
291.11
291.57
292.06
292.52
292.97
293.41
293.86
294.36
294.87
295.38
295.90
296.41
296.91
297.42
297.94
298.45
299.00
299.56
300.12
300.68
301.21
301.74
302.28
302.80
303.32
303.86
304.37
304.91
305.50
306.10
306.69
307.28
