# Beats
0.49
0.98
1.47
1.97
2.46
3.05
3.65
4.23
4.79
5.39
5.94
6.50
7.11
7.70
8.24
8.80
9.36
9.91
10.50
11.08
11.63
12.14
12.65
13.14
13.58
14.01
14.49
14.95
15.44
15.88
16.32
16.79
17.25
17.69
18.18
18.67
19.16
19.71
20.25
20.78
21.37
22.01
22.71
23.43
24.10
24.78
25.41
26.08
26.75
27.39
28.05
28.68
29.33
29.88
30.49
31.09
31.65
32.24
32.86
33.44
34.04
34.64
35.22
35.81
36.36
36.95
37.48
38.03
38.57
39.10
39.64
40.14
40.59
41.08
41.59
42.05
42.49
42.91
43.35
43.78
44.22
44.70
45.16
45.60
46.05
46.46
46.88
47.33
47.71
48.03
48.34
48.66
48.97
49.30
49.64
49.99
50.36
50.76
51.13
51.54
51.94
52.34
52.71
53.06
53.43
53.80
54.17
54.57
55.01
55.40
55.77
56.19
56.63
57.09
57.49
57.91
58.35
58.75
59.16
59.54
59.88
60.26
60.65
61.07
61.51
61.90
62.32
62.74
63.16
63.56
63.97
