# Beats
0.55
1.09
1.64
2.18
2.74
3.31
3.88
4.44
5.02
5.60
6.15
6.70
7.24
7.87
8.49
9.13
9.75
10.36
10.98
11.61
12.23
12.84
13.46
14.07
14.70
15.30
15.93
16.53
17.12
17.74
18.31
18.87
19.44
19.99
20.56
21.07
21.59
22.12
22.60
23.08
23.56
24.10
24.64
25.29
25.95
26.60
27.25
27.90
28.54
29.18
29.81
30.46
31.10
31.65
32.18
32.72
33.25
33.80
34.33
34.88
35.45
35.99
36.55
37.11
37.66
38.21
38.77
39.33
39.89
40.40
40.93
41.46
41.99
42.52
43.03
43.47
43.92
44.37
44.72
45.06
45.41
45.75
46.11
46.46
46.83
47.19
47.55
47.90
48.25
48.62
48.96
49.32
49.69
50.04
50.39
50.75
51.11
51.47
51.83
52.18
52.52
52.88
53.23
53.61
54.01
54.39
54.80
55.23
55.64
56.03
56.42
56.82
57.21
57.62
58.10
58.57
59.04
59.51
59.98
60.44
60.92
61.42
61.93
62.44
62.94
63.44
63.95
64.46
64.97
65.48
65.99
66.50
66.99
67.50
67.99
68.45
68.92
69.37
69.82
70.26
70.72
71.17
71.62
72.07
72.52
72.97
73.42
73.90
74.42
74.93
75.44
75.98
76.51
77.04
77.59
78.12
78.67
79.25
79.81
80.48
81.17
81.85
82.51
83.19
83.85
84.52
85.10
85.68
86.25
86.84
87.42
88.00
88.58
89.16
89.72
90.30
90.88
91.46
92.03
92.60
93.18
93.75
94.32
94.88
95.43
95.99
96.55
97.12
97.66
98.20
98.74
99.30
99.85
100.38
100.91
101.45
101.97
102.49
102.97
103.46
103.94
104.37
104.80
105.23
105.67
106.12
106.56
106.99
107.39
107.79
108.17
108.58
108.97
109.39
109.81
110.34
110.88
111.41
111.94
112.48
113.02
113.57
114.13
114.69
115.26
115.83
116.40
116.96
117.52
118.07
118.63
119.19
119.75
120.38
121.00
121.60
122.23
122.86
123.48
124.11
124.74
125.33
125.90
126.50
127.08
127.67
128.20
128.71
129.21
129.66
130.10
130.57
131.01
131.45
131.90
132.34
132.79
133.26
133.71
134.14
134.58
135.02
135.40
135.78
136.16
136.56
136.96
137.37
137.75
138.11
138.50
138.88
139.25
139.62
139.99
140.38
140.76
141.15
141.55
141.94
142.36
142.79
143.20
143.60
144.01
144.40
144.82
145.23
145.64
146.03
146.43
146.82
147.31
147.80
148.31
148.81
149.29
149.78
150.28
150.78
151.28
151.78
152.28
152.78
153.21
153.62
154.04
154.46
154.85
155.27
155.69
156.15
156.62
157.07
157.52
157.98
158.41
158.84
159.27
159.71
160.14
160.64
161.12
161.61
162.10
162.57
163.06
163.56
164.07
164.58
165.11
165.63
166.17
166.71
167.23
167.75
168.28
168.81
169.33
169.82
170.32
170.81
171.29
171.78
172.27
172.83
173.37
173.93
174.47
175.03
175.58
176.12
176.67
177.21
177.75
178.29
178.83
179.37
179.93
180.48
181.05
181.57
182.11
182.65
183.18
183.72
184.26
184.76
185.25
185.74
186.14
186.55
186.97
187.39
187.80
188.23
188.66
189.08
189.51
189.94
190.38
190.81
191.22
191.70
192.18
192.66
193.14
193.63
194.12
194.61
195.11
195.63
196.14
196.63
197.11
197.60
