# Beats
0.35
0.71
1.07
1.43
1.79
2.14
2.48
2.84
3.23
3.61
3.99
4.35
4.71
5.06
5.40
5.74
6.12
6.50
6.88
7.27
7.71
8.15
8.60
9.03
9.46
9.89
10.31
10.74
11.17
11.61
12.06
12.50
12.93
13.37
13.83
14.26
14.70
15.13
15.56
15.99
16.44
16.90
17.35
17.81
18.27
18.74
19.21
19.67
20.13
20.60
21.05
21.50
21.95
22.55
23.16
23.78
24.37
24.97
25.57
26.15
26.73
27.34
27.95
28.55
29.15
29.77
30.38
31.00
31.61
32.24
32.86
33.47
34.08
34.69
35.29
35.94
36.61
37.28
37.94
38.60
39.26
39.94
40.57
41.18
41.80
42.40
43.03
43.65
44.27
44.95
45.60
46.24
46.88
47.52
48.13
48.75
49.33
49.92
50.50
51.11
51.71
52.29
52.87
53.44
53.99
54.54
55.10
55.67
56.24
56.80
57.35
57.93
58.50
59.06
59.63
60.19
60.76
61.32
61.89
62.45
63.01
63.58
64.12
64.67
65.20
65.74
66.27
66.80
67.34
67.87
68.41
68.94
69.47
70.01
70.52
71.04
71.56
72.09
72.61
73.12
73.64
74.16
74.69
75.21
75.72
76.25
76.79
77.30
77.79
78.27
78.75
79.23
79.73
80.21
80.63
81.05
81.46
81.87
82.30
82.73
83.16
83.52
83.89
84.27
84.64
85.00
85.36
85.70
86.05
86.40
86.77
87.14
87.52
87.92
88.33
88.72
89.12
89.50
89.88
90.24
90.63
91.00
91.35
91.71
92.09
92.46
92.83
93.20
93.56
93.99
94.44
94.88
95.41
95.91
96.41
96.92
97.43
97.95
98.48
99.01
99.56
100.09
100.61
101.12
101.65
102.17
102.70
103.24
103.76
104.28
104.80
105.33
105.81
106.30
106.78
107.23
107.69
108.15
108.60
109.05
109.51
109.93
110.39
110.83
111.29
111.75
112.19
112.62
113.06
113.50
113.94
114.38
114.85
115.31
115.77
116.22
116.65
117.08
117.49
117.91
118.34
118.77
119.21
119.64
120.09
120.49
120.87
121.24
121.63
122.02
122.39
122.79
123.19
123.67
124.16
124.64
125.20
125.76
126.30
126.87
127.45
128.01
128.57
129.14
129.71
130.24
130.77
131.34
131.89
132.42
132.96
133.49
134.00
134.51
135.02
135.51
136.00
136.49
137.02
137.57
138.11
138.55
138.99
139.44
139.90
140.36
140.81
141.25
141.69
142.14
142.59
143.06
143.51
143.96
144.43
144.88
145.36
145.82
146.29
146.75
147.23
147.69
148.14
148.61
149.06
149.51
149.95
150.42
150.87
151.32
151.77
152.21
152.65
153.09
153.53
153.98
154.42
154.85
155.27
155.70
156.14
156.57
157.01
157.43
157.87
158.29
158.73
159.15
159.57
159.99
160.42
160.84
161.27
161.70
162.12
162.55
162.96
163.39
163.79
164.21
164.63
165.06
165.49
165.91
166.31
166.77
167.21
167.65
168.10
168.57
169.04
169.53
170.02
170.50
171.11
171.69
172.28
172.90
173.50
174.07
174.65
175.24
175.82
176.40
176.96
177.54
178.12
178.71
179.30
179.88
180.47
181.06
181.59
182.14
182.68
183.22
183.75
184.30
184.81
185.33
185.88
186.42
186.97
