# Beats
0.48
0.96
1.44
1.92
2.35
2.76
3.20
3.63
4.08
4.46
4.81
5.18
5.55
5.92
6.28
6.65
7.01
7.43
7.85
8.27
8.66
9.06
9.47
9.89
10.30
10.79
11.26
11.75
12.25
12.75
13.25
13.72
14.21
14.69
15.16
15.65
16.14
16.60
17.07
17.53
18.00
18.45
18.90
19.37
19.81
20.25
20.71
21.15
21.62
22.08
22.44
22.80
23.17
23.53
23.89
24.26
24.62
25.00
25.37
25.73
26.09
26.44
26.80
27.14
27.50
27.86
28.24
28.61
28.97
29.34
29.70
30.08
30.48
30.86
31.28
31.70
32.11
32.53
32.97
33.40
33.85
34.32
34.78
35.25
35.71
36.18
36.65
37.12
37.57
38.01
38.45
38.99
39.52
40.05
40.58
41.12
41.68
42.21
42.72
43.26
43.77
44.28
44.77
45.28
45.79
46.29
46.81
47.35
47.90
48.44
48.97
49.50
50.06
50.57
51.07
51.57
52.09
52.62
53.13
53.64
54.16
54.68
55.18
55.68
56.19
56.77
57.35
57.92
58.49
59.06
59.68
60.28
60.91
61.52
62.16
62.79
63.41
63.97
64.51
65.05
65.61
66.18
66.76
67.26
67.73
68.22
68.64
69.07
69.47
69.89
70.31
70.70
71.10
71.49
71.90
72.31
72.72
73.13
73.56
73.98
74.41
74.84
75.27
75.70
76.22
76.75
77.28
77.80
78.32
78.84
79.37
79.89
80.48
81.06
81.64
82.16
82.69
83.21
83.68
84.18
84.68
85.22
85.72
86.20
86.68
87.14
87.63
88.12
88.61
89.09
89.59
90.09
90.76
91.42
92.08
92.72
93.37
94.02
94.67
95.29
95.92
96.55
97.14
97.73
98.34
98.94
99.54
100.17
100.80
101.45
102.10
102.77
103.44
104.13
104.81
105.49
106.17
106.86
107.46
108.05
108.60
109.16
109.73
110.28
110.85
111.46
112.06
112.66
113.27
113.86
114.51
115.15
115.80
116.45
117.10
117.75
118.40
119.03
119.64
120.26
120.80
121.35
121.90
122.46
123.02
123.58
124.13
124.68
125.18
125.68
126.15
126.63
127.11
127.58
128.06
128.52
128.99
129.45
129.92
130.38
130.88
131.38
131.89
132.38
132.89
133.40
133.90
134.40
134.90
135.42
135.95
136.46
136.93
137.37
137.81
138.32
138.86
139.39
140.03
140.67
141.32
141.92
142.52
143.13
143.73
144.30
144.89
145.50
146.09
146.70
147.26
147.83
148.40
148.94
149.49
150.02
150.58
151.14
151.65
152.14
152.62
153.11
153.60
154.09
154.60
155.09
155.57
156.11
156.64
157.16
157.62
158.06
158.52
158.99
159.45
159.90
160.36
160.80
161.24
161.66
162.08
162.52
162.97
163.40
163.85
164.32
164.77
165.23
165.69
166.14
166.56
166.96
167.37
167.76
168.17
168.58
168.99
169.48
169.97
170.46
170.95
171.43
171.93
172.41
172.87
173.34
173.81
174.20
174.59
174.97
175.37
175.75
176.15
176.54
176.92
177.32
177.70
178.10
178.49
178.87
179.26
179.64
180.04
180.42
180.80
181.19
181.64
182.09
182.54
183.00
183.44
183.88
184.32
184.76
185.20
185.67
186.11
186.55
186.99
187.42
187.85
188.28
188.72
189.10
189.47
189.85
190.23
190.61
190.98
191.37
191.74
192.12
192.49
192.88
193.27
193.65
194.05
194.44
194.91
195.37
195.84
196.29
196.74
197.18
197.63
198.09
198.57
199.02
199.42
199.84
200.25
200.74
201.25
201.73
202.27
202.81
203.36
203.89
204.43
204.94
205.46
205.98
206.50
207.02
207.54
208.05
208.56
209.07
209.70
210.33
210.95
211.58
212.20
212.88
213.58
214.25
214.94
215.62
216.31
216.99
217.66
218.33
219.01
219.68
220.29
220.91
221.56
222.24
222.90
223.55
224.20
224.85
225.50
