# Beats
0.52
1.07
1.60
2.14
2.65
3.13
3.67
4.18
4.68
5.18
5.71
6.23
6.78
7.35
7.96
8.54
9.15
9.75
10.32
11.03
11.70
12.33
12.98
13.58
14.20
14.81
15.44
16.07
16.67
17.25
17.88
18.51
19.11
19.76
20.38
20.99
21.63
22.24
22.87
23.45
24.04
24.62
25.24
25.88
26.47
27.07
27.68
28.31
28.93
29.58
30.21
30.79
31.37
31.95
32.55
33.13
33.68
34.27
34.84
35.41
36.01
36.59
37.15
37.71
38.27
38.85
39.40
39.95
40.52
41.05
41.68
42.33
42.96
43.63
44.28
44.92
45.56
46.18
46.81
47.44
48.18
48.92
49.68
50.43
51.18
51.90
52.64
53.41
54.15
54.87
55.58
56.29
57.00
57.68
58.35
59.03
59.71
60.37
61.02
61.72
62.44
63.16
63.88
64.60
65.36
66.06
66.76
67.41
68.10
68.78
69.49
70.05
70.61
71.19
71.77
72.38
72.90
73.44
73.96
74.49
75.02
75.56
76.09
76.65
77.18
77.72
78.29
78.81
79.34
79.90
80.42
80.99
81.53
82.11
82.73
83.35
83.99
84.61
85.22
85.82
86.24
86.68
87.14
87.61
88.10
88.56
89.07
89.51
89.95
90.37
90.74
91.14
91.56
91.96
92.38
92.78
93.10
93.54
93.98
94.33
94.73
95.16
95.58
96.04
96.48
96.92
97.34
97.73
98.15
98.58
99.03
99.65
100.21
100.77
101.33
101.91
102.47
103.04
103.63
104.19
104.75
105.30
105.86
106.42
106.95
107.37
107.81
108.27
108.76
109.20
109.66
110.04
110.41
110.78
111.15
111.55
111.94
112.29
112.64
113.00
113.34
113.67
114.03
114.43
114.79
115.15
115.47
115.83
116.22
116.60
117.03
117.42
117.84
118.22
118.65
119.10
119.49
119.88
120.28
120.66
121.06
121.44
121.84
122.21
122.60
122.97
123.33
123.80
124.24
124.74
125.28
125.82
126.34
126.85
127.34
127.80
128.29
128.78
129.29
129.80
130.33
130.89
131.45
131.97
132.49
133.00
133.54
134.07
134.65
135.20
135.78
136.35
