# Beats
0.53
1.04
1.53
2.05
2.52
2.94
3.44
3.89
4.31
4.78
5.25
5.69
6.18
6.64
7.12
7.57
8.03
8.54
8.94
9.33
9.78
10.19
10.54
10.87
11.24
11.61
11.96
12.26
12.60
12.96
13.28
13.64
14.05
14.47
14.88
15.28
15.67
16.04
16.46
16.88
17.30
17.73
18.13
18.55
18.98
19.46
19.92
20.36
20.83
21.29
21.76
22.22
22.63
22.99
23.38
23.79
24.17
24.59
25.01
25.47
25.91
26.38
26.82
27.24
27.68
28.26
28.82
29.37
29.86
30.36
30.88
31.42
31.95
32.45
32.90
33.39
33.85
34.25
34.67
35.11
35.53
35.92
36.30
36.69
37.06
37.44
37.83
38.24
38.66
39.07
39.49
39.94
40.39
40.80
41.22
41.66
42.10
42.54
42.98
43.42
43.89
44.33
44.84
45.33
45.79
46.30
46.83
47.35
47.83
48.34
48.83
49.33
49.81
50.31
50.77
51.29
51.78
52.34
52.92
53.48
53.96
54.45
54.89
55.33
55.79
56.26
56.70
57.14
57.61
58.00
58.43
58.82
59.23
59.61
60.00
60.40
60.77
61.14
61.49
61.86
62.23
62.73
63.27
63.79
64.28
64.83
65.34
65.85
66.36
66.85
67.34
67.83
68.32
68.80
69.31
69.78
70.17
70.54
70.94
71.33
71.73
72.12
72.50
72.89
73.28
73.65
74.03
74.41
74.81
75.20
75.58
75.95
76.30
76.66
77.07
77.46
77.83
78.22
78.58
78.95
79.31
79.69
80.05
80.52
81.01
81.48
81.92
82.33
82.80
83.34
83.87
84.43
84.95
85.50
86.02
86.54
87.05
87.68
88.28
88.91
89.54
90.19
90.79
91.39
92.00
92.62
93.27
93.88
94.51
95.13
95.74
96.35
96.85
97.38
97.87
98.41
98.94
99.46
99.99
100.52
101.08
101.61
102.17
102.68
103.17
103.65
104.14
104.68
105.16
105.65
106.14
106.65
107.09
107.55
108.04
108.58
109.13
109.71
110.29
110.85
111.37
111.90
112.43
112.98
113.50
114.04
114.67
115.26
115.89
116.52
117.14
117.73
118.26
118.82
119.35
119.88
120.42
120.95
121.49
122.07
122.62
123.22
123.74
124.30
124.85
125.43
125.99
126.55
127.08
127.64
128.17
128.75
129.31
129.83
130.40
130.94
131.45
131.94
132.45
132.96
133.47
133.98
134.49
134.99
135.51
136.02
136.57
137.09
137.60
138.14
138.63
139.13
139.71
140.29
140.85
141.39
141.87
142.41
142.92
143.45
144.00
144.52
145.02
145.57
146.05
146.54
147.03
147.54
148.04
148.54
149.04
149.54
150.04
