# Beats
0.84
1.68
2.50
3.31
4.11
4.93
5.74
6.51
7.29
8.06
8.82
9.59
10.38
11.11
11.83
12.43
13.05
13.63
14.20
14.77
15.16
15.57
15.98
16.38
16.78
17.17
17.57
17.97
18.37
18.76
19.14
19.55
19.97
20.39
20.81
21.23
21.68
22.12
22.52
22.93
23.34
23.73
24.13
24.51
24.90
25.27
25.66
26.03
26.41
26.78
27.16
27.53
27.90
28.29
28.69
29.08
29.47
29.85
30.22
30.60
30.99
31.39
31.80
32.21
32.60
33.00
33.39
33.77
34.16
34.53
34.91
35.29
35.67
36.04
36.41
36.78
37.15
37.52
37.89
38.27
38.65
39.03
39.43
39.81
40.19
40.58
40.97
41.37
41.76
42.16
42.53
42.91
43.29
43.67
44.04
44.42
44.80
45.19
45.57
45.94
46.34
46.73
47.12
47.53
47.97
48.40
48.83
49.33
49.82
50.31
50.86
51.42
51.98
52.55
53.12
53.68
54.25
54.81
55.32
55.83
56.35
56.76
57.16
57.55
57.95
58.35
58.75
59.14
59.54
59.92
60.30
60.70
61.10
61.51
61.92
62.33
62.75
63.17
63.59
64.01
64.42
64.83
65.24
65.64
66.05
66.46
66.86
67.24
67.64
68.03
68.43
68.81
69.21
69.60
69.98
70.37
70.74
71.11
71.49
71.88
72.26
72.64
73.04
73.43
73.84
74.25
74.64
75.04
75.42
75.79
76.16
76.56
76.93
77.30
77.67
78.05
78.43
78.81
79.20
79.60
79.99
80.40
80.79
81.18
81.56
81.94
82.33
82.71
83.09
83.49
83.88
84.28
84.66
85.05
85.44
85.83
86.23
86.61
86.99
87.38
87.76
88.14
88.53
88.92
89.32
89.70
90.08
90.46
90.85
91.23
91.61
92.02
92.40
92.80
93.19
93.59
93.98
94.38
94.77
95.16
95.54
95.92
96.30
96.70
97.09
97.48
97.87
98.29
98.70
99.10
99.50
99.89
100.29
100.67
101.05
101.44
101.83
102.23
102.62
103.02
103.40
103.79
104.19
104.59
104.99
105.40
105.80
106.21
106.63
107.06
107.47
107.88
108.27
108.68
109.08
109.47
109.87
110.26
110.64
111.04
111.43
111.84
112.23
112.63
113.02
113.42
113.82
114.24
114.66
115.08
115.48
115.90
116.31
116.70
117.10
117.50
117.91
118.32
118.72
119.13
119.54
119.94
120.35
120.74
121.14
121.53
121.94
122.35
122.74
123.15
123.54
123.92
124.31
124.69
125.07
125.47
125.88
126.26
126.65
127.05
127.43
127.81
128.21
128.62
129.01
129.42
129.82
130.23
130.64
131.07
131.48
131.90
132.32
132.74
133.15
133.57
133.99
134.41
134.82
135.22
135.63
136.05
136.46
136.92
137.36
137.81
138.26
138.73
139.18
139.63
140.05
140.47
140.89
141.35
141.82
142.27
142.78
143.29
143.80
144.31
144.82
145.33
145.86
146.38
146.89
147.40
147.91
148.42
148.93
149.44
149.95
150.34
150.73
151.13
151.51
151.88
152.25
152.62
152.98
153.34
153.70
154.08
154.45
154.83
155.20
155.57
155.95
156.28
156.63
156.97
157.30
157.68
158.06
158.43
158.80
159.18
159.57
159.95
160.33
160.71
161.07
161.43
161.80
162.16
162.52
162.88
163.25
163.61
163.97
164.33
164.70
165.06
165.43
165.79
166.16
166.61
167.07
167.52
167.95
168.39
168.83
169.26
169.70
170.14
170.60
171.05
171.49
171.94
172.38
172.83
173.27
173.71
174.16
174.61
175.07
175.51
175.95
176.39
176.83
177.27
177.71
178.33
178.93
179.53
180.19
180.85
181.50
182.15
182.80
183.45
184.10
184.77
185.45
186.12
186.78
