# Beats
0.38
0.78
1.17
1.57
1.96
2.35
2.74
3.13
3.55
3.95
4.34
4.74
5.11
5.50
5.89
6.27
6.65
7.04
7.43
7.81
8.20
8.59
8.97
9.33
9.71
10.08
10.45
10.83
11.22
11.59
11.96
12.33
12.70
13.08
13.44
13.82
14.18
14.57
14.95
15.33
15.70
16.07
16.44
16.83
17.21
17.58
17.95
18.32
18.69
19.05
19.44
19.81
20.18
20.55
20.92
21.30
21.69
22.07
22.48
22.86
23.24
23.63
24.02
24.42
24.81
25.21
25.61
26.01
26.42
26.84
27.26
27.68
28.08
28.49
28.90
29.32
29.72
30.14
30.53
30.93
31.31
31.68
32.07
32.45
32.83
33.22
33.60
33.99
34.39
34.78
35.18
35.55
35.93
36.33
36.71
37.11
37.60
38.10
38.61
39.11
39.61
40.11
40.55
40.98
41.40
41.84
42.28
42.74
43.19
43.63
44.07
44.54
44.95
45.35
45.74
46.13
46.53
46.93
47.32
47.69
48.07
48.45
48.81
49.18
49.55
49.93
50.32
50.69
51.06
51.43
51.80
52.18
52.57
52.95
53.34
53.71
54.10
54.49
54.87
55.24
55.61
55.98
56.35
56.74
57.12
57.49
57.88
58.28
58.68
59.05
59.43
59.80
60.16
60.52
60.92
61.42
61.90
62.39
62.88
63.37
63.85
64.34
64.83
65.29
65.79
66.29
66.79
67.18
67.57
67.96
68.37
68.78
69.17
69.57
69.97
70.39
70.79
71.19
71.59
71.98
72.38
72.77
73.15
73.54
73.93
74.30
74.69
75.08
75.46
75.87
76.25
76.63
77.00
77.38
77.76
78.15
78.53
78.92
79.32
79.70
80.11
80.60
81.08
81.55
82.01
82.47
82.92
83.35
83.78
84.22
84.67
85.08
85.47
85.89
86.32
86.73
87.12
87.53
87.95
88.34
88.74
89.14
89.54
89.92
90.30
90.71
91.12
91.50
91.89
92.28
92.65
93.04
93.44
93.81
94.20
94.57
94.97
95.35
95.72
96.10
96.47
96.85
97.23
97.64
98.02
98.41
98.79
99.18
99.57
99.94
100.32
100.72
101.11
101.49
101.88
102.26
102.63
103.00
103.38
103.75
104.15
104.56
104.95
105.35
105.74
106.14
106.53
106.93
107.33
107.74
108.16
108.58
108.99
109.41
109.83
110.36
110.89
111.41
112.05
112.69
113.34
113.98
114.60
115.24
115.88
116.52
117.14
117.77
118.41
119.05
119.68
120.30
120.94
121.58
122.22
122.86
123.50
124.13
124.77
125.41
126.04
126.66
127.29
127.84
128.41
128.96
129.51
130.03
130.54
131.05
131.56
132.08
132.49
132.92
133.35
133.77
134.19
134.61
135.00
135.42
135.84
136.25
136.67
137.15
137.62
138.10
138.72
139.34
139.95
140.55
141.15
141.75
142.34
142.94
143.55
144.14
144.68
145.25
145.80
146.37
146.94
147.47
148.00
148.54
149.07
149.61
