# Beats
0.37
0.74
1.11
1.51
1.88
2.25
2.60
2.97
3.33
3.69
4.04
4.40
4.76
5.11
5.46
5.83
6.19
6.52
6.87
7.22
7.59
7.95
8.31
8.66
9.02
9.38
9.73
10.10
10.47
10.84
11.20
11.56
11.91
12.25
12.59
12.91
13.26
13.58
13.91
14.25
14.58
14.93
15.26
15.58
15.93
16.28
16.60
16.94
17.28
17.61
17.95
18.27
18.61
18.95
19.28
19.61
19.95
20.27
20.60
20.92
21.26
21.59
21.94
22.28
22.62
22.94
23.30
23.65
23.99
24.31
24.64
24.95
25.29
25.61
25.95
26.28
26.62
26.96
27.30
27.62
27.96
28.28
28.63
28.98
29.33
29.68
30.04
30.38
30.74
31.10
31.45
31.79
32.12
32.46
32.81
33.13
33.46
33.81
34.13
34.47
34.80
35.13
35.47
35.81
36.14
36.48
36.82
37.15
37.48
37.81
38.15
38.48
38.81
39.16
39.50
39.82
40.16
40.50
40.82
41.15
41.49
41.83
42.20
42.56
42.93
43.29
43.65
44.00
44.33
44.65
45.00
45.33
45.65
46.00
46.35
46.67
47.00
47.33
47.67
48.02
48.34
48.67
48.99
49.34
49.67
50.02
50.38
50.74
51.08
51.44
51.80
52.15
52.50
52.84
53.17
53.51
53.85
54.17
54.50
54.82
55.17
55.50
55.83
56.17
56.51
56.84
57.17
57.49
57.83
58.17
58.51
58.85
59.19
59.51
59.84
60.16
60.51
60.85
61.18
61.52
61.86
62.18
62.52
62.86
63.18
63.52
63.85
64.19
64.53
64.85
65.18
65.53
65.85
66.18
66.51
66.85
67.18
67.52
67.86
68.20
68.52
68.86
69.20
69.53
69.87
70.22
70.54
70.87
71.19
71.52
71.87
72.19
72.54
72.86
73.20
73.53
73.86
74.20
74.54
74.87
75.21
75.53
75.87
76.21
76.53
76.86
77.21
77.55
77.88
78.22
78.55
78.89
79.23
79.55
79.88
80.21
80.55
80.89
81.22
81.55
81.87
82.21
82.55
82.90
83.22
83.55
83.89
84.22
84.54
84.87
85.22
85.55
85.89
86.22
86.55
86.89
87.23
87.56
87.89
88.24
88.56
88.90
89.23
89.56
89.90
90.23
90.56
90.89
91.23
91.57
91.93
92.30
92.68
93.04
93.41
93.81
94.19
94.57
94.97
95.42
95.88
96.32
96.77
97.21
97.64
98.08
98.51
98.98
99.44
99.82
100.21
100.59
101.05
101.51
101.96
102.41
102.85
103.28
103.70
104.14
104.58
105.02
105.44
105.86
106.28
106.70
107.14
107.60
108.04
108.48
108.92
109.37
109.81
110.23
110.64
111.06
111.48
111.90
112.31
112.72
113.15
113.57
113.99
114.40
114.82
115.24
115.66
116.08
116.48
116.91
117.33
117.71
118.10
118.48
118.91
119.35
119.77
120.19
120.59
121.00
121.42
121.84
122.25
122.69
123.11
123.53
123.95
124.37
124.77
125.19
125.62
126.03
126.43
126.85
127.27
127.69
128.10
128.52
128.94
129.36
129.78
130.19
130.61
131.03
131.42
131.84
132.26
132.68
133.11
133.53
133.93
134.35
134.77
135.19
135.60
136.02
136.44
136.86
137.28
137.69
138.11
138.53
138.95
139.37
139.77
140.18
140.60
141.01
141.43
141.87
142.30
142.74
143.17
143.62
144.06
144.46
144.89
145.32
145.77
146.22
146.66
147.08
147.53
147.98
148.42
148.85
149.29
149.72
150.16
150.59
151.03
151.46
151.87
152.28
152.69
153.11
153.53
153.95
154.34
154.75
155.16
155.55
155.96
156.39
156.82
157.25
157.69
158.13
158.56
158.99
159.40
159.82
160.24
160.66
161.08
161.49
161.91
162.33
162.75
163.17
163.60
164.04
164.48
164.91
165.35
165.81
166.28
166.85
167.37
167.90
168.46
168.99
169.58
170.16
170.77
171.32
171.87
172.45
173.04
173.62
174.17
174.72
175.26
175.82
176.38
176.92
177.47
178.02
178.56
179.11
179.65
180.20
180.74
181.30
181.86
182.40
182.95
183.50
184.04
184.58
185.13
185.69
186.24
186.79
187.34
187.87
188.42
188.99
189.54
190.12
190.72
191.30
191.88
192.47
193.04
193.61
194.19
194.73
195.28
195.83
196.32
196.84
197.32
197.83
198.34
198.84
199.34
199.83
200.32
200.82
201.32
201.80
202.29
202.78
203.27
203.77
204.25
204.75
205.24
205.73
206.22
206.70
207.19
207.70
208.19
208.68
209.17
209.65
210.14
210.63
211.12
211.60
212.10
212.60
213.09
213.58
214.06
214.55
215.04
215.53
216.02
216.50
217.00
217.50
217.99
218.48
218.96
219.45
219.94
220.44
220.94
221.43
221.91
222.40
222.89
223.38
223.85
224.35
224.84
225.33
225.81
226.30
226.80
227.30
227.79
228.28
228.76
229.25
229.74
230.23
230.71
231.20
231.69
232.18
232.68
233.17
233.66
234.15
234.64
235.13
235.61
236.10
236.59
237.09
237.59
238.07
238.56
239.05
239.54
240.02
240.51
241.00
241.49
241.98
242.46
242.95
243.44
243.93
244.41
244.91
245.41
245.90
246.39
246.87
247.36
247.85
248.34
248.83
249.31
249.80
250.29
250.79
251.29
251.77
252.26
252.75
253.24
253.72
254.21
254.70
255.19
255.67
256.16
256.65
257.14
257.63
258.11
258.61
259.11
259.60
260.09
260.57
261.06
261.55
262.04
262.52
263.01
263.51
264.00
264.50
264.99
265.47
265.96
266.45
266.94
267.42
267.91
268.40
268.89
269.37
269.86
270.36
270.86
271.35
271.84
272.32
272.81
273.30
273.79
274.27
274.76
275.25
275.74
276.22
276.71
277.20
277.69
278.18
278.66
279.15
279.65
280.15
280.64
281.12
281.61
282.10
282.59
283.07
283.56
284.05
284.54
285.04
285.52
286.02
286.51
287.00
287.49
287.97
288.46
288.95
289.44
289.92
290.41
290.90
291.39
291.87
292.36
292.85
293.34
293.83
294.31
294.80
295.29
295.78
296.26
296.75
297.24
297.73
298.21
298.71
299.20
299.70
300.19
300.68
301.16
301.65
302.14
302.63
303.11
303.60
304.09
304.58
305.08
305.56
306.05
306.54
307.04
307.53
308.01
308.50
308.99
309.48
309.96
310.45
310.94
311.43
311.91
312.40
312.89
313.38
313.86
314.35
314.84
315.33
315.81
316.30
316.79
317.28
317.77
318.25
318.74
319.23
319.72
320.21
320.71
321.20
321.69
322.18
322.66
323.15
323.64
324.13
324.61
325.10
325.59
326.08
326.57
327.05
327.53
328.01
328.49
328.98
329.46
329.93
330.41
330.88
331.35
331.82
332.30
332.78
333.25
333.72
334.20
334.67
335.13
335.60
336.06
336.53
336.99
337.46
337.92
338.38
338.85
339.31
339.78
340.24
340.71
341.17
341.64
342.10
342.56
343.03
343.49
343.95
344.40
344.86
345.32
345.77
346.23
346.69
347.14
347.59
348.04
348.49
348.93
349.37
349.83
350.27
350.71
351.16
351.60
352.04
352.48
352.93
353.38
353.83
354.27
354.71
355.15
355.59
356.03
356.48
356.93
357.36
357.80
358.24
358.68
359.12
359.55
359.98
360.41
360.84
361.28
361.72
362.16
362.60
363.04
363.49
363.93
364.36
364.79
365.22
365.64
366.07
366.50
366.92
367.34
367.76
368.19
368.62
369.03
369.45
369.88
370.31
370.75
371.18
371.59
372.01
372.42
372.84
373.26
373.68
374.10
374.51
374.92
375.33
375.73
376.15
376.55
376.95
377.35
377.74
378.15
378.57
378.97
379.39
379.79
380.18
380.58
380.97
381.36
381.76
382.15
382.55
382.94
383.34
383.72
384.10
384.46
384.85
385.22
385.61
386.00
386.38
386.76
387.15
387.52
387.91
388.32
388.73
389.12
389.56
390.00
390.46
390.91
391.35
391.79
392.23
392.68
393.14
393.60
394.10
394.60
395.10
395.60
396.11
396.63
397.13
397.64
398.15
398.62
399.06
399.50
399.94
400.36
400.78
401.19
401.61
402.05
402.54
402.98
