# Beats
0.39
0.82
1.24
1.61
2.01
2.40
2.79
3.18
3.58
3.96
4.34
4.73
5.12
5.50
5.89
6.27
6.64
7.02
7.41
7.79
8.17
8.56
8.94
9.32
9.71
10.09
10.47
10.86
11.24
11.62
12.00
12.39
12.77
13.15
13.54
13.92
14.30
14.69
15.07
15.45
15.82
16.21
16.59
16.97
17.36
17.74
18.12
18.51
18.89
19.27
19.66
20.04
20.42
20.81
21.19
21.57
21.95
22.34
22.71
23.09
23.48
23.86
24.24
24.62
25.01
25.39
25.77
26.16
26.54
26.92
27.31
27.69
28.07
28.46
28.84
29.21
29.59
29.98
30.36
30.74
31.13
31.51
31.89
32.28
32.66
33.04
33.43
33.81
34.19
34.57
34.96
35.34
35.72
36.11
36.49
36.87
37.26
37.64
38.01
38.39
38.78
39.16
39.54
39.92
40.30
40.68
41.06
41.45
41.83
42.21
42.60
42.98
43.36
43.75
44.13
44.51
44.90
45.28
45.65
46.03
46.43
46.81
47.19
47.58
47.97
48.36
48.74
49.12
49.50
49.88
50.26
50.64
51.03
51.42
51.79
52.18
52.56
52.94
53.31
53.70
54.08
54.46
54.85
55.23
55.61
55.98
56.37
56.75
57.13
57.52
57.90
58.28
58.65
59.04
59.42
59.80
60.19
60.57
60.95
61.34
61.72
62.10
62.48
62.87
63.25
63.62
64.01
64.39
64.77
65.16
65.54
65.92
66.30
66.69
67.07
67.44
67.83
68.21
68.59
68.97
69.36
69.73
70.11
70.50
70.88
71.26
71.65
72.03
72.41
72.79
73.18
73.56
73.94
74.32
74.70
75.08
75.46
75.85
76.23
76.60
76.99
77.37
77.75
78.14
78.52
78.90
79.28
79.67
80.05
80.43
80.82
81.19
81.57
81.95
82.34
82.72
83.10
83.49
83.87
84.24
84.63
85.01
85.39
85.77
86.16
86.54
86.92
87.31
87.69
88.07
88.46
88.84
89.22
89.61
89.99
90.37
90.76
91.14
91.52
91.90
92.29
92.67
93.05
93.44
93.82
94.19
94.57
94.96
95.34
95.72
96.11
96.49
96.87
97.26
97.64
98.02
98.41
98.79
99.17
99.56
99.94
100.32
100.70
101.09
101.47
101.85
102.24
102.61
102.99
103.38
103.76
104.14
104.52
104.91
105.29
105.67
106.06
106.44
106.82
107.21
107.59
