# Beats
0.36
0.73
1.11
1.50
1.87
2.25
2.62
3.00
3.38
3.76
4.14
4.53
4.91
5.29
5.67
6.05
6.43
6.82
7.20
7.57
7.94
8.32
8.71
9.08
9.46
9.85
10.23
10.61
10.98
11.37
11.75
12.12
12.50
12.89
13.26
13.64
14.02
14.40
14.78
15.16
15.53
15.92
16.30
16.67
17.06
17.44
17.81
18.19
18.58
18.95
19.33
19.71
20.09
20.47
20.85
21.22
21.61
21.99
22.36
22.74
23.13
23.50
23.88
24.26
24.64
25.02
25.40
25.77
26.16
26.54
26.91
27.30
27.68
28.06
28.44
28.82
29.19
29.57
29.95
30.33
30.72
31.09
31.46
31.85
32.23
32.60
32.98
33.37
33.74
34.12
34.50
34.88
35.26
35.64
36.03
36.41
36.78
37.15
37.54
37.92
38.29
38.68
39.06
39.44
39.82
40.19
40.58
40.96
41.33
41.70
42.09
42.47
42.85
43.24
43.61
43.98
44.36
44.74
45.13
45.51
45.88
46.27
46.65
47.02
47.40
47.79
48.16
48.54
48.92
49.30
49.68
50.06
50.43
50.82
51.19
51.57
51.95
52.34
52.71
53.09
53.48
53.85
54.23
54.61
54.98
55.37
55.75
56.12
56.51
56.89
57.27
57.66
58.03
58.40
58.78
59.16
59.55
59.93
60.30
60.67
61.06
61.44
61.82
62.21
62.58
62.95
63.33
63.72
64.09
64.47
64.85
65.22
65.61
65.99
66.37
66.76
67.13
67.50
67.88
68.27
68.65
69.03
69.40
69.79
70.17
70.54
70.93
71.31
71.68
72.06
72.45
72.82
73.20
73.58
73.96
74.33
74.71
75.09
75.48
75.86
76.23
76.61
77.00
77.37
77.75
78.14
78.51
78.89
79.27
79.64
80.03
80.41
80.78
81.17
81.55
81.92
82.30
82.69
83.06
83.44
83.82
84.20
84.58
84.96
85.33
85.72
86.10
86.47
86.85
87.24
87.62
88.00
88.38
88.75
89.13
89.51
89.90
90.28
90.65
91.02
91.41
91.79
92.17
92.55
92.93
93.30
93.68
94.06
94.44
94.82
95.20
95.58
95.97
96.34
96.72
97.11
97.48
97.86
98.24
98.62
99.00
99.38
99.75
100.14
100.52
100.89
101.27
101.66
102.03
102.41
102.79
103.17
103.56
103.93
104.30
104.69
105.07
105.45
105.84
106.21
106.59
106.97
107.35
107.72
108.11
108.48
108.86
109.24
109.62
110.00
110.39
110.76
111.14
111.53
111.90
112.28
112.66
113.03
113.42
113.80
114.17
114.56
114.94
115.31
115.69
116.08
116.45
116.83
117.21
117.59
117.97
118.35
118.72
119.11
119.49
119.86
120.24
120.63
121.00
121.38
121.77
122.14
122.52
122.90
123.27
123.66
124.04
124.41
124.80
125.18
125.56
125.95
126.32
126.69
127.07
127.45
127.83
128.21
128.59
128.96
129.35
129.73
130.10
130.48
130.87
131.24
131.62
132.01
132.38
132.77
133.14
133.51
133.91
134.28
134.66
135.05
135.42
135.79
136.19
136.56
136.94
137.32
137.69
138.08
138.46
138.83
139.22
139.60
139.97
140.35
140.74
141.11
141.49
141.87
142.25
142.62
143.00
143.38
143.77
144.15
144.52
144.89
145.28
145.66
146.04
146.43
146.80
147.18
147.56
147.93
148.32
148.70
149.07
149.46
149.84
150.21
150.59
150.98
151.35
151.73
152.11
152.49
152.87
153.25
153.62
154.01
154.39
154.76
155.14
155.53
155.90
156.28
156.67
157.04
157.42
157.80
158.17
158.57
158.94
159.31
159.70
160.08
160.45
160.83
161.22
161.59
161.97
162.35
162.74
163.12
163.49
163.87
164.26
164.63
165.01
165.40
165.77
166.14
166.52
166.91
167.29
167.67
168.04
168.43
168.81
169.18
169.56
169.95
170.32
170.70
171.08
171.46
171.84
172.22
172.59
172.98
173.36
173.73
174.11
174.50
174.87
175.25
175.64
176.01
176.40
176.77
177.15
177.53
177.91
178.28
178.67
179.05
179.42
179.80
180.19
180.56
180.95
181.32
181.70
182.09
182.46
182.83
183.23
183.60
183.98
184.37
184.74
185.11
185.49
185.88
186.26
186.64
187.01
187.39
187.78
188.15
188.53
188.92
189.29
189.66
190.04
190.43
190.81
191.19
191.58
191.97
192.37
192.76
193.16
193.55
193.94
194.35
194.76
195.18
195.59
