# Beats
0.48
0.99
1.49
1.99
2.48
2.95
3.39
3.83
4.27
4.71
5.15
5.60
6.06
6.50
6.95
7.41
7.85
8.30
8.75
9.20
9.64
10.10
10.54
10.98
11.45
11.89
12.33
12.78
13.24
13.68
14.13
14.58
15.02
15.48
15.93
16.37
16.81
17.26
17.72
18.16
18.62
19.06
19.50
19.95
20.41
20.85
21.32
21.76
22.20
22.64
23.09
23.55
23.99
24.44
24.89
25.33
25.79
26.24
26.68
27.12
27.57
28.03
28.48
28.93
29.38
29.83
30.28
30.72
31.16
31.61
32.07
32.51
32.97
33.41
33.87
34.32
34.76
35.20
35.65
36.11
36.55
36.99
37.45
37.89
38.35
38.80
39.24
39.68
40.14
40.59
41.03
41.48
41.94
42.38
42.82
43.27
43.72
44.16
44.63
45.07
45.52
45.98
46.42
46.86
47.31
47.76
48.20
48.66
49.11
49.55
50.00
50.46
50.90
51.35
51.80
52.24
52.70
53.15
53.59
54.03
54.49
54.94
55.38
55.83
56.29
56.73
57.18
57.63
58.07
58.53
58.98
59.42
59.87
60.33
60.77
61.21
61.67
62.11
62.55
63.01
63.45
63.90
64.37
64.83
65.27
65.72
66.18
66.62
67.06
67.50
67.94
68.38
68.84
69.29
69.73
70.19
70.64
71.09
71.54
71.98
72.42
72.89
73.33
73.77
74.21
74.68
75.12
75.57
76.02
76.47
76.93
77.37
77.81
78.25
78.70
79.16
79.60
80.04
80.50
80.94
81.39
81.85
82.28
82.73
83.19
83.64
84.10
84.54
84.99
85.43
85.88
86.33
86.78
87.24
87.68
88.12
88.57
89.03
89.47
89.92
90.37
90.81
91.25
91.72
92.16
92.60
93.05
93.51
93.96
94.40
94.85
95.29
95.75
96.20
96.66
97.11
97.54
97.99
98.44
98.89
99.35
99.80
100.25
100.69
101.13
101.59
102.03
102.47
102.93
103.38
103.83
104.28
104.72
105.16
105.62
106.07
106.52
106.97
107.42
107.86
108.31
108.76
109.22
109.66
110.11
110.55
110.99
111.46
111.90
112.34
112.78
113.24
113.68
114.14
114.59
115.03
115.48
115.94
116.38
116.82
117.27
117.73
118.17
118.62
119.06
119.51
119.95
120.41
120.86
121.31
121.77
122.21
122.66
123.11
123.55
124.02
124.46
124.90
125.34
125.81
126.25
126.69
127.14
127.59
128.05
128.50
128.94
129.38
129.83
130.29
130.73
131.18
131.63
132.08
132.52
132.97
133.41
133.86
134.33
134.77
135.21
135.67
136.12
136.56
137.02
137.46
137.90
138.34
138.80
139.25
139.70
140.16
140.60
141.04
141.49
141.94
142.38
142.84
143.28
143.73
144.18
144.64
145.07
145.52
145.97
146.43
146.88
147.33
147.78
148.21
148.65
149.12
149.56
150.01
150.45
150.91
151.35
151.79
152.25
152.69
153.15
153.60
154.04
154.51
154.95
155.39
155.83
156.29
156.75
157.21
157.65
158.08
158.52
158.96
159.42
159.87
160.32
160.77
161.23
161.68
162.12
162.56
163.02
163.48
163.96
164.42
164.95
165.47
165.99
166.51
167.01
167.53
168.04
168.55
169.06
169.49
169.96
170.41
170.85
171.32
171.78
172.25
172.71
173.16
173.62
174.07
174.53
174.99
175.43
175.88
176.33
176.77
177.25
177.73
178.21
178.70
179.19
179.66
180.20
180.72
181.25
181.77
182.30
182.81
183.32
183.83
184.37
184.91
185.42
185.96
186.50
187.04
187.57
188.10
188.64
189.11
189.60
190.08
190.54
191.01
191.48
191.98
192.46
192.96
193.49
194.04
194.58
195.13
195.67
196.22
196.77
197.30
197.83
198.37
198.93
199.48
200.04
200.60
201.13
201.68
202.27
202.87
203.45
204.00
204.56
205.11
205.68
206.24
206.80
207.33
207.89
208.43
208.98
209.53
210.07
210.60
211.16
211.72
212.27
212.82
213.37
213.94
214.44
214.94
215.43
215.93
216.44
216.97
217.48
217.98
218.48
218.98
219.48
219.97
220.49
221.00
221.50
221.98
222.49
222.96
223.40
223.86
224.33
224.70
225.09
225.47
225.84
226.21
226.58
226.95
227.32
227.69
228.07
228.44
228.81
229.17
229.54
229.92
230.32
230.69
231.06
231.43
231.78
232.12
232.48
232.85
233.21
233.57
233.93
234.29
234.80
235.29
235.80
236.30
236.80
237.31
237.80
238.28
238.77
239.28
239.79
240.30
240.79
241.28
241.79
242.29
242.79
243.30
243.82
244.32
244.81
245.32
245.82
246.32
246.83
247.34
247.84
248.34
248.84
249.34
249.82
250.33
250.83
251.31
251.82
252.33
252.84
253.33
253.84
254.33
254.82
255.32
255.80
256.28
256.77
257.25
257.74
258.24
258.72
259.20
259.69
260.19
260.69
261.18
261.68
262.18
262.66
263.15
263.64
264.13
264.61
265.10
265.57
266.05
266.54
267.02
267.51
268.02
268.52
268.99
269.48
269.98
270.45
270.95
271.44
272.09
272.74
273.39
274.04
274.69
275.42
276.18
276.84
277.51
278.19
278.86
279.55
280.22
280.88
281.54
282.22
282.75
283.27
283.79
284.26
284.72
285.20
285.68
286.14
286.60
287.07
287.53
288.02
288.53
289.03
289.52
290.04
290.54
291.06
291.57
292.08
292.58
293.08
293.57
294.06
294.55
295.03
295.52
296.02
296.53
297.06
297.59
298.12
298.61
299.12
299.64
300.14
300.64
301.15
301.66
302.18
302.70
303.21
303.72
304.23
304.75
305.27
305.78
306.28
306.78
307.27
307.76
308.24
308.74
309.24
309.74
310.25
310.75
311.26
311.76
312.27
312.80
313.28
313.77
314.27
314.76
315.25
315.73
316.22
316.72
317.23
317.75
318.26
318.79
319.31
319.81
320.30
320.78
321.27
321.76
322.25
322.75
323.23
323.73
324.22
324.71
325.20
325.68
326.17
326.66
327.15
327.63
328.12
328.61
329.10
329.58
330.08
330.58
331.08
331.58
332.09
332.59
333.09
333.59
334.09
334.60
335.11
335.62
336.11
336.61
337.10
337.59
338.08
338.57
339.06
339.55
340.03
340.52
341.01
341.50
341.98
342.47
342.96
343.45
343.95
344.42
344.93
345.42
345.91
346.40
346.88
347.37
347.86
348.35
348.83
349.32
349.81
350.30
350.78
351.27
351.77
352.27
352.76
353.25
353.73
354.22
354.71
355.20
355.68
356.17
356.67
357.16
357.65
358.12
358.61
359.08
359.58
360.07
360.57
361.07
361.56
362.05
362.53
363.02
363.51
364.01
364.48
364.97
365.46
365.96
366.46
366.94
367.42
367.92
368.41
368.90
369.38
369.87
370.36
370.85
371.33
371.82
372.31
372.80
373.28
373.77
374.27
374.77
375.26
375.75
376.23
376.72
377.21
377.70
378.18
378.67
379.16
379.65
380.13
380.62
381.11
381.61
382.11
382.60
383.07
383.56
384.06
384.55
385.03
385.52
386.01
386.50
386.98
387.47
387.96
388.45
388.93
389.42
389.91
390.40
390.88
391.37
391.87
392.37
392.86
393.35
393.85
394.34
394.84
395.37
395.88
396.40
396.92
