# Beats
0.45
0.92
1.38
1.85
2.31
2.77
3.24
3.72
4.19
4.67
5.14
5.62
6.12
6.62
7.12
7.63
8.14
8.64
9.11
9.59
10.07
10.54
11.02
11.49
11.97
12.46
12.93
13.37
13.82
14.26
14.70
15.13
15.56
15.99
16.45
16.92
17.38
17.84
18.31
18.78
19.25
19.64
20.04
20.43
20.82
21.20
21.58
21.97
22.34
22.71
23.08
23.46
23.85
24.22
24.59
24.96
25.30
25.65
25.99
26.34
26.75
27.16
27.56
27.97
28.37
28.77
29.18
29.58
29.98
30.37
30.75
31.15
31.60
32.06
32.51
32.96
33.41
33.87
34.34
34.82
35.31
35.86
36.41
36.95
37.59
38.23
38.86
39.50
40.14
40.77
41.40
42.05
42.70
43.44
44.19
44.93
45.69
46.44
47.18
47.91
48.66
49.40
50.13
50.86
51.59
52.33
53.06
53.79
54.52
55.25
55.98
56.71
57.45
58.18
58.91
59.64
60.37
61.11
61.86
62.60
63.33
64.06
64.81
65.53
66.23
66.90
67.56
68.23
68.78
69.32
69.87
70.41
70.96
71.52
72.06
72.62
73.17
73.71
74.27
74.83
75.38
