# Beats
0.59
1.18
1.76
2.37
2.96
3.46
3.97
4.47
4.96
5.45
5.94
6.43
6.94
7.45
7.94
8.44
9.01
9.59
10.17
10.75
11.32
11.91
12.50
13.10
13.75
14.43
15.10
15.77
16.42
17.07
17.74
18.40
19.04
19.69
20.35
21.01
21.69
22.36
23.06
23.73
24.40
25.07
25.73
26.42
27.13
27.82
28.51
29.20
29.91
30.62
31.30
31.97
32.64
33.31
33.98
34.67
35.36
36.01
36.65
37.29
37.94
38.59
39.13
39.65
40.24
40.83
41.41
41.98
42.54
43.10
43.63
44.19
44.72
45.28
45.81
46.38
46.95
47.51
48.07
48.61
49.18
49.76
50.33
50.90
51.47
52.04
52.60
53.19
53.75
54.31
54.88
55.44
55.99
56.59
57.18
57.77
58.42
59.09
59.74
60.38
61.00
61.60
62.22
62.79
63.37
63.92
64.53
65.13
65.71
66.27
66.86
67.45
68.03
68.65
69.24
69.82
70.41
71.03
71.61
72.20
72.77
73.35
73.91
74.47
75.02
75.58
76.14
76.72
77.25
77.81
78.37
78.95
79.51
80.06
80.62
81.15
81.71
82.29
82.88
83.38
83.88
84.38
84.86
85.34
85.83
86.33
86.82
87.32
87.83
88.34
88.84
89.41
89.98
90.55
91.17
91.79
92.39
93.00
93.61
94.19
94.77
95.35
95.92
96.48
97.04
97.61
98.08
98.55
99.00
99.45
99.90
100.36
100.80
101.24
101.68
102.12
102.56
103.03
103.48
103.93
104.33
104.73
105.14
105.56
105.98
106.39
106.79
107.21
107.62
108.03
108.52
109.02
109.49
109.97
110.45
110.92
111.40
111.89
112.37
112.94
113.51
114.07
114.61
115.16
115.71
116.26
116.82
117.38
117.93
118.48
119.03
119.56
120.12
120.70
121.28
121.88
122.47
123.04
123.62
124.20
124.76
125.32
125.90
126.48
127.04
127.59
128.17
128.75
129.31
129.89
130.47
131.05
131.61
132.17
132.71
133.24
133.75
134.30
134.87
135.42
135.98
136.53
137.10
137.68
138.27
138.84
139.41
139.97
140.56
141.13
141.63
142.12
142.58
143.06
143.52
144.01
144.50
145.00
145.47
145.95
146.43
146.92
147.41
