# Beats
0.41
0.85
1.28
1.71
2.14
2.57
2.97
3.38
3.78
4.21
4.71
5.22
5.75
6.26
6.76
7.26
7.77
8.30
8.92
9.51
10.10
10.68
11.27
11.84
12.42
13.00
13.57
14.14
14.72
15.27
15.81
16.36
16.92
17.46
18.01
18.56
19.11
19.66
20.21
20.76
21.30
21.85
22.41
22.98
23.59
24.14
24.69
25.24
25.79
26.33
26.89
27.46
28.07
28.62
29.18
29.72
30.27
30.81
31.37
31.92
32.47
33.02
33.56
34.12
34.68
35.22
35.78
36.33
36.88
37.43
37.98
38.52
39.07
39.62
40.17
40.72
41.26
41.81
42.36
42.91
43.46
44.00
44.55
45.10
45.65
46.20
46.75
47.30
47.84
48.39
48.94
49.49
50.04
50.58
51.13
51.68
52.23
52.78
53.32
53.87
54.42
54.96
55.52
56.06
56.61
57.16
57.71
58.26
58.80
59.35
59.91
60.45
61.00
61.54
62.09
62.65
63.19
63.74
64.28
64.83
65.39
65.93
66.48
67.02
67.58
68.13
68.67
69.22
69.76
70.32
70.87
71.41
71.96
72.50
73.05
73.61
74.15
74.70
75.26
75.80
76.35
76.89
77.44
77.98
78.54
79.09
79.63
80.18
80.74
81.28
81.83
82.37
82.92
83.48
84.02
84.57
85.12
85.67
86.22
86.76
87.31
87.86
88.41
88.96
89.50
90.05
90.59
91.15
91.70
92.24
92.80
93.34
93.89
94.44
94.98
95.54
96.08
96.63
97.18
97.72
98.28
98.82
99.37
99.92
100.47
101.02
101.56
102.11
102.66
103.20
103.76
104.30
104.86
105.41
105.95
106.50
107.04
107.60
108.15
108.69
109.24
109.78
110.34
110.89
111.43
111.99
112.54
113.08
113.63
114.17
114.72
115.28
115.82
116.37
116.92
117.47
118.02
118.56
119.12
119.66
120.21
120.76
121.30
121.86
122.40
122.95
123.51
124.05
124.60
125.14
125.70
126.25
126.79
127.34
127.88
128.44
128.99
129.53
130.08
130.64
131.18
131.73
132.27
132.83
133.38
133.92
134.47
135.02
135.57
136.13
136.67
137.22
137.76
138.31
138.86
139.41
139.96
140.50
141.05
141.60
142.15
142.70
143.24
143.79
144.35
144.89
145.44
145.98
146.54
147.09
147.63
148.19
148.74
149.28
149.83
150.37
150.92
151.48
152.02
152.57
153.11
153.67
154.22
154.76
155.32
155.89
