# Beats
0.45
0.88
1.32
1.75
2.18
2.61
3.12
3.62
4.13
4.62
5.11
5.60
6.07
6.55
7.01
7.58
8.15
8.71
9.26
9.82
10.38
10.94
11.49
12.05
12.62
13.19
13.70
14.20
14.70
15.13
15.56
15.98
16.40
16.83
17.25
17.67
18.10
18.53
18.96
19.39
19.81
20.22
20.64
21.07
21.49
21.92
22.35
22.78
23.21
23.64
24.07
24.50
24.92
25.34
25.77
26.19
26.62
27.04
27.47
27.90
28.33
28.76
29.18
29.61
30.02
30.44
30.87
31.30
31.73
32.16
32.58
33.00
33.43
33.85
34.28
34.71
35.13
35.55
35.98
36.41
36.84
37.27
37.69
38.12
38.55
38.97
39.40
39.82
40.25
40.68
41.11
41.53
41.96
42.38
42.81
43.24
43.65
44.07
44.49
44.92
45.35
45.77
46.20
46.63
47.06
47.48
47.90
48.33
48.76
49.18
49.60
50.03
50.46
50.87
51.30
51.73
52.16
52.59
53.02
53.45
53.89
54.31
54.73
55.15
55.58
55.99
56.41
56.84
57.26
57.69
58.12
58.54
58.97
59.40
59.83
60.26
60.67
61.09
61.52
61.95
62.37
62.80
63.23
63.65
64.06
64.49
64.92
65.34
65.77
66.20
66.62
67.05
67.48
67.90
68.32
68.75
69.17
69.60
70.03
70.46
70.89
71.32
71.75
72.17
72.59
73.02
73.44
73.86
74.28
74.71
75.14
75.56
75.99
76.42
76.83
77.26
77.69
78.11
78.54
78.97
79.39
79.81
80.24
80.67
81.08
81.51
81.94
82.37
82.80
83.22
83.64
84.07
84.50
84.93
85.36
85.77
86.20
86.63
87.05
87.47
87.90
88.33
88.76
89.19
89.62
90.04
90.46
90.88
91.31
91.73
92.16
92.59
93.01
93.44
93.87
94.30
94.71
95.13
95.56
95.99
96.42
96.85
97.27
97.70
98.13
98.55
98.96
99.39
99.82
100.24
100.67
101.10
101.52
101.95
102.38
102.81
103.24
103.65
104.08
104.51
104.93
105.36
105.79
106.21
106.63
107.06
107.49
107.91
108.34
108.76
109.18
109.61
110.04
110.46
110.89
111.32
111.73
112.16
112.59
113.02
113.45
113.87
114.30
114.73
115.15
115.57
116.00
116.42
116.85
117.27
117.70
118.13
118.56
118.98
119.40
119.83
120.26
120.67
121.09
121.52
121.95
122.38
122.81
123.24
123.66
124.09
124.51
124.93
125.36
125.78
126.21
126.64
127.06
127.49
127.92
128.34
128.75
129.17
129.59
130.02
130.45
130.88
131.31
131.74
132.17
132.60
133.03
133.45
133.86
134.28
134.71
135.14
135.56
135.98
136.41
136.84
137.26
137.69
138.11
138.54
138.96
139.39
139.82
140.25
140.68
141.10
141.53
141.96
142.38
142.81
143.24
143.66
144.09
144.52
144.94
145.36
145.79
146.22
146.63
147.05
147.48
147.91
148.33
148.76
149.19
149.61
150.04
150.47
150.88
151.31
151.74
152.16
152.59
153.02
153.44
153.87
154.30
154.71
155.14
155.57
155.99
156.54
157.08
157.74
158.42
159.13
159.82
160.53
161.24
161.95
162.61
163.27
163.93
164.59
165.33
166.06
166.80
167.54
168.16
168.77
169.39
170.00
170.62
171.25
171.87
172.52
173.17
173.82
174.44
175.04
175.66
176.26
176.85
177.46
178.05
178.65
179.26
179.87
180.49
181.10
181.72
182.32
182.93
183.53
184.12
184.71
185.31
185.90
186.49
187.08
187.69
188.28
188.87
189.45
190.04
190.64
191.23
191.82
192.42
193.02
193.61
194.19
194.78
195.37
195.96
196.56
197.15
197.74
198.33
198.93
199.52
200.11
200.70
201.29
201.89
202.48
203.07
203.66
204.25
204.85
205.44
206.03
206.62
207.21
207.81
208.40
208.99
209.58
210.16
210.76
211.35
211.94
212.53
213.11
213.70
214.30
214.89
215.48
216.07
216.67
217.26
217.85
218.43
219.02
219.61
220.21
220.80
221.39
221.98
222.57
223.17
223.76
224.35
224.94
225.54
226.12
226.71
227.30
227.89
228.48
229.06
229.66
230.25
230.84
231.43
232.01
232.61
233.20
233.79
234.38
234.97
235.57
236.16
236.75
237.34
237.93
238.52
239.11
239.70
240.29
240.88
241.48
242.07
242.66
243.24
243.83
244.42
245.02
245.61
246.20
246.79
247.39
247.97
248.55
249.14
249.73
250.32
250.91
251.51
252.10
252.69
253.28
253.88
254.47
255.06
255.65
256.24
256.84
257.43
258.02
258.61
259.20
259.80
260.39
260.98
261.57
262.15
262.75
263.34
263.93
264.52
265.11
265.71
266.29
266.88
267.47
268.06
268.65
269.25
269.84
270.43
271.02
271.62
272.21
272.80
273.39
273.97
274.56
275.16
275.75
276.34
276.93
277.52
278.12
278.71
279.30
279.89
280.49
281.08
281.66
282.25
282.84
283.43
284.03
284.62
285.21
285.80
286.39
286.99
287.58
288.16
288.75
289.34
289.94
290.53
291.12
291.71
292.30
292.90
293.48
294.07
294.66
295.25
295.85
296.43
297.02
297.61
298.20
298.79
299.39
299.98
300.57
301.16
301.75
302.35
302.94
303.53
304.12
304.72
305.30
305.89
306.48
307.07
307.66
308.26
308.85
309.43
310.02
310.61
311.21
311.80
312.39
312.98
313.59
314.18
314.77
315.36
315.95
316.53
317.13
317.72
318.31
318.90
319.49
320.09
320.68
321.27
321.85
322.44
323.04
323.63
324.22
324.81
325.40
326.00
326.59
327.18
327.77
328.35
328.95
329.54
330.13
330.72
331.31
331.91
332.50
333.09
333.68
334.27
334.85
335.45
336.04
336.63
337.22
337.82
338.41
339.00
339.59
340.18
340.78
341.37
341.96
342.54
343.13
343.72
344.32
344.91
345.50
346.09
346.69
347.28
347.86
348.45
349.04
349.63
350.23
350.82
351.41
352.00
352.60
353.19
353.78
354.37
354.96
355.54
356.14
356.73
357.33
357.91
358.50
359.10
359.69
360.28
360.87
361.47
362.06
362.64
363.23
363.82
364.41
365.02
365.62
366.24
366.85
367.48
368.08
368.69
369.30
369.92
370.53
371.16
371.77
372.38
372.98
373.56
374.15
374.75
375.33
375.92
376.51
377.10
377.70
378.29
378.87
379.46
380.05
380.64
381.24
381.83
382.41
383.00
383.59
384.17
384.77
385.36
385.95
386.54
387.12
387.70
388.30
388.89
389.48
390.07
390.66
391.26
391.84
392.43
393.02
393.60
394.19
394.79
395.37
395.96
396.55
397.14
397.73
398.33
398.92
399.50
400.09
400.68
401.26
401.86
402.45
403.04
403.63
404.21
404.79
405.39
405.98
406.57
407.16
407.75
408.35
408.93
409.52
410.11
410.70
411.30
411.88
412.47
413.06
413.64
414.23
414.82
415.40
416.00
416.59
417.18
417.77
418.37
418.96
419.54
420.13
420.72
421.31
421.91
422.50
423.09
423.67
424.25
424.84
425.44
426.02
426.61
427.20
427.78
428.37
428.97
429.56
430.15
430.74
431.33
431.93
432.52
433.11
433.70
434.28
434.87
435.46
436.05
436.64
437.23
437.82
438.43
439.02
439.62
440.18
440.74
441.30
441.83
442.37
442.94
443.52
444.10
444.69
445.27
