# Beats
0.58
1.17
1.78
2.35
2.90
3.46
4.02
4.56
5.11
5.65
6.20
6.76
7.30
7.85
8.39
8.94
9.49
10.03
10.58
11.12
11.67
12.23
12.77
13.32
13.86
14.42
14.98
15.52
16.07
16.63
17.17
17.72
18.27
18.82
19.37
19.91
20.46
21.01
21.56
22.11
22.66
23.22
23.77
24.31
24.87
25.41
25.96
26.52
27.06
27.61
28.15
28.70
29.25
29.79
30.35
30.89
31.44
31.99
32.53
33.08
33.62
34.17
34.71
35.26
35.81
36.36
36.92
37.47
38.01
38.56
39.10
39.65
40.19
40.75
41.31
41.85
42.40
42.95
43.49
44.05
44.61
45.15
45.70
46.24
46.79
47.35
47.89
48.44
48.99
49.54
50.09
50.64
51.19
51.73
52.29
52.84
53.38
53.94
54.49
55.03
55.58
56.12
56.67
57.21
57.77
58.32
58.86
59.42
59.97
60.51
61.07
61.61
62.16
62.72
63.26
63.81
64.37
64.91
65.46
66.00
66.55
67.09
67.64
68.20
68.75
69.30
69.85
70.39
70.94
71.48
72.03
72.59
73.14
73.69
74.23
74.78
75.33
75.88
76.43
76.97
77.52
78.07
78.62
79.17
79.71
80.27
80.82
81.36
81.92
82.47
83.01
83.56
84.10
84.65
85.19
85.75
86.30
86.84
87.40
87.96
88.50
89.05
89.59
90.14
90.70
91.24
91.79
92.33
92.88
93.44
93.98
94.53
95.07
95.62
96.15
96.71
97.26
97.80
98.35
98.89
99.45
100.00
100.54
101.09
101.63
102.19
102.74
103.28
103.84
104.39
104.93
105.49
106.03
106.58
107.14
107.68
108.23
108.77
109.32
109.88
110.43
110.97
111.53
112.08
112.63
113.17
113.72
114.27
114.82
115.37
115.91
116.47
117.02
117.56
118.12
118.67
119.21
119.76
120.30
120.86
121.41
121.95
122.51
123.07
123.61
124.16
124.70
125.25
125.81
126.35
126.90
127.45
127.99
128.55
129.09
129.64
130.19
130.75
131.29
131.84
132.39
132.93
133.49
134.03
134.57
135.12
135.67
136.22
136.77
137.32
137.87
138.41
138.97
139.53
140.06
140.62
141.17
141.71
142.27
142.83
143.37
143.92
144.46
145.01
145.55
146.10
146.65
147.19
147.74
148.28
148.83
149.37
149.93
150.48
151.02
151.57
152.11
152.66
153.21
153.76
154.32
154.87
155.41
155.96
156.50
157.05
157.59
158.14
158.69
159.23
159.78
160.32
160.87
161.41
161.96
162.52
163.07
163.62
164.17
164.71
165.26
165.80
166.35
166.88
167.43
167.98
168.53
169.08
169.62
170.17
170.72
171.27
171.83
172.38
172.93
173.46
174.01
174.56
175.10
175.65
176.20
176.75
177.30
177.84
178.39
178.93
179.49
180.05
180.59
181.14
181.68
182.23
182.78
183.32
183.88
184.42
184.97
185.50
186.06
186.61
187.15
187.70
188.24
188.80
189.35
189.89
190.45
191.01
191.55
192.10
192.64
193.19
193.75
194.29
194.84
195.37
195.92
196.46
197.02
197.57
198.11
198.67
199.22
199.76
200.31
200.85
201.40
201.94
202.49
203.04
203.58
204.13
204.67
205.22
205.78
206.32
206.87
207.42
207.97
208.52
209.06
209.61
210.16
210.71
211.26
211.80
212.36
212.90
213.45
214.00
214.54
215.09
215.63
216.18
216.74
217.28
217.84
218.38
218.94
