# Beats
0.51
1.03
1.54
2.05
2.58
3.04
3.51
3.97
4.44
4.90
5.36
5.83
6.27
6.73
7.21
7.72
8.22
8.73
9.21
9.73
10.24
10.73
11.22
11.70
12.19
12.68
13.19
13.68
14.16
14.65
15.14
15.65
16.15
16.64
17.12
17.62
18.12
18.60
19.09
19.56
20.04
20.53
21.01
21.50
21.99
22.47
22.95
23.45
24.06
24.66
25.25
25.91
26.56
27.23
27.89
28.56
29.21
29.87
30.53
31.20
31.88
32.55
33.24
33.92
34.60
35.31
35.90
36.50
37.09
37.65
38.20
38.74
39.29
39.83
40.36
40.87
41.38
41.89
42.41
42.95
43.47
43.98
44.49
45.00
45.51
46.03
46.56
47.07
47.58
48.09
48.62
49.12
49.62
50.13
50.57
51.01
51.47
51.91
52.36
52.80
53.24
53.66
54.10
54.52
54.95
55.38
55.80
56.19
56.60
57.02
57.41
57.82
58.24
58.65
59.06
59.47
59.86
60.28
60.70
61.09
61.49
61.88
62.26
62.66
63.04
63.46
63.84
64.23
64.64
65.04
65.42
65.82
66.20
66.64
67.08
67.50
67.92
68.34
68.74
69.15
69.56
69.94
70.33
70.70
71.08
71.47
71.84
72.24
72.63
73.03
73.40
73.77
74.14
74.50
74.86
75.23
75.60
75.98
76.32
76.70
77.07
77.42
77.81
78.19
78.55
78.95
79.35
79.74
80.13
80.46
80.81
81.18
81.55
81.94
82.35
82.74
83.15
83.55
83.94
84.33
84.71
85.08
85.45
85.82
86.18
86.54
86.90
87.26
87.63
87.98
88.34
88.69
89.05
89.39
89.75
90.11
90.45
90.81
91.17
91.54
91.90
92.28
92.65
93.02
93.40
93.76
94.13
94.51
94.88
95.27
95.64
95.99
96.35
96.70
97.06
97.42
97.80
98.16
98.55
98.93
99.31
99.72
100.11
100.52
100.93
101.33
101.74
102.12
102.48
102.86
103.24
103.62
104.00
104.39
104.77
105.15
105.51
105.87
106.23
106.60
106.97
107.35
107.74
108.11
108.48
108.87
109.23
109.60
109.97
110.35
110.74
111.12
111.51
111.90
112.27
112.64
112.99
113.34
113.66
114.01
114.36
114.72
115.08
115.44
115.77
116.12
116.46
116.80
117.14
117.49
117.83
118.19
118.55
118.98
119.42
119.87
120.30
120.74
121.18
121.63
122.11
122.60
123.08
123.55
124.04
124.51
124.98
125.48
125.95
126.42
126.91
127.40
127.88
128.37
128.85
129.31
129.80
130.26
130.77
131.27
131.77
132.27
132.76
133.25
133.74
134.21
134.69
135.16
135.64
136.12
136.58
137.04
