# Beats
0.50
1.03
1.57
2.11
2.66
3.19
3.73
4.26
4.79
5.32
5.84
6.35
6.88
7.42
7.99
8.54
9.11
9.69
10.27
10.83
11.38
11.94
12.48
13.04
13.60
14.14
14.68
15.21
15.73
16.27
16.79
17.31
17.84
18.37
18.89
19.41
19.93
20.46
20.99
21.51
22.02
22.56
23.12
23.66
24.22
24.80
25.34
25.90
26.45
26.99
27.53
28.04
28.58
29.14
29.71
30.30
30.88
31.45
32.04
32.62
33.19
33.76
34.31
34.85
35.40
35.98
36.55
37.12
37.71
38.30
38.88
39.46
40.04
40.61
41.17
41.71
42.27
42.84
43.41
43.97
44.52
45.07
45.62
46.17
46.74
47.31
47.87
48.43
48.99
49.54
50.10
50.70
51.29
51.87
52.43
52.96
53.51
54.07
54.62
55.18
55.73
56.27
56.81
57.34
57.88
58.42
58.96
59.50
60.06
60.60
61.14
61.70
62.23
62.81
63.40
63.99
64.61
65.22
65.84
66.47
67.06
67.65
68.23
68.81
69.38
69.96
70.54
71.11
71.69
72.26
72.84
73.42
74.00
74.57
75.14
75.70
76.24
76.80
77.36
77.90
78.46
79.01
79.56
80.11
80.65
81.22
81.78
82.33
82.86
83.41
83.95
84.49
85.03
85.58
86.15
86.71
87.27
87.82
88.38
88.92
89.47
90.00
90.55
91.09
91.64
92.18
92.73
93.27
93.81
94.34
94.88
95.42
95.96
96.50
97.04
97.58
98.14
98.71
99.28
99.86
100.41
100.95
101.48
102.01
102.55
103.10
103.67
104.21
104.76
105.30
105.86
106.41
106.96
107.50
108.03
108.56
109.11
109.66
110.23
110.78
111.34
111.89
112.42
112.95
113.48
114.00
114.53
115.05
115.59
116.13
116.69
117.24
117.76
118.31
118.85
119.40
119.93
120.47
121.00
121.53
122.09
122.66
123.22
123.81
124.41
125.07
125.75
126.41
127.08
127.77
128.44
129.13
129.74
130.35
130.95
131.55
132.16
132.74
133.34
133.87
134.41
134.94
135.44
135.93
136.42
136.93
137.43
137.93
138.43
138.94
139.45
139.90
140.35
140.81
141.25
141.69
142.12
142.54
142.88
143.23
143.59
143.96
144.31
144.67
145.03
145.39
145.75
146.11
146.48
146.85
147.23
147.60
147.97
148.34
148.71
149.07
149.43
149.79
150.15
150.49
150.85
151.22
151.58
151.94
152.30
152.66
153.03
153.41
153.80
154.18
154.55
154.92
155.30
155.68
156.05
156.44
156.83
157.20
157.57
157.93
158.28
158.64
158.99
159.34
159.68
160.03
160.39
160.74
161.09
161.46
161.83
162.19
162.54
162.89
163.22
163.56
163.90
164.22
164.55
164.87
165.21
165.55
165.87
166.21
166.55
166.88
167.24
167.58
167.92
168.24
168.58
168.90
169.23
169.56
169.90
170.25
170.61
170.99
171.36
171.72
172.09
172.45
172.81
173.17
173.53
173.91
174.28
174.65
175.02
175.47
175.94
176.40
176.92
177.46
177.98
178.55
179.12
179.70
180.21
180.71
181.21
181.70
182.20
182.68
183.17
183.65
184.13
184.67
185.19
185.72
186.26
186.79
187.40
188.00
188.60
189.21
189.81
190.42
