# Beats
0.46
0.94
1.42
1.89
2.37
2.84
3.29
3.73
4.17
4.63
5.10
5.56
6.04
6.51
6.99
7.47
7.94
8.42
8.89
9.37
9.85
10.29
10.74
11.19
11.67
12.14
12.61
13.07
13.51
13.97
14.44
14.91
15.37
15.84
16.35
16.87
17.39
17.91
18.43
18.94
19.44
19.95
20.45
20.94
21.46
21.94
22.42
22.91
23.41
23.90
24.40
24.92
25.43
25.94
26.45
26.97
27.49
28.01
28.51
29.01
29.52
30.02
30.52
31.02
31.51
32.00
32.48
32.97
33.46
33.95
34.45
34.92
35.41
35.89
36.36
36.83
37.29
37.74
38.20
38.75
39.31
39.86
40.40
40.95
41.51
42.05
42.59
43.11
43.64
44.19
44.72
45.26
45.79
46.27
46.74
47.23
47.72
48.20
48.69
49.21
49.73
50.25
50.72
51.21
51.70
52.18
52.64
53.10
53.57
54.01
54.47
54.94
55.40
55.87
56.32
56.80
57.26
57.71
58.17
58.62
59.06
59.51
59.98
60.44
60.91
61.39
61.83
62.28
62.74
63.22
63.67
64.15
64.62
65.11
65.56
66.03
66.50
66.99
67.48
67.96
68.44
68.94
69.44
69.93
70.41
70.88
71.34
71.80
72.28
72.78
73.24
73.70
74.18
74.65
75.13
75.60
76.07
76.51
76.95
77.39
77.84
78.29
78.74
79.18
79.62
80.05
80.48
80.90
81.32
81.77
82.21
82.64
83.08
83.55
84.02
84.51
84.99
85.47
85.96
86.46
86.94
87.43
87.97
88.49
89.01
89.58
90.13
90.65
91.18
91.72
92.25
92.81
93.34
93.88
94.42
94.98
95.57
96.18
96.77
97.36
97.94
98.52
99.10
99.68
100.25
100.82
101.32
101.82
102.33
102.84
103.36
103.89
104.40
104.92
105.45
105.95
106.44
107.00
107.55
108.11
108.67
109.23
109.76
110.34
110.92
111.50
112.08
112.69
113.29
113.87
114.46
115.05
115.64
116.23
116.81
117.39
117.88
118.39
118.90
119.40
119.91
120.42
120.91
121.39
121.90
122.43
122.97
123.55
124.13
124.70
125.26
125.81
126.33
126.87
127.41
127.94
128.46
128.99
129.52
130.05
130.58
131.12
131.67
132.21
132.74
133.26
133.78
134.32
134.84
135.28
135.72
136.17
136.63
137.06
137.49
137.93
138.32
138.72
139.10
139.48
139.85
140.25
140.63
141.04
141.46
141.85
142.23
142.64
143.06
143.45
143.86
144.29
144.71
145.12
145.64
146.12
146.62
147.17
147.71
148.28
148.84
149.40
149.95
150.49
151.02
151.56
152.09
152.64
153.18
153.72
154.27
154.83
155.36
155.90
156.43
156.98
157.52
158.07
158.62
159.17
159.71
160.24
160.80
161.34
161.88
162.42
162.98
163.51
164.05
164.61
165.15
165.70
166.23
166.77
167.30
167.86
168.41
168.95
169.48
170.02
170.57
171.11
171.65
172.20
172.74
173.27
173.82
174.38
174.92
175.45
176.01
176.54
177.08
177.63
178.17
178.72
179.26
179.82
180.35
180.88
181.43
181.97
182.53
183.07
183.60
184.15
184.69
185.25
185.78
186.33
186.87
187.41
187.92
188.45
189.00
189.57
190.11
190.65
191.17
191.70
192.24
192.80
193.33
193.89
194.42
194.98
195.54
