# Beats
0.51
1.03
1.56
2.09
2.60
3.13
3.69
4.23
4.77
5.34
5.92
6.50
7.07
7.64
8.22
8.82
9.36
9.87
10.40
10.94
11.47
12.00
12.53
13.05
13.58
14.12
14.66
15.23
15.78
16.36
16.94
17.51
18.05
18.62
19.21
19.81
20.41
21.00
21.59
22.18
22.77
23.34
23.89
24.43
25.00
25.57
26.15
26.73
27.24
27.75
28.25
28.77
29.30
29.81
30.31
30.81
31.32
31.85
32.35
32.91
33.49
34.06
34.68
35.32
35.94
36.57
37.22
37.87
38.53
39.20
39.86
40.53
41.19
41.84
42.49
43.17
43.84
44.51
45.20
45.88
46.59
47.30
48.00
48.68
49.30
49.90
50.52
51.10
51.66
52.20
52.76
53.30
53.80
54.31
54.82
55.24
55.66
56.09
56.52
56.94
57.35
57.75
58.17
58.58
59.01
59.43
59.88
60.35
60.81
61.25
61.70
62.15
62.74
63.32
63.88
64.46
65.04
65.64
66.22
66.80
67.38
67.98
68.48
68.99
69.50
69.98
70.46
70.95
71.41
71.89
72.36
72.82
73.27
73.72
74.19
74.63
75.07
75.53
75.99
76.44
76.88
77.33
77.79
78.24
78.68
79.11
79.55
79.99
80.45
80.90
81.34
81.90
82.48
83.05
83.62
84.20
84.75
85.31
85.87
86.37
86.87
87.35
87.79
88.24
88.69
89.14
89.59
90.02
90.45
90.91
91.36
91.81
92.32
92.86
93.40
93.92
94.46
94.99
95.64
96.29
96.93
97.57
98.22
98.85
99.47
100.07
100.67
101.26
101.87
102.46
103.10
103.74
104.36
105.00
105.63
106.25
106.88
107.45
108.02
108.58
109.16
109.74
110.32
110.90
111.58
112.25
112.92
113.59
114.29
114.94
115.59
116.22
116.87
117.54
118.20
118.87
119.47
120.05
120.60
121.18
121.75
122.21
122.66
123.11
123.58
124.02
124.45
124.88
125.32
125.76
126.20
126.64
127.07
127.52
127.97
128.41
128.85
129.29
129.73
130.19
130.65
131.09
131.56
132.03
132.50
132.98
133.45
133.90
134.33
134.77
135.21
135.66
136.12
136.58
136.95
137.33
137.72
138.10
138.48
138.87
139.25
139.61
139.98
140.38
140.76
141.17
141.57
141.94
142.33
142.71
143.12
143.52
143.93
144.43
144.89
145.38
145.87
146.34
146.82
147.32
147.82
148.33
148.86
149.41
149.95
150.43
150.91
151.39
151.86
152.35
152.81
153.27
153.74
154.23
154.70
155.18
155.67
156.18
156.67
157.15
157.64
158.13
158.62
159.14
159.65
160.16
160.67
161.17
161.68
162.19
162.70
163.21
163.79
164.39
164.98
165.56
166.13
166.70
167.28
167.85
168.39
168.94
169.44
169.92
170.41
170.89
171.37
171.85
172.33
172.83
173.31
173.81
174.34
174.85
175.35
175.84
176.36
176.84
177.32
177.80
178.28
178.77
179.26
179.75
180.21
180.67
181.13
181.58
182.02
182.46
182.87
183.30
183.74
184.18
184.62
185.06
185.50
185.99
186.49
187.00
187.50
188.01
188.50
189.00
189.51
190.02
190.50
190.98
191.46
191.94
192.42
192.90
193.35
193.82
194.26
194.73
195.21
195.70
196.19
196.65
197.14
197.60
198.07
198.54
199.04
199.52
199.99
200.47
200.91
201.35
201.80
202.27
202.71
203.17
203.62
204.06
204.50
204.93
205.43
205.94
206.45
206.96
207.47
207.96
208.45
208.94
209.44
209.98
210.50
211.02
211.56
212.09
212.60
213.11
213.62
214.09
214.56
215.04
215.50
215.98
216.44
216.92
217.39
217.85
218.31
218.78
219.25
219.73
220.21
220.68
221.16
221.59
222.03
222.47
222.93
223.39
223.84
224.30
224.77
225.23
225.67
226.14
226.60
227.04
227.49
227.93
228.37
228.83
229.20
229.56
229.92
230.30
230.66
231.02
231.38
231.74
232.06
232.37
232.69
233.01
233.34
233.66
233.99
234.31
234.64
234.96
235.29
235.62
235.96
236.31
236.63
236.96
237.31
237.63
