# Beats
0.53
1.06
1.59
2.11
2.65
3.16
3.73
4.27
4.79
5.32
5.85
6.36
6.88
7.40
7.92
8.45
9.01
9.54
10.08
10.54
10.97
11.42
11.95
12.46
12.96
13.49
14.02
14.55
15.02
15.50
15.98
16.46
16.96
17.44
17.94
18.43
18.92
19.50
20.07
20.64
21.21
21.79
22.42
23.05
23.67
24.29
24.90
25.48
26.09
26.68
27.27
27.88
28.49
29.07
29.64
30.20
30.78
31.39
32.01
32.64
33.26
33.91
34.48
35.05
35.63
36.20
36.75
37.30
37.84
38.37
38.94
39.52
40.07
40.68
41.27
41.83
42.40
43.00
43.62
44.26
44.87
45.51
46.15
46.76
47.38
47.98
48.60
49.24
49.86
50.50
51.01
51.51
52.00
52.41
52.81
53.23
53.66
54.07
54.50
54.90
55.32
55.76
56.18
56.58
56.98
57.40
57.81
58.20
58.61
59.00
59.39
59.78
60.17
60.58
60.94
61.30
61.70
62.09
62.50
62.90
63.29
63.67
64.02
64.37
64.74
65.10
65.43
65.79
66.14
66.50
66.86
67.24
67.62
67.98
68.36
68.72
69.08
69.45
69.85
70.22
70.55
70.90
71.27
71.65
72.03
72.38
72.75
73.11
73.46
73.84
74.21
74.55
74.90
75.26
75.62
75.95
76.29
76.60
76.94
77.25
77.59
77.90
78.23
78.55
78.87
79.17
79.48
79.78
80.11
80.47
80.84
81.18
81.55
81.89
82.25
82.59
82.95
83.32
83.70
84.08
84.45
84.78
85.14
85.48
85.86
86.25
86.65
87.04
87.43
87.89
88.34
88.78
89.22
89.64
90.05
90.44
90.86
91.25
91.66
92.07
92.40
92.76
93.09
93.41
93.75
94.10
94.44
94.76
95.12
95.47
95.82
96.15
96.49
96.85
97.23
97.59
97.95
98.36
98.74
99.13
99.51
99.85
100.17
100.50
100.82
101.19
101.54
101.91
102.26
102.62
103.00
103.39
103.77
104.25
104.72
105.21
105.72
106.23
106.75
107.25
107.78
108.25
108.76
109.26
109.76
110.26
110.76
111.26
111.76
112.26
112.76
113.28
113.79
114.31
114.82
115.33
115.86
116.40
116.97
117.52
118.05
118.57
119.03
119.49
119.95
120.40
120.85
121.28
121.71
122.14
122.58
123.03
123.48
123.92
124.35
124.82
125.26
125.70
126.14
126.57
127.01
127.43
127.87
128.31
128.75
129.21
129.67
130.15
130.61
131.08
131.55
131.99
132.44
132.88
133.32
133.79
134.28
134.73
135.19
135.64
136.14
136.63
137.02
137.43
137.82
138.26
138.70
139.15
139.58
140.03
140.48
140.91
141.34
141.80
142.23
142.66
143.09
143.52
143.95
144.38
144.83
145.31
145.77
146.25
146.70
147.24
147.77
148.32
148.86
149.39
149.91
150.30
150.70
151.13
151.52
151.89
152.25
152.61
152.97
153.33
153.68
154.04
154.40
154.75
155.10
155.47
155.84
156.18
156.51
156.87
157.22
157.57
