# Beats
0.51
1.02
1.53
2.04
2.55
2.98
3.41
3.84
4.27
4.70
5.12
5.54
5.99
6.44
6.91
7.37
7.83
8.29
8.74
9.20
9.66
10.12
10.59
11.06
11.54
12.00
12.47
12.93
13.37
13.82
14.26
14.70
15.14
15.58
16.01
16.44
16.87
17.30
17.73
18.13
18.55
18.97
19.38
19.78
20.20
20.63
21.04
21.44
21.84
22.29
22.71
23.14
23.59
24.01
24.44
24.86
25.27
25.69
26.11
26.52
26.92
27.33
27.72
28.11
28.51
28.94
29.37
29.81
30.23
30.66
31.09
31.52
31.96
32.39
32.83
33.26
33.70
34.13
34.57
35.02
35.46
35.91
36.39
36.86
37.28
37.69
38.09
38.51
38.92
39.32
39.72
40.14
40.54
40.95
41.34
41.76
42.17
42.60
43.03
43.47
43.91
44.35
44.78
45.21
45.64
46.07
46.47
46.88
47.29
47.67
48.05
48.43
48.80
49.19
49.59
49.98
50.38
50.78
51.17
51.54
51.92
52.30
52.70
53.09
53.48
53.86
54.25
54.66
55.05
55.46
55.87
56.27
56.68
57.09
57.49
57.89
58.31
58.71
59.11
59.54
59.94
60.36
60.79
61.21
61.63
62.06
62.50
62.94
63.37
63.81
64.26
64.70
65.14
65.58
66.03
66.47
66.90
67.33
67.76
68.19
68.61
69.06
69.49
69.90
70.32
70.75
71.18
71.61
72.04
72.47
72.89
73.31
73.72
74.13
74.55
74.98
75.41
75.85
76.28
76.71
77.13
77.55
78.00
78.44
78.90
79.37
79.83
80.25
80.65
81.05
81.44
81.83
82.21
82.58
82.95
83.29
83.63
83.97
84.32
84.67
85.02
85.37
85.70
86.04
86.39
86.74
87.12
87.48
87.86
88.24
88.58
88.92
89.27
89.64
90.01
90.37
90.84
91.30
91.75
92.33
92.91
93.50
94.08
94.67
95.39
96.11
96.82
97.52
98.23
98.95
99.67
100.38
101.08
101.77
102.46
103.15
103.84
104.54
105.23
105.93
106.64
107.35
108.05
108.74
109.42
110.11
110.79
111.48
112.16
112.85
113.51
114.18
114.85
115.51
116.11
116.75
117.37
117.98
118.58
119.20
119.81
120.44
121.08
121.71
122.33
122.95
123.56
124.19
124.82
125.43
126.06
126.76
127.44
128.12
128.78
129.43
130.09
130.75
131.42
132.11
132.79
133.47
134.12
134.77
135.40
136.02
136.66
137.29
137.93
138.57
139.18
139.78
140.38
140.96
141.54
142.12
142.69
143.26
143.84
144.43
145.02
145.60
146.10
146.60
147.11
147.45
147.80
148.14
148.48
148.82
149.15
149.50
149.85
150.20
150.56
150.92
151.25
151.58
151.90
152.23
152.54
152.86
153.18
153.51
153.83
154.16
154.48
154.82
155.14
155.48
155.81
156.13
156.47
156.80
157.14
157.48
157.81
158.16
158.51
158.86
159.21
159.56
159.90
160.25
160.59
160.94
161.29
161.63
161.97
162.31
162.64
162.98
163.32
163.65
163.99
164.33
164.65
164.98
165.31
165.64
165.96
166.30
166.63
166.95
167.28
167.60
167.93
168.25
168.58
168.90
169.23
169.58
169.92
170.28
170.64
171.01
171.39
171.75
172.12
172.48
172.85
173.22
173.58
174.05
174.51
174.96
175.44
175.91
176.39
176.87
177.34
177.81
178.28
178.76
179.22
179.70
180.12
180.54
180.95
181.36
181.77
182.18
182.59
183.00
183.40
183.82
184.24
184.66
185.09
185.52
185.93
186.34
186.75
187.15
