# Beats
0.50
1.01
1.52
2.03
2.54
3.08
3.61
4.14
4.68
5.20
5.72
6.26
6.78
7.31
7.84
8.36
8.88
9.40
9.93
10.45
10.96
11.48
12.00
12.52
13.01
13.50
13.99
14.49
14.98
15.46
15.96
16.46
16.95
17.44
17.91
18.41
18.91
19.46
20.00
20.55
21.18
21.80
22.44
23.09
23.73
24.38
25.03
25.67
26.32
26.96
27.61
28.35
29.09
29.84
30.57
31.30
32.03
32.76
33.49
34.24
34.98
35.68
36.37
37.07
37.72
38.38
39.03
39.67
40.30
40.93
41.54
42.18
42.81
43.44
44.08
44.73
45.40
46.06
46.72
47.38
48.04
48.70
49.33
49.96
50.53
51.08
51.64
52.20
52.76
53.31
53.85
54.38
54.90
55.45
55.99
56.61
57.23
57.84
58.46
59.07
59.69
60.31
60.94
61.57
62.19
62.72
63.24
63.76
64.28
64.82
65.35
65.90
66.43
66.93
67.43
67.93
68.36
68.77
69.17
69.58
69.95
70.32
70.68
71.05
71.40
71.75
72.10
72.46
72.81
73.15
73.50
73.85
74.20
74.55
74.88
75.23
75.58
75.96
76.34
76.71
77.09
77.44
77.79
78.14
78.48
78.83
79.18
79.53
79.88
80.22
80.57
80.92
81.27
81.61
81.95
82.30
82.66
83.02
83.38
83.73
84.08
84.43
84.78
85.15
85.51
85.87
86.22
86.58
86.92
87.27
87.62
87.98
88.34
88.71
89.08
89.47
89.84
90.20
90.55
90.91
91.28
91.64
92.00
92.40
92.82
93.24
93.67
94.10
94.53
94.97
95.40
95.81
96.21
96.64
97.08
97.52
98.08
98.63
99.16
99.69
100.23
100.76
101.29
101.82
102.35
102.90
103.44
103.99
104.54
105.07
105.62
106.16
106.70
107.23
107.78
108.32
108.77
109.20
109.64
110.05
110.46
110.88
111.29
111.70
112.11
112.52
112.93
113.36
113.79
114.22
114.66
115.10
115.53
115.96
116.39
116.82
117.25
117.70
118.17
118.62
119.13
119.64
120.15
120.67
121.20
121.71
122.22
122.73
123.25
123.81
124.38
124.92
125.48
126.04
126.58
127.13
127.67
128.21
128.74
129.28
129.81
130.35
130.88
131.41
131.95
132.48
133.02
133.55
134.07
134.61
135.14
135.67
136.21
136.77
137.31
137.85
138.38
138.91
139.45
139.98
140.52
141.04
141.57
142.11
142.64
143.17
143.71
144.23
144.75
145.28
145.79
146.32
146.87
147.40
147.93
148.47
149.00
149.54
150.07
150.60
151.14
151.67
152.20
152.73
153.26
153.79
154.32
154.85
155.39
155.92
156.46
156.99
157.52
158.06
158.59
159.13
159.66
160.19
160.73
161.25
161.79
162.32
162.85
163.39
163.92
164.46
164.99
165.52
166.06
166.59
167.11
167.65
168.18
168.72
169.25
169.81
170.35
170.89
171.42
171.96
172.49
173.02
173.56
174.08
174.61
175.15
175.68
176.22
176.75
177.27
177.80
178.32
178.83
179.36
179.91
180.44
180.98
181.51
182.04
182.58
183.11
183.64
184.17
184.70
185.24
185.77
186.31
186.83
187.36
187.90
188.43
188.96
189.50
190.02
190.55
191.10
191.62
192.13
192.66
193.18
193.70
194.25
194.78
195.31
195.86
196.39
196.93
197.45
197.98
198.52
199.05
199.58
200.11
200.64
201.18
201.70
202.23
202.77
203.30
203.82
204.36
204.89
205.44
205.97
206.52
207.06
207.61
208.10
208.58
209.07
209.56
210.05
210.55
211.03
211.52
212.02
212.52
213.02
213.53
214.11
214.69
215.27
215.85
216.44
217.03
217.61
218.19
218.78
219.37
219.94
220.50
221.05
221.61
222.17
222.73
223.28
