# Beats
0.42
0.85
1.28
1.71
2.14
2.57
3.00
3.42
3.84
4.26
4.68
5.10
5.51
5.93
6.32
6.70
7.07
7.44
7.81
8.19
8.56
8.93
9.30
9.67
10.04
10.39
10.76
11.13
11.49
11.85
12.35
12.84
13.33
13.82
14.30
14.79
15.22
15.65
16.08
16.54
17.00
17.46
17.91
18.36
18.80
19.24
19.68
20.12
20.55
21.03
21.50
21.98
22.50
23.02
23.55
24.07
24.59
25.11
25.62
26.15
26.67
27.20
27.74
28.28
28.83
29.38
29.87
30.35
30.82
31.21
31.59
31.96
32.33
32.71
33.09
33.47
33.85
34.33
34.81
35.28
35.72
36.17
36.61
37.05
37.49
37.93
38.35
38.77
39.17
39.59
40.00
40.39
40.80
41.22
41.63
42.05
42.47
42.90
43.32
43.73
44.16
44.61
45.04
45.46
45.89
46.32
46.76
47.21
47.69
48.18
48.66
49.10
49.54
49.98
50.42
50.85
51.27
51.69
52.12
52.55
52.98
53.41
53.84
54.27
54.71
55.14
55.57
55.99
56.42
56.85
57.31
57.75
58.18
58.61
59.03
59.44
59.87
60.30
60.73
61.15
61.56
61.96
62.37
62.76
63.17
63.56
63.97
64.38
64.77
65.17
65.56
65.97
66.36
66.76
67.18
67.59
68.02
68.44
68.87
69.29
69.71
70.12
70.54
70.95
71.37
71.77
72.18
72.57
72.97
73.38
73.78
74.20
74.62
75.04
75.45
75.87
76.28
76.70
77.11
77.53
77.95
78.37
78.77
79.18
79.60
80.00
80.41
80.82
81.24
81.65
82.07
82.48
82.88
83.29
83.70
84.10
84.51
84.93
85.33
85.75
86.17
86.58
86.99
87.41
87.83
88.24
88.65
89.07
89.49
89.92
90.34
90.74
91.16
91.58
92.00
92.42
92.83
93.25
93.67
94.09
94.51
94.92
95.33
95.74
96.15
96.57
97.00
97.42
97.84
98.24
98.66
99.08
99.50
99.92
100.33
100.74
101.16
101.56
101.98
102.40
102.78
103.17
103.54
103.91
104.32
104.73
105.15
105.57
105.99
106.38
106.78
107.17
107.58
107.98
108.40
108.83
109.25
109.67
110.07
110.48
110.89
111.30
111.70
112.09
112.50
112.91
113.30
113.71
114.13
114.56
114.97
115.40
115.83
116.29
116.72
117.13
117.55
117.97
118.36
118.77
119.19
119.61
120.04
120.47
120.88
121.29
121.70
122.10
122.52
122.93
123.32
123.72
124.12
124.52
124.92
125.32
125.72
126.13
126.54
126.93
127.33
127.72
128.13
128.52
128.93
129.32
129.72
130.11
130.52
130.91
131.32
131.73
132.13
132.54
132.95
133.35
133.76
134.18
134.59
135.01
135.43
135.86
136.27
136.67
137.09
137.50
137.89
138.31
138.73
139.13
139.55
139.96
140.36
140.78
141.19
141.60
142.00
142.40
142.84
143.27
143.71
144.15
144.59
145.04
145.50
145.94
146.39
146.84
147.28
147.73
148.17
148.60
149.11
149.62
150.12
150.63
151.14
151.65
152.16
152.66
153.17
153.68
154.20
154.61
155.02
155.43
155.85
156.26
156.67
157.07
157.48
157.88
158.30
158.72
159.15
159.57
159.97
160.39
160.82
161.24
161.65
162.05
162.46
162.86
163.26
163.65
164.05
164.44
164.84
165.23
165.64
166.03
166.43
166.82
167.23
167.64
168.03
168.44
168.84
169.26
169.69
170.12
170.54
170.97
171.39
171.80
172.22
172.65
173.08
173.50
173.94
174.37
174.80
175.24
175.67
176.09
176.49
176.92
177.34
177.77
178.20
178.62
179.05
179.47
179.88
180.29
180.71
181.12
181.52
181.93
182.35
182.76
183.18
183.60
184.01
184.41
184.83
185.25
185.68
186.08
186.49
186.89
187.30
187.71
188.10
188.50
188.92
189.31
189.71
190.10
190.52
190.91
191.32
191.72
192.12
192.52
192.91
193.31
193.71
194.12
194.53
194.92
195.33
195.72
196.13
196.52
196.93
197.33
197.74
198.17
198.59
199.01
199.44
199.88
200.30
200.70
201.10
201.51
201.92
202.33
202.73
203.14
203.53
203.94
204.36
204.78
205.29
205.79
206.27
206.75
207.23
207.70
208.17
208.62
209.07
209.53
209.98
210.43
210.88
211.29
211.70
212.10
212.51
212.92
213.33
213.75
214.15
214.54
214.92
215.32
215.71
216.11
216.50
216.90
217.28
217.66
218.06
218.45
218.85
219.24
219.65
220.04
220.44
220.83
221.23
221.61
221.99
222.38
222.77
223.16
223.54
223.91
224.29
224.68
225.05
225.43
225.81
226.20
226.57
226.94
227.32
227.71
228.09
228.47
228.86
229.24
229.61
229.98
230.37
230.75
231.13
231.51
231.90
232.28
232.66
233.05
233.42
233.80
234.18
234.58
234.96
235.36
235.74
236.12
236.53
236.95
237.37
237.80
238.24
238.67
239.10
239.53
239.94
240.37
240.79
241.21
241.63
242.04
242.46
242.89
243.33
243.77
244.22
244.66
245.10
245.55
246.00
246.44
246.87
247.30
247.75
248.17
248.60
249.02
249.44
249.86
250.28
250.68
251.10
251.51
251.91
252.31
252.73
253.14
253.56
253.97
254.39
254.79
255.20
255.61
256.02
256.43
256.84
257.25
257.67
258.08
258.50
258.91
259.33
259.74
260.16
260.57
260.99
261.42
261.83
262.25
262.66
263.08
263.50
263.91
264.31
264.73
265.15
265.58
266.03
266.48
266.92
267.38
267.81
268.23
268.65
269.13
269.60
270.06
270.47
270.85
271.24
271.64
272.03
272.43
272.82
273.21
273.60
273.98
274.38
274.77
275.17
275.56
275.96
276.35
276.75
277.14
277.54
277.92
278.30
278.69
279.08
279.46
279.85
280.23
280.61
280.98
281.37
281.75
282.12
282.49
282.88
283.26
283.64
284.01
284.39
284.76
285.14
285.51
285.88
286.26
286.63
287.00
287.37
287.75
288.14
288.52
288.91
289.30
289.68
290.08
290.47
290.86
291.25
291.62
291.99
292.36
292.72
293.09
293.47
293.84
294.21
294.58
294.96
295.35
295.74
296.15
296.55
296.95
297.34
297.74
298.12
298.50
298.90
299.29
299.68
300.07
300.47
300.85
301.23
301.60
301.99
302.36
302.74
303.12
303.51
303.89
304.27
304.66
305.04
305.42
305.81
306.18
306.56
306.94
307.33
307.71
308.11
308.50
308.88
309.28
309.68
310.08
310.49
310.89
311.29
311.68
312.08
312.46
312.84
313.23
313.61
313.99
314.36
314.75
315.13
315.51
