# Beats
0.51
1.03
1.56
2.08
2.60
3.12
3.65
4.16
4.67
5.18
5.69
6.20
6.71
7.21
7.81
8.43
9.06
9.66
10.26
10.87
11.49
12.11
12.72
13.39
14.05
14.70
15.35
16.00
16.64
17.25
17.88
18.51
19.13
19.75
20.34
20.97
21.59
22.22
22.84
23.48
24.11
24.74
25.37
25.98
26.61
27.23
27.85
28.49
29.12
29.73
30.35
30.98
31.58
32.18
32.79
33.43
34.05
34.67
35.27
35.89
36.49
37.11
37.73
38.34
38.96
39.59
40.23
40.84
41.48
42.07
42.66
43.12
43.58
44.05
44.52
45.00
45.48
45.94
46.46
47.00
47.55
48.11
48.67
49.20
49.73
50.25
50.77
51.29
51.80
52.30
52.78
53.27
53.77
54.27
54.74
55.15
55.57
55.99
56.41
56.83
57.25
57.67
58.13
58.61
59.09
59.56
60.02
60.49
60.93
61.38
61.83
62.30
62.74
63.16
63.58
64.01
64.42
64.86
65.29
65.71
66.12
66.55
66.95
67.36
67.77
68.15
68.56
68.96
69.37
69.78
70.18
70.59
70.98
71.33
71.70
72.07
72.43
72.79
73.18
73.54
73.90
74.26
74.62
74.98
75.35
75.79
76.23
76.67
77.09
77.51
77.94
78.37
78.88
79.39
79.88
80.34
80.82
81.29
81.75
82.20
82.64
83.10
83.52
83.93
84.36
84.78
85.19
85.60
86.01
86.40
86.80
87.20
87.61
87.97
88.33
88.68
89.03
89.37
89.73
90.09
90.46
90.81
91.16
91.53
91.88
92.31
92.74
93.17
93.61
94.06
94.51
94.95
95.48
96.03
96.61
97.19
97.78
98.34
98.91
99.47
100.01
100.57
101.10
101.63
102.16
102.68
103.21
103.75
104.28
104.80
105.33
105.84
106.35
106.86
107.37
107.88
108.39
108.90
109.41
109.92
110.36
110.79
111.24
111.66
112.11
112.52
112.94
113.37
113.80
114.22
114.64
115.08
115.52
116.00
116.47
116.94
117.40
117.89
118.39
118.89
119.39
119.86
120.35
120.83
