# Beats
0.50
1.02
1.53
2.04
2.57
3.00
3.41
3.81
4.21
4.68
5.09
5.50
5.97
6.44
6.88
7.36
7.81
8.29
8.78
9.22
9.68
10.15
10.59
11.03
11.46
11.94
12.39
12.84
13.27
13.63
14.00
14.35
14.70
15.05
15.42
15.80
16.16
16.53
16.89
17.24
17.62
18.02
18.41
18.78
19.18
19.57
19.95
20.34
20.75
21.13
21.48
21.85
22.24
22.69
23.14
23.56
24.01
24.44
24.92
25.38
25.82
26.26
26.73
27.21
27.68
28.14
28.60
29.07
29.54
30.05
30.56
31.05
31.65
32.24
32.88
33.47
34.06
34.62
35.13
35.64
36.18
36.73
37.29
37.83
38.36
38.92
39.45
40.03
40.57
41.11
41.67
42.21
42.74
43.32
43.91
44.50
45.09
45.67
46.25
46.81
47.42
48.01
48.60
49.25
49.88
50.50
51.15
51.78
52.40
53.01
53.66
54.31
54.94
55.50
56.06
56.66
57.24
57.82
58.42
59.00
59.58
60.12
60.65
61.18
61.70
62.22
62.72
63.25
63.79
64.31
64.80
65.29
65.78
66.25
66.76
67.24
67.71
68.21
68.64
69.06
69.50
69.93
70.34
70.82
71.26
71.68
72.14
72.56
72.99
73.46
73.96
74.49
75.00
75.50
76.00
76.53
77.07
77.50
77.98
78.44
78.83
79.21
79.60
79.95
80.31
80.71
81.08
81.50
81.87
82.27
82.69
83.08
83.45
83.82
84.20
84.57
84.96
85.38
85.80
86.22
86.66
87.12
87.59
88.04
88.46
88.87
89.28
89.71
90.11
90.53
91.09
91.64
92.18
92.74
93.30
93.83
94.37
94.92
95.39
95.83
96.26
96.68
97.13
97.57
98.03
98.45
98.89
99.31
99.80
100.29
100.74
101.15
101.56
101.98
102.42
102.91
103.42
103.91
104.37
104.81
105.26
105.72
106.21
106.65
107.07
107.51
107.97
108.43
108.89
109.40
109.88
110.39
110.90
111.55
112.16
112.76
113.34
113.91
114.52
115.14
115.76
116.33
116.90
117.47
118.07
118.71
119.34
119.93
120.51
121.07
121.65
122.18
122.74
123.31
123.86
124.40
124.89
125.41
125.92
126.44
126.99
127.52
128.06
128.55
129.07
129.60
130.09
130.61
131.10
131.59
132.08
132.61
133.12
133.65
134.19
134.68
135.19
135.67
136.14
136.63
137.11
137.64
138.11
138.55
139.01
139.46
139.90
140.39
140.83
141.20
141.58
141.96
142.29
142.66
142.99
143.36
143.70
144.06
144.40
144.75
145.15
145.50
145.82
146.19
146.56
146.91
147.35
147.82
148.28
148.75
149.19
149.68
150.30
150.91
151.51
152.11
152.73
153.32
153.91
154.48
155.06
155.67
156.36
157.06
157.74
158.45
159.13
159.79
160.43
161.11
161.80
162.45
163.05
163.69
164.34
164.95
165.60
166.25
166.91
167.53
168.09
168.62
169.16
169.68
170.13
170.61
171.08
171.54
171.99
172.45
172.90
173.36
173.78
174.22
174.67
175.12
175.61
176.08
176.54
177.03
177.52
177.98
178.47
178.91
179.35
179.77
180.21
180.67
181.14
181.58
182.00
