# Beats
0.46
0.94
1.42
1.90
2.38
2.86
3.37
3.88
4.39
4.89
5.39
5.89
6.33
6.76
7.19
7.62
8.06
8.48
8.89
9.38
9.85
10.33
10.82
11.32
11.81
12.26
12.70
13.15
13.66
14.19
14.70
15.22
15.74
16.28
16.81
17.32
17.83
18.33
18.84
19.34
19.85
20.36
20.86
21.36
21.85
22.37
22.92
23.45
24.03
24.61
25.19
25.74
26.26
26.75
27.25
27.75
28.26
28.78
29.28
29.79
30.28
30.79
31.32
31.85
32.37
32.93
33.49
34.04
34.60
35.13
35.67
36.21
36.76
37.33
37.89
38.45
39.00
39.52
40.05
40.59
41.11
41.63
42.16
42.66
43.17
43.68
44.21
44.80
45.41
46.01
46.60
47.18
47.76
48.34
48.92
49.53
50.11
50.69
51.26
51.85
52.42
52.99
53.57
54.15
54.73
55.25
55.76
56.29
56.75
57.21
57.68
58.13
58.58
59.04
59.49
59.93
60.37
60.93
61.49
62.06
62.64
63.23
63.81
64.39
64.97
65.50
66.03
66.55
67.04
67.55
68.05
68.55
69.04
69.54
70.05
70.57
71.09
71.59
72.07
72.56
73.04
73.53
74.03
74.57
75.12
75.65
76.21
76.77
77.33
77.90
78.48
79.05
79.62
80.20
80.78
81.36
81.97
82.57
83.23
83.91
84.56
85.19
85.84
86.49
87.14
87.79
88.47
89.12
89.70
90.28
90.88
91.49
92.09
92.71
93.32
93.92
94.55
95.18
95.81
96.43
97.02
97.62
98.23
98.86
99.47
100.08
100.68
101.31
101.92
102.59
103.24
103.91
104.57
105.23
105.89
106.56
107.14
107.71
108.27
108.84
109.41
109.98
110.55
111.12
111.70
112.27
112.84
113.43
114.02
114.61
115.21
115.80
116.40
117.02
117.61
118.20
118.79
119.29
119.80
120.30
120.77
121.25
121.72
122.14
122.55
122.97
123.38
123.80
124.20
124.62
125.04
125.46
125.86
126.27
126.64
127.04
127.43
127.83
128.21
128.59
128.96
129.42
129.87
130.33
130.80
131.26
131.73
132.18
132.63
133.07
133.53
133.97
134.42
134.86
135.33
135.79
136.25
136.72
137.18
137.62
138.09
138.51
138.92
139.34
139.76
140.17
140.57
140.98
141.39
141.80
142.22
142.64
143.05
143.45
143.85
144.27
144.66
145.06
145.45
145.83
146.22
146.61
147.01
147.40
147.81
148.21
148.61
149.00
149.40
149.79
150.24
150.67
151.12
151.64
152.14
152.65
153.22
153.79
154.38
154.95
155.52
156.08
156.65
157.22
157.78
158.33
158.86
159.45
160.03
160.62
161.23
161.80
162.38
162.96
163.54
164.14
164.75
165.40
166.05
166.64
167.23
167.83
168.44
169.05
169.67
170.27
170.88
171.48
172.08
172.68
173.29
173.89
174.50
175.09
175.68
176.26
176.85
177.45
178.03
178.61
179.19
179.78
180.37
180.98
181.46
181.95
182.44
182.93
183.41
183.88
184.27
184.69
185.10
185.50
185.90
186.28
186.69
187.08
187.48
187.86
188.26
188.66
189.08
189.50
189.89
190.29
190.71
191.12
191.52
191.91
