# Beats
0.64
1.28
1.94
2.60
3.23
3.85
4.48
5.11
5.72
6.34
6.97
7.58
8.20
8.82
9.47
10.14
10.75
11.38
11.99
12.61
13.21
13.83
14.44
15.05
15.66
16.28
16.85
17.41
18.00
18.58
19.17
19.74
20.29
20.87
21.48
22.05
22.55
23.06
23.57
24.06
24.53
25.02
25.45
25.88
26.32
26.75
27.18
27.61
28.05
28.48
28.91
29.36
29.79
30.21
30.60
31.01
31.42
31.81
32.23
32.64
33.07
33.49
33.95
34.47
34.97
35.48
35.99
36.50
37.00
37.44
37.87
38.30
38.71
39.10
39.51
39.92
40.33
40.75
41.15
41.55
41.96
42.38
42.77
43.20
43.64
44.08
44.56
45.00
45.44
45.88
46.39
46.93
47.46
47.98
48.51
49.04
49.59
50.13
50.62
51.11
51.59
52.15
52.71
53.24
53.79
54.33
54.89
55.43
55.97
56.49
57.02
57.54
58.04
58.55
59.04
59.51
59.98
60.44
60.93
61.42
61.89
62.37
62.86
63.33
63.82
64.39
64.96
65.52
66.06
66.62
67.18
67.72
68.27
68.80
69.35
69.87
70.36
70.87
71.40
71.91
72.42
73.00
73.57
74.16
74.81
75.44
76.07
76.67
77.30
77.91
78.53
79.08
79.62
80.18
80.74
81.29
81.85
82.44
83.03
83.62
84.17
84.79
85.41
86.04
86.67
87.28
87.91
88.54
89.15
89.72
90.30
90.78
91.25
91.73
92.19
92.67
93.16
93.63
94.11
94.57
95.04
95.45
95.85
96.27
96.69
97.11
97.54
97.93
98.34
98.74
99.15
99.58
100.01
100.45
100.89
101.39
101.89
102.38
102.88
103.38
103.89
104.35
104.84
105.34
105.73
106.12
106.50
106.88
107.22
107.54
107.88
108.23
108.58
108.92
109.26
109.59
109.90
110.23
110.55
110.88
111.19
111.50
111.82
112.13
112.45
112.79
113.15
113.48
113.82
114.15
114.50
114.87
115.23
115.58
115.95
116.30
116.66
117.03
117.40
117.75
118.10
118.44
118.77
119.10
119.44
119.79
120.12
120.44
120.79
121.12
121.45
121.80
122.15
122.49
122.82
123.16
123.51
123.84
124.20
124.58
124.92
125.28
125.65
126.01
126.39
126.75
127.12
127.48
127.83
128.17
128.51
128.85
129.17
129.52
129.87
130.21
130.57
130.93
131.26
131.61
131.96
132.31
132.66
132.99
133.33
133.68
134.01
134.35
134.68
135.00
135.38
135.77
136.14
136.53
136.93
137.30
137.67
138.04
138.44
138.81
139.18
139.55
139.90
140.27
140.64
141.01
141.39
141.76
142.13
142.52
142.92
143.31
143.71
144.09
