# Beats
0.75
1.52
2.29
3.01
3.73
4.45
5.13
5.82
6.46
7.08
7.66
8.24
8.84
9.42
10.00
10.53
11.05
11.59
12.10
12.63
13.17
13.69
14.21
14.73
15.26
15.75
16.25
16.76
17.28
17.77
18.27
18.78
19.31
19.85
20.40
20.92
21.46
21.99
22.59
23.17
23.80
24.42
25.05
25.68
26.28
26.89
27.49
28.10
28.70
29.30
29.93
30.55
31.15
31.71
32.28
32.95
33.63
34.30
34.95
35.60
36.25
36.90
37.54
38.17
38.73
39.29
39.85
40.31
40.77
41.23
41.70
42.17
42.63
43.10
43.56
44.03
44.49
44.95
45.42
45.88
46.35
46.81
47.25
47.67
48.10
48.53
48.97
49.41
49.85
50.29
50.71
51.13
51.54
51.94
52.36
52.76
53.17
53.59
54.00
54.40
54.80
55.22
55.64
56.05
56.46
56.87
57.28
57.68
58.11
58.51
58.93
59.35
59.76
60.15
60.55
61.02
61.47
61.95
62.42
62.86
63.32
63.77
64.23
64.69
65.14
65.53
65.92
66.32
66.69
67.07
67.48
67.88
68.28
68.66
69.06
69.45
69.87
70.28
70.68
71.06
71.44
71.82
72.21
72.63
73.04
73.44
73.84
74.22
74.63
75.02
75.43
75.81
76.21
76.61
77.00
77.40
77.81
78.22
78.61
78.99
79.39
79.76
80.16
80.54
80.94
81.36
81.77
82.18
82.57
82.95
83.36
83.77
84.18
84.61
85.03
85.43
85.84
