# Beats
0.39
0.80
1.21
1.63
2.04
2.44
2.83
3.20
3.58
3.95
4.33
4.71
5.09
5.48
5.87
6.27
6.65
7.05
7.42
7.87
8.34
8.79
9.24
9.71
10.16
10.61
11.08
11.54
12.00
12.46
12.93
13.40
13.86
14.33
14.80
15.30
15.80
16.29
16.75
17.22
17.67
18.13
18.60
19.06
19.55
20.02
20.48
20.97
21.48
21.99
22.56
23.14
23.71
24.22
24.73
25.23
25.75
26.26
26.87
27.47
28.07
28.70
29.33
29.93
30.52
31.13
31.72
32.31
32.89
33.48
34.06
34.64
35.22
35.82
36.41
37.01
37.62
38.20
38.78
39.36
39.93
40.51
41.10
41.71
42.35
42.96
43.57
44.18
44.79
45.41
46.00
46.60
47.21
47.81
48.41
49.01
49.60
50.20
50.79
51.39
51.99
52.58
53.17
53.75
54.33
54.89
55.44
55.98
56.53
57.07
57.61
58.15
58.70
59.23
59.77
60.30
60.84
61.39
61.94
62.53
63.11
63.69
64.27
64.85
65.43
66.01
66.61
67.20
67.80
68.36
68.91
69.45
69.92
70.38
70.83
71.29
71.74
72.21
72.68
73.19
73.70
74.21
74.70
75.21
75.72
76.23
76.74
77.25
77.72
78.20
78.69
79.18
79.69
80.18
80.67
81.15
81.64
82.12
82.59
83.07
83.53
84.00
84.46
84.90
85.34
85.79
86.23
86.67
87.11
87.55
87.98
88.41
88.84
89.30
89.77
90.23
90.73
91.23
91.73
92.25
92.78
93.30
93.82
94.34
94.87
95.41
95.96
96.50
97.06
97.62
98.17
98.73
99.29
99.86
100.43
101.00
101.51
102.02
102.53
102.98
103.43
103.89
104.35
104.81
105.28
105.73
106.18
106.65
107.09
107.52
107.95
108.39
108.82
109.25
109.67
110.09
110.53
110.97
111.41
111.90
112.38
112.90
113.39
113.89
114.39
114.85
115.32
115.91
116.48
117.03
117.60
118.17
118.72
119.28
119.84
120.37
120.91
121.44
121.97
122.51
123.04
123.56
124.09
124.61
125.13
125.63
126.17
126.69
127.20
127.72
128.22
128.72
129.22
129.72
130.23
130.73
131.26
131.75
132.24
132.69
133.15
133.63
134.13
134.63
135.14
135.65
136.16
136.70
137.23
137.75
138.25
138.77
139.28
139.81
140.34
140.85
141.39
141.90
142.43
142.97
143.51
144.06
144.61
145.15
145.69
146.22
146.74
147.26
147.77
148.27
148.81
149.33
149.86
150.40
150.93
151.46
151.97
152.49
152.98
153.47
153.97
154.47
154.97
155.48
155.99
156.49
156.98
157.49
158.06
158.65
159.20
159.75
160.28
160.77
161.29
161.80
162.31
162.82
163.35
163.86
164.39
164.94
165.48
166.00
166.53
167.04
167.53
168.05
168.61
169.17
169.74
170.30
170.83
171.36
171.92
172.45
172.98
173.48
174.01
174.56
175.08
175.57
176.07
176.58
177.09
177.60
178.11
178.63
179.15
179.66
180.16
180.66
181.17
181.67
182.16
182.66
183.16
183.66
184.16
184.66
185.16
185.66
186.13
186.61
187.08
187.54
187.99
188.44
188.88
189.32
189.77
190.21
190.64
191.07
191.49
191.92
192.35
192.78
193.21
193.64
194.07
194.50
194.91
195.31
195.72
196.13
196.52
196.92
197.31
197.72
198.12
198.53
198.94
199.34
199.75
200.16
200.56
200.95
201.33
201.71
202.09
202.47
202.84
203.21
203.58
203.95
204.32
204.70
205.08
205.46
205.84
206.23
206.65
207.06
207.48
207.90
208.34
208.78
209.22
209.66
210.11
210.55
210.99
211.35
211.71
212.07
212.43
212.79
213.15
213.51
213.87
214.23
214.59
214.95
215.27
215.60
215.93
216.28
216.62
216.98
217.34
217.71
218.08
218.45
218.81
219.17
219.54
220.02
220.52
221.03
221.52
222.01
222.48
222.96
223.42
223.89
224.35
224.79
225.23
225.67
226.17
226.67
227.18
227.69
228.19
228.69
229.23
229.76
230.30
230.85
231.42
231.99
232.55
233.11
233.66
234.24
234.80
235.36
235.90
236.38
236.87
237.35
237.87
238.40
238.92
239.44
239.98
240.48
240.98
241.50
242.02
242.40
242.79
243.18
243.58
243.96
244.34
244.73
245.11
245.49
245.88
246.25
246.62
246.99
247.34
247.72
248.11
248.50
248.89
249.27
249.65
250.03
250.42
250.82
251.22
251.59
251.96
252.35
252.75
253.17
253.59
254.01
254.42
254.83
255.23
255.64
256.05
256.48
256.88
257.30
257.70
258.09
258.48
258.89
259.30
259.68
260.05
260.48
260.89
261.29
261.69
262.11
262.50
263.04
263.58
264.13
264.68
265.22
265.73
266.26
266.82
267.34
267.87
268.39
268.91
269.43
269.96
270.47
270.98
271.48
271.98
272.49
273.00
273.52
274.04
274.54
275.04
