# Beats
0.49
0.99
1.39
1.81
2.24
2.67
3.18
3.69
4.19
4.71
5.24
5.77
6.29
6.82
7.33
7.83
8.32
8.82
9.32
9.83
10.33
10.82
11.32
11.82
12.32
12.82
13.37
13.91
14.44
14.98
15.51
16.04
16.54
17.03
17.53
18.01
18.49
18.98
19.46
19.93
20.41
20.91
21.41
21.90
22.44
22.99
23.55
24.11
24.68
25.25
25.76
26.27
26.78
27.31
27.83
28.40
28.98
29.56
30.14
30.72
31.28
31.83
32.38
32.90
33.43
33.95
34.53
35.11
35.67
36.21
36.76
37.30
37.84
38.38
38.93
39.47
40.02
40.57
41.12
41.66
42.20
42.75
43.28
43.82
44.35
44.90
45.43
45.96
46.47
46.97
47.47
47.96
48.45
48.94
49.42
49.92
50.42
51.08
51.73
52.51
53.28
54.06
54.85
55.62
56.40
57.17
57.93
58.75
59.56
60.37
61.18
61.99
62.78
63.56
64.35
65.14
65.93
66.72
