# Beats
0.49
0.99
1.49
1.99
2.48
2.97
3.45
3.92
4.39
4.85
5.32
5.79
6.25
6.69
7.14
7.59
8.05
8.50
8.94
9.39
9.85
10.31
10.74
11.17
11.59
12.07
12.55
13.03
13.51
14.00
14.49
14.98
15.48
15.98
16.39
16.82
17.25
17.67
18.09
18.51
18.94
19.37
19.80
20.22
20.65
21.07
21.49
21.92
22.41
22.89
23.38
23.94
24.50
25.04
25.65
26.24
26.84
27.43
28.04
28.63
29.21
29.79
30.37
30.95
31.54
32.14
32.73
33.32
33.92
34.47
35.02
35.55
36.07
36.59
37.11
37.63
38.15
38.65
39.14
39.61
40.09
40.48
40.88
41.27
41.68
42.09
42.48
42.88
43.27
43.67
44.06
44.47
44.86
45.27
45.66
46.06
46.51
46.95
47.40
47.86
48.31
48.76
49.20
49.64
50.07
50.50
50.94
51.39
51.84
52.41
52.98
53.55
54.11
54.68
55.25
55.81
56.37
56.91
57.46
58.03
58.61
59.19
59.77
60.35
60.93
61.50
62.07
62.64
63.20
63.77
64.30
64.81
65.33
65.85
66.37
66.89
67.40
67.91
68.42
68.93
69.44
69.96
70.47
71.00
71.59
72.16
72.74
73.31
73.87
74.44
75.01
75.58
76.15
76.72
77.42
78.10
78.80
79.48
80.18
80.85
81.53
82.18
82.83
83.39
83.97
84.56
85.10
85.65
86.18
86.71
87.25
87.85
88.47
89.09
89.72
90.35
90.98
91.59
92.19
92.81
93.41
94.02
94.61
95.21
95.82
96.42
97.05
97.67
98.38
99.09
99.79
100.48
101.20
101.92
102.54
103.17
103.77
104.36
104.95
105.51
106.07
106.63
107.18
107.74
108.30
108.82
109.35
109.89
110.38
110.86
111.34
111.82
112.28
112.74
113.22
113.70
114.17
114.64
115.10
115.57
116.02
116.47
116.91
117.37
117.75
118.13
118.51
118.90
119.28
119.66
120.05
120.42
120.79
121.16
121.52
121.87
122.23
122.59
122.95
123.31
123.76
124.23
124.69
125.16
125.61
126.06
126.53
126.98
127.43
127.97
128.49
129.01
129.58
130.15
130.72
131.30
131.88
132.44
132.99
133.55
134.12
134.68
135.23
135.79
136.35
136.92
137.47
138.03
138.59
139.16
139.71
140.27
140.84
141.41
141.98
142.55
143.10
143.67
144.20
144.71
145.21
145.72
146.22
146.73
147.21
147.71
148.21
148.77
149.32
149.86
150.41
150.95
151.51
151.99
152.46
152.94
153.39
153.84
154.30
154.75
155.19
155.64
156.08
156.54
156.99
157.42
157.85
158.28
158.70
159.21
159.72
160.24
160.75
161.27
161.79
162.30
162.81
163.32
163.83
164.33
164.84
165.33
165.81
166.31
166.82
167.32
167.80
168.29
168.77
169.27
169.81
170.35
170.89
171.42
171.94
172.48
173.01
173.55
174.06
174.58
175.10
175.60
176.11
176.63
177.17
177.70
178.24
178.89
179.54
180.18
180.81
181.46
182.11
182.76
183.29
183.81
184.33
184.85
185.36
185.95
186.51
187.08
187.63
188.19
188.78
189.37
190.02
190.69
191.37
192.05
192.74
193.42
194.11
194.79
195.48
196.12
196.75
197.40
197.93
198.45
198.98
199.47
199.96
200.43
200.92
201.41
201.90
202.39
202.88
203.37
203.82
204.27
204.72
205.15
205.58
206.01
206.44
206.87
207.30
207.73
208.16
208.57
208.99
209.42
209.85
210.27
210.67
211.05
211.43
211.80
212.17
212.54
212.94
213.33
213.73
214.10
214.48
214.87
215.25
215.63
216.02
216.39
216.76
217.14
217.54
217.93
218.33
218.70
219.07
219.43
219.80
220.25
220.69
221.15
221.60
222.06
222.51
222.95
223.39
223.83
224.27
224.72
225.19
225.64
226.17
226.71
227.24
227.83
228.44
228.97
229.51
230.04
230.56
231.08
231.61
232.13
232.65
233.17
