# Beats
0.79
1.56
2.33
3.12
3.92
4.71
5.50
6.32
7.11
7.92
8.73
9.56
10.38
11.22
12.05
12.89
13.70
14.51
15.31
16.13
16.93
17.72
18.51
19.27
20.03
20.76
21.51
22.26
22.96
23.68
24.43
25.19
25.87
26.53
27.17
27.82
28.50
29.19
29.86
30.53
31.22
31.90
32.60
33.22
33.83
34.53
35.22
35.90
36.59
37.29
38.00
38.71
39.38
40.08
40.77
41.47
42.17
42.84
43.50
44.16
44.81
45.49
46.17
46.88
47.60
48.30
48.98
49.68
50.38
51.00
51.62
52.21
52.81
53.41
53.92
54.43
54.96
55.46
55.96
56.45
56.94
57.42
57.93
58.44
58.96
59.45
59.95
60.45
60.95
61.45
61.96
62.46
62.98
63.51
64.04
64.55
65.06
65.64
66.21
66.79
67.45
68.10
68.77
69.43
70.08
70.72
71.37
72.01
72.66
