# Beats
0.62
1.24
1.87
2.50
3.08
3.66
4.24
4.89
5.54
6.18
6.82
7.45
8.10
8.75
9.36
9.96
10.57
11.17
11.77
12.38
12.98
13.49
14.00
14.51
15.01
15.51
16.01
16.50
16.99
17.47
18.00
18.53
19.06
19.64
20.22
20.81
21.39
21.97
22.59
23.21
23.82
24.44
25.05
25.66
26.27
26.88
27.48
28.08
28.68
29.26
29.84
30.42
31.01
31.60
32.18
32.86
33.53
34.23
34.92
35.61
36.29
36.99
37.69
38.38
39.06
39.72
40.38
41.04
41.67
42.30
42.91
43.47
44.03
44.59
45.16
45.73
46.30
46.87
47.44
48.04
48.65
49.25
49.85
50.46
51.07
51.69
52.30
52.92
53.58
54.24
54.90
55.57
56.23
56.91
57.60
58.27
58.94
59.58
60.23
60.88
61.39
61.92
62.42
62.90
63.39
63.88
64.33
64.78
65.24
65.69
66.14
66.59
66.99
67.38
67.78
68.17
68.58
68.99
69.39
69.80
70.22
70.62
71.04
71.42
71.81
72.19
72.57
72.92
73.28
73.63
73.98
74.43
74.88
75.35
75.80
76.25
76.72
77.18
77.68
78.18
78.68
79.15
79.62
80.09
80.54
80.99
81.46
81.91
82.36
82.80
83.24
83.68
84.13
84.57
85.01
85.45
85.89
86.36
86.82
87.28
87.78
88.28
88.78
89.33
89.86
90.40
90.92
91.44
91.96
92.50
93.03
93.56
94.09
94.62
95.16
95.68
96.20
96.73
97.28
97.81
98.34
98.87
99.40
99.85
100.28
100.70
101.13
101.56
101.99
102.42
102.85
103.28
103.71
104.14
104.57
105.00
105.42
105.85
106.28
106.70
107.13
107.55
107.98
108.48
108.97
109.47
109.97
110.46
110.94
111.44
111.90
112.35
112.80
113.27
113.73
114.20
114.67
115.15
115.62
116.09
116.56
117.04
117.47
117.91
118.34
118.77
119.19
119.61
120.02
120.49
120.95
121.41
121.97
122.54
123.11
123.69
124.27
124.84
125.41
125.98
126.55
127.11
127.67
128.24
128.81
129.49
130.15
130.94
131.72
132.50
133.29
134.05
134.80
135.56
136.30
137.06
137.82
138.59
139.34
140.11
140.88
141.54
142.20
142.74
143.29
143.85
144.38
144.93
145.47
146.02
146.56
147.11
147.64
148.18
148.78
149.39
149.99
150.58
151.17
151.78
152.37
152.96
153.51
154.04
154.59
155.13
155.67
156.20
156.73
157.27
157.78
158.30
158.81
159.34
159.87
160.40
160.87
161.33
161.80
162.25
162.70
163.16
163.62
164.08
164.55
165.02
165.51
165.99
166.46
166.93
167.39
167.87
168.38
168.89
169.39
169.90
170.41
170.91
171.41
171.91
172.44
172.97
173.50
174.05
174.59
175.14
175.68
176.23
176.77
177.20
177.63
178.06
178.47
178.87
179.28
179.69
180.08
180.48
180.86
181.25
181.65
182.04
182.44
182.83
183.24
183.65
184.08
184.55
185.03
185.50
185.98
186.46
186.93
187.33
187.72
188.12
188.51
188.89
189.29
189.67
190.07
190.47
190.88
191.29
191.69
192.06
192.44
192.81
193.18
193.55
193.91
194.27
194.64
195.00
195.36
195.72
196.08
196.44
196.80
197.16
197.52
197.94
198.34
198.75
199.16
199.56
199.97
200.38
200.78
201.19
201.60
202.00
202.40
202.78
203.16
203.55
203.92
204.29
204.66
205.10
205.54
205.98
206.43
206.87
207.31
207.75
208.19
208.63
209.08
209.53
209.99
210.45
210.93
211.42
211.89
212.51
213.11
213.72
214.33
214.95
215.59
216.21
216.83
217.40
217.97
218.55
219.13
219.71
220.29
220.87
221.44
222.03
222.60
223.18
223.75
224.34
224.87
225.41
225.95
226.50
227.04
227.59
228.14
228.67
229.22
229.75
230.34
230.92
231.50
232.08
232.66
233.24
233.84
234.43
234.99
235.53
236.08
236.51
236.94
237.35
237.77
238.19
238.61
239.03
239.44
239.86
240.27
240.67
241.09
241.51
241.94
242.37
242.80
243.24
243.67
244.10
244.53
244.96
245.50
246.05
246.58
247.13
247.68
248.21
248.74
249.28
249.80
250.33
250.87
251.40
251.94
252.47
252.99
253.53
254.05
254.48
254.91
255.34
255.77
256.20
256.63
257.06
257.43
257.80
258.16
258.58
259.00
259.41
259.83
260.25
260.67
261.09
261.50
