# Beats
0.45
0.92
1.37
1.83
2.30
2.76
3.23
3.69
4.16
4.62
5.09
5.55
6.11
6.66
7.23
7.80
8.37
8.94
9.52
10.09
10.65
11.19
11.74
12.28
12.83
13.39
13.94
14.50
15.03
15.57
16.09
16.63
17.16
17.69
18.16
18.62
19.09
19.55
20.02
20.48
20.94
21.41
21.87
22.38
22.89
23.41
23.92
24.43
24.94
25.45
25.97
26.49
27.10
27.70
28.40
29.09
29.77
30.44
31.11
31.75
32.40
33.03
33.67
34.30
34.91
35.53
36.13
36.73
37.33
37.92
38.51
39.07
39.62
40.17
40.72
41.26
41.75
42.24
42.72
43.19
43.65
44.12
44.58
45.05
45.51
45.98
46.44
46.90
47.37
47.76
48.16
48.53
48.90
49.28
49.67
50.05
50.43
50.82
51.20
51.58
51.97
52.35
52.74
53.13
53.53
53.92
54.32
54.72
55.12
55.52
55.91
56.31
56.70
57.09
57.48
57.86
58.25
58.63
59.01
59.40
59.78
60.17
60.56
60.94
61.34
61.72
62.10
62.53
62.96
63.39
63.82
64.20
64.59
64.97
65.35
65.76
66.17
66.57
66.99
67.41
67.83
68.23
68.64
69.06
69.47
69.90
70.32
70.74
71.15
71.55
71.96
72.36
72.77
73.19
73.61
74.03
74.44
74.86
75.28
75.70
76.13
76.56
76.97
77.39
77.81
78.22
78.62
79.03
79.44
79.84
80.25
80.65
81.06
81.48
81.90
82.31
82.72
83.13
83.53
83.94
84.35
84.76
85.17
85.59
86.01
86.41
86.82
87.23
87.63
88.04
88.44
88.84
89.25
89.65
90.07
90.49
90.91
91.32
91.75
92.18
92.61
93.04
93.47
93.92
94.37
94.81
95.25
95.69
96.13
96.57
97.01
97.45
97.88
98.30
98.73
99.15
99.57
99.99
100.39
100.80
101.22
101.63
102.06
102.48
102.86
103.26
103.65
104.08
104.52
104.95
105.40
105.82
106.25
106.68
107.18
107.68
108.18
108.69
109.20
109.71
110.24
110.75
111.26
111.76
112.26
112.76
113.23
113.71
114.17
114.64
115.10
115.57
116.04
116.52
116.99
117.46
117.93
118.40
118.87
119.35
119.83
120.30
120.69
121.07
121.45
121.84
122.22
122.60
122.97
123.34
123.72
124.09
124.47
124.83
125.19
125.56
125.92
126.37
126.84
127.30
127.77
128.15
128.52
128.89
129.27
129.64
130.01
130.38
130.76
131.13
131.51
131.88
132.25
132.62
133.00
133.39
133.85
134.30
134.76
135.21
135.67
136.14
136.60
137.07
137.53
138.00
138.46
138.92
139.39
139.85
140.32
140.77
141.22
141.69
142.15
142.62
143.08
143.55
144.01
144.43
144.85
145.26
145.67
146.08
146.48
146.88
147.37
147.85
148.33
148.86
149.40
149.92
150.49
151.07
151.67
152.28
152.88
153.46
154.04
154.64
155.24
155.83
156.44
157.06
157.69
158.30
158.92
159.52
160.14
160.67
161.22
161.76
162.30
162.83
163.36
163.89
164.41
164.93
165.38
165.84
166.30
166.73
167.16
167.59
168.01
168.43
168.86
169.27
169.69
170.11
170.52
170.92
171.33
171.73
172.13
172.52
172.91
173.29
173.69
174.07
174.45
174.85
175.24
175.64
176.03
176.43
176.82
177.20
177.61
178.00
178.40
178.79
179.19
179.58
179.98
180.37
180.77
181.17
181.58
181.99
182.39
182.79
183.17
183.57
183.95
184.34
184.74
185.12
185.52
185.90
186.28
186.67
187.05
187.43
187.81
188.20
188.58
188.96
189.35
189.73
190.12
190.51
190.89
191.27
191.66
192.04
192.41
192.80
193.18
193.56
193.94
194.33
194.72
195.11
195.50
195.90
196.28
196.66
197.04
197.43
197.82
198.22
198.61
199.00
199.39
199.78
200.18
200.57
200.97
201.35
201.73
202.13
202.52
202.92
203.31
203.71
204.12
204.52
204.92
205.31
205.71
206.10
206.51
206.91
207.32
207.73
208.13
208.54
208.96
209.36
209.78
210.20
210.62
211.02
211.42
211.81
212.22
212.64
213.05
213.48
213.90
214.31
214.71
215.13
215.59
216.04
216.48
216.92
217.43
217.94
218.45
218.95
219.45
219.96
220.47
220.98
221.50
222.01
222.52
223.03
223.53
224.04
224.49
224.95
225.42
225.88
226.35
226.82
227.29
227.76
228.24
228.86
229.46
230.04
230.63
231.22
231.82
232.36
232.90
233.42
233.94
234.45
234.94
235.43
235.95
236.47
236.99
237.52
