# Beats
0.48
0.95
1.43
1.94
2.45
3.00
3.55
4.11
4.62
5.17
5.67
6.18
6.71
7.22
7.73
8.24
8.78
9.24
9.72
10.19
10.66
11.13
11.59
12.10
12.62
13.07
13.56
14.02
14.51
14.98
15.46
15.95
16.44
16.93
17.37
17.82
18.29
18.74
19.20
19.69
20.15
20.62
21.06
21.50
21.99
22.43
22.89
23.36
23.81
24.31
24.80
25.29
25.77
26.28
26.81
27.38
27.92
28.58
29.28
29.95
30.63
31.35
32.03
32.69
33.32
33.97
34.67
35.32
35.94
36.59
37.33
38.03
38.75
39.49
40.17
40.90
41.60
42.21
42.83
43.47
44.07
44.65
45.23
45.80
46.41
47.04
47.67
48.30
48.95
49.62
50.26
50.87
51.53
52.24
52.96
53.71
54.45
55.12
55.80
56.44
57.05
57.70
58.26
58.85
59.40
59.95
60.53
61.05
61.59
62.11
62.66
63.17
63.73
64.18
64.60
65.04
65.50
65.97
66.46
66.94
67.43
67.92
68.37
68.85
69.31
69.73
70.08
70.43
70.80
71.13
71.52
71.87
72.21
72.61
72.98
73.38
73.75
74.11
74.48
74.90
75.26
75.63
76.02
76.42
76.78
77.18
77.52
77.83
78.16
78.46
78.83
79.23
79.64
80.02
80.48
80.97
81.46
81.94
82.45
82.98
83.45
83.89
84.36
84.80
85.19
85.61
86.01
86.42
86.84
87.30
87.72
88.12
88.54
88.93
89.36
89.77
90.19
90.57
91.00
91.42
91.82
92.24
92.67
93.09
93.48
93.90
94.30
94.74
95.20
95.67
96.11
96.51
96.99
97.48
97.94
98.45
98.92
99.38
99.87
100.35
100.80
101.18
101.56
101.95
102.33
102.71
103.11
103.53
103.93
104.32
104.71
105.09
105.47
105.87
106.27
106.70
107.16
107.65
108.16
108.67
109.18
109.71
110.23
110.70
111.20
111.69
112.18
112.66
113.10
113.56
114.01
114.43
114.82
115.24
115.67
116.08
116.49
116.91
117.35
117.82
118.24
118.65
119.07
119.50
119.93
120.35
120.77
121.23
121.65
122.07
122.53
122.97
123.39
123.81
124.27
124.74
125.20
125.65
126.14
126.60
127.05
127.45
127.91
128.34
128.78
129.20
129.61
130.05
130.47
130.96
131.45
131.94
132.45
133.00
133.54
134.05
134.57
135.11
135.53
135.98
136.42
136.81
137.18
137.60
138.04
138.46
138.83
139.20
139.58
139.99
140.41
140.83
141.26
141.66
142.11
142.52
142.97
143.41
143.82
144.28
144.68
145.11
145.52
145.91
146.33
146.75
147.17
147.59
148.00
148.42
148.82
149.25
149.62
150.06
150.47
150.86
151.30
151.72
152.11
152.56
152.97
153.38
153.74
154.11
154.46
154.83
155.20
155.57
155.97
156.33
156.69
157.05
157.41
157.76
158.10
158.48
158.82
159.16
159.52
159.87
160.21
160.59
160.96
161.34
161.77
162.24
162.66
163.11
163.56
164.01
164.42
164.86
165.30
165.73
166.21
166.70
167.18
167.67
168.22
168.76
169.27
169.81
170.34
170.88
171.43
171.96
172.50
173.06
173.64
174.20
174.78
175.36
175.89
176.47
177.03
177.61
178.19
178.82
179.42
180.16
180.87
181.61
182.30
182.97
183.69
184.37
185.02
185.69
186.37
187.07
187.64
188.22
188.80
189.38
189.94
190.52
191.10
191.69
192.38
193.05
193.68
194.28
194.83
195.36
195.86
196.35
196.87
197.39
197.95
198.51
199.06
199.55
200.04
200.55
201.02
201.43
201.86
202.25
202.62
202.99
203.38
203.76
204.13
204.53
204.88
205.29
205.72
206.10
206.50
