# Beats
0.38
0.79
1.21
1.63
2.04
2.45
2.86
3.33
3.82
4.31
4.79
5.28
5.77
6.23
6.69
7.14
7.59
8.05
8.50
8.94
9.39
9.85
10.30
10.75
11.20
11.66
12.13
12.61
13.07
13.55
14.02
14.50
14.92
15.34
15.77
16.18
16.61
17.04
17.47
17.90
18.32
18.74
19.17
19.60
20.03
20.45
20.94
21.44
21.93
22.43
22.94
23.45
24.08
24.71
25.33
25.96
26.58
27.23
27.88
28.63
29.37
30.12
30.85
31.53
32.22
32.90
33.59
34.26
34.93
35.61
36.29
36.97
37.65
38.34
39.02
39.69
40.38
41.06
41.73
42.39
43.05
43.73
44.42
45.10
45.78
46.46
47.14
47.81
48.49
49.18
49.86
50.55
51.23
51.93
52.52
53.10
53.71
54.31
54.92
55.52
56.12
56.76
57.39
58.02
58.64
59.27
59.84
60.41
60.98
61.56
62.14
62.74
63.34
63.94
64.53
65.13
65.74
66.33
66.93
67.55
68.16
68.79
69.42
70.08
70.74
71.44
72.12
72.81
73.40
73.99
74.51
75.04
75.57
76.10
76.64
77.17
77.69
78.20
78.73
79.28
79.85
80.56
81.26
81.97
82.67
83.35
84.01
84.66
85.31
85.96
86.54
87.12
87.68
88.22
88.77
89.29
89.81
90.34
90.82
91.31
91.79
92.28
92.75
93.24
93.73
94.21
94.70
95.24
95.77
96.30
96.84
97.38
97.93
98.50
99.07
99.68
100.30
100.90
101.51
102.11
102.73
103.34
103.96
104.54
105.11
105.67
106.23
106.80
107.38
107.98
108.59
109.19
109.81
110.42
111.04
111.66
112.28
112.91
113.50
114.09
114.68
115.28
115.86
116.44
117.02
117.60
118.18
118.76
119.25
119.73
120.23
120.71
121.20
121.68
122.18
122.67
123.16
123.65
124.12
124.62
125.02
125.40
125.77
126.13
126.50
126.90
127.29
127.69
128.06
128.44
128.82
129.20
129.59
129.99
130.37
130.75
131.12
131.52
131.90
132.27
132.66
133.03
133.40
133.78
134.16
134.55
134.95
135.37
135.78
136.20
136.61
137.03
137.45
137.86
138.26
138.66
139.04
139.45
139.84
140.23
140.63
141.04
141.43
141.83
142.23
142.64
143.03
143.44
143.84
144.23
144.64
145.03
145.41
145.80
146.18
146.56
146.96
147.35
147.74
148.12
148.51
148.93
149.34
149.73
150.14
150.55
150.95
151.36
151.77
152.17
152.59
153.00
153.41
153.83
154.24
154.66
155.07
155.47
155.86
156.26
156.65
157.06
157.47
157.88
158.31
158.73
159.14
159.54
159.95
160.36
160.75
161.15
161.55
161.96
162.35
162.75
163.13
163.53
163.92
164.33
164.73
165.15
165.57
165.96
166.35
166.72
167.10
167.50
167.89
168.28
168.66
169.03
169.40
169.78
170.19
170.60
171.00
171.41
171.82
172.22
172.63
173.04
173.44
173.84
174.23
174.63
175.03
175.43
175.82
176.22
176.60
177.01
177.40
177.80
178.19
178.58
178.98
179.36
179.76
180.15
180.54
180.92
181.31
181.71
182.10
182.50
182.89
183.29
183.68
184.09
184.48
184.88
185.26
185.66
186.04
186.43
186.83
187.22
187.62
188.00
188.38
188.77
189.16
189.54
189.94
190.37
190.79
191.20
191.62
192.03
192.45
192.86
193.27
193.69
194.12
194.55
194.97
195.37
195.79
196.21
196.61
197.01
197.42
197.81
198.21
198.60
199.01
199.41
199.81
200.20
200.60
200.99
201.39
201.79
202.19
202.57
202.95
203.34
203.73
204.12
204.50
204.88
205.28
205.66
206.05
206.44
206.83
207.23
207.62
208.00
208.40
208.81
209.21
209.62
210.02
210.43
210.84
211.23
211.63
212.02
212.42
212.82
213.23
213.62
214.02
214.42
214.83
215.24
215.64
216.04
216.43
216.83
217.21
217.61
218.00
218.38
218.78
219.17
219.56
219.94
220.33
220.74
221.14
221.54
221.94
222.34
222.75
223.14
223.54
223.93
224.33
224.72
225.13
225.52
225.93
226.32
226.72
227.11
227.49
227.86
228.23
228.61
229.00
229.39
229.80
230.19
230.57
230.96
231.34
231.72
232.11
232.49
232.87
233.26
233.65
234.03
234.42
234.80
235.18
235.57
235.95
236.33
236.73
237.12
237.51
237.89
238.27
238.65
239.04
239.42
239.80
240.20
240.58
240.97
241.35
241.73
242.11
242.47
242.85
243.23
243.61
244.00
244.39
244.77
245.14
245.52
245.90
246.28
246.67
247.04
247.42
247.79
248.17
248.56
248.95
249.35
249.74
250.11
250.50
250.88
251.26
251.66
252.05
252.44
252.82
253.20
253.59
253.96
254.34
254.72
255.11
255.49
255.87
256.26
256.63
257.00
257.37
257.74
258.12
258.50
258.88
259.26
259.65
260.02
260.39
260.77
261.15
261.54
261.92
262.29
262.68
263.06
263.45
263.84
264.22
264.60
264.99
265.37
265.75
266.14
266.53
266.91
267.30
267.68
268.06
268.46
268.84
269.22
