# Beats
0.58
1.07
1.56
2.05
2.55
3.02
3.48
3.96
4.44
4.91
5.40
5.87
6.35
6.83
7.30
7.78
8.27
8.74
9.18
9.61
10.05
10.48
10.92
11.37
11.80
12.20
12.61
13.01
13.43
13.85
14.26
14.68
15.05
15.42
15.79
16.17
16.56
16.94
17.31
17.69
18.09
18.48
18.88
19.27
19.67
20.05
20.43
20.90
21.35
21.80
22.27
22.74
23.22
23.70
24.09
24.47
24.85
25.22
25.59
25.96
26.33
26.70
27.10
27.49
27.88
28.27
28.67
29.06
29.44
29.83
30.21
30.60
30.99
31.37
31.75
32.14
32.53
32.91
33.30
33.69
34.09
34.47
34.85
35.22
35.58
35.96
36.33
36.70
37.07
37.56
38.05
38.53
39.01
39.49
39.96
40.48
41.02
41.55
42.09
42.61
43.20
43.78
44.36
44.93
45.50
46.11
46.73
47.35
47.95
48.55
49.16
49.76
50.36
50.94
51.53
52.01
52.49
52.98
53.46
53.88
54.30
54.73
55.11
55.50
55.89
56.27
56.66
57.05
57.45
57.85
58.25
58.62
59.00
59.39
59.77
60.15
60.52
60.88
61.27
61.64
62.02
62.40
62.79
63.17
63.54
63.92
64.30
64.67
65.04
65.41
65.78
66.18
66.56
66.93
67.30
67.67
68.05
68.42
68.79
69.17
69.54
69.90
70.26
70.62
71.00
71.37
71.74
72.11
72.47
72.84
73.21
73.58
73.97
74.35
74.75
75.14
75.52
75.91
76.29
76.66
77.04
77.42
77.79
78.16
78.54
78.91
79.30
79.67
80.04
80.41
80.78
81.14
81.50
81.87
82.25
82.60
82.99
83.38
83.77
84.15
84.53
84.92
85.30
85.67
86.03
86.38
86.74
87.11
87.48
87.88
88.26
88.68
89.07
89.47
89.86
90.23
90.60
90.99
91.37
91.74
92.11
92.49
92.87
93.24
93.62
94.01
94.38
94.75
95.12
95.49
95.85
96.21
96.57
96.95
97.33
97.70
98.07
98.42
98.78
99.14
99.51
99.88
100.26
100.65
101.02
101.39
101.76
102.13
102.50
102.88
103.25
103.62
104.00
104.39
104.76
105.13
105.50
105.87
106.23
106.59
106.96
107.33
107.71
108.09
108.47
108.86
109.23
109.62
110.00
110.39
110.77
111.15
111.54
111.92
112.31
112.72
113.10
113.49
113.87
114.27
114.66
115.04
115.43
115.81
116.19
116.56
116.95
117.32
117.70
118.07
118.44
118.83
119.22
119.61
119.99
120.37
120.77
121.16
121.56
121.95
122.35
122.74
123.14
123.52
123.90
124.28
124.67
125.05
125.43
125.82
126.19
126.56
126.93
127.32
127.70
128.06
128.44
128.81
129.18
129.56
129.90
130.28
130.65
131.02
131.38
131.75
132.12
132.49
132.86
133.24
133.60
133.97
134.34
134.71
135.08
135.45
135.85
136.23
136.60
137.01
137.42
137.82
138.21
138.58
138.96
139.34
139.71
140.09
140.47
140.85
141.24
141.61
141.98
142.36
142.74
143.12
143.49
143.86
144.22
144.59
144.96
145.33
145.71
146.08
146.45
146.83
147.21
147.61
148.00
148.39
148.76
149.13
149.50
149.87
150.24
150.62
151.00
151.37
151.74
152.13
152.50
152.87
153.24
153.61
153.98
154.37
154.74
155.11
155.48
155.85
156.22
156.60
156.97
157.34
157.72
158.10
158.49
158.87
159.24
159.60
159.97
160.35
160.72
161.09
161.47
161.84
162.23
162.60
162.98
163.38
163.77
164.17
164.56
164.95
165.35
165.74
166.14
166.56
166.96
167.36
167.73
168.10
168.47
168.87
169.26
169.63
170.00
170.39
170.76
171.13
171.51
171.90
172.27
172.64
173.01
173.38
173.75
174.14
174.50
174.86
175.22
175.60
175.98
176.37
176.74
177.11
177.48
177.84
178.24
178.61
178.98
179.36
179.75
180.13
180.52
180.92
181.30
181.68
182.07
182.44
182.81
183.18
183.57
183.94
184.31
184.68
185.04
185.41
185.78
186.15
186.53
186.90
187.28
187.65
188.02
188.40
188.76
189.13
189.50
189.88
190.31
190.72
191.14
191.55
191.95
192.34
192.74
193.14
193.54
193.93
194.33
194.71
195.08
195.45
195.83
196.20
196.57
196.96
197.37
