# Beats
0.43
0.88
1.35
1.81
2.28
2.75
3.18
3.61
4.04
4.46
4.88
5.28
5.70
6.12
6.55
6.97
7.43
7.89
8.36
8.82
9.36
9.89
10.43
10.96
11.49
12.05
12.61
13.14
13.65
14.15
14.68
15.19
15.71
16.23
16.73
17.24
17.74
18.23
18.73
19.23
19.67
20.11
20.55
20.99
21.43
21.87
22.31
22.76
23.20
23.65
24.10
24.56
25.02
25.45
25.89
26.31
26.73
27.13
27.56
27.99
28.41
28.84
29.26
29.68
30.09
30.49
30.91
31.30
31.70
32.09
32.47
32.87
33.25
33.65
34.03
34.41
34.80
35.18
35.56
35.94
36.32
36.71
37.11
37.48
37.86
38.27
38.73
39.20
39.66
40.11
40.58
41.03
41.47
41.92
42.38
42.84
43.33
43.79
44.26
44.72
45.19
45.65
46.11
46.59
47.07
47.52
47.95
48.39
48.83
49.28
49.73
50.18
50.62
51.06
51.50
52.01
52.52
53.02
53.50
53.99
54.46
54.95
55.45
55.94
56.42
56.91
57.40
57.86
58.35
58.85
59.35
59.85
60.37
60.88
61.49
62.07
62.65
63.23
63.82
64.41
65.00
65.60
66.18
66.77
67.27
67.77
68.27
68.72
69.16
69.61
70.01
70.40
70.79
71.17
71.55
71.94
72.32
72.70
73.10
73.48
73.87
74.28
74.68
75.08
75.46
75.85
76.23
76.61
77.00
77.39
77.79
78.18
78.59
78.97
79.34
79.73
80.10
80.46
80.83
81.19
81.55
81.90
82.27
82.64
83.00
83.36
83.73
84.10
84.47
84.83
85.21
85.57
85.93
86.29
86.66
87.05
87.42
87.79
88.18
88.55
88.92
89.28
89.65
90.02
90.37
90.73
91.09
91.44
91.78
92.15
92.53
92.90
93.27
93.65
94.03
94.41
94.78
95.25
95.70
96.15
96.60
97.04
97.48
97.92
98.35
98.78
99.20
99.59
99.99
100.38
100.80
101.19
101.59
101.97
102.35
102.73
103.10
103.47
103.85
104.30
104.73
105.16
105.56
105.94
106.32
106.72
107.11
107.50
107.90
108.30
108.69
109.09
109.48
109.85
110.24
110.62
110.99
111.36
111.73
112.11
112.49
112.87
113.34
113.80
114.27
114.79
115.30
115.91
116.54
117.17
117.77
118.38
118.89
119.37
119.86
120.35
120.84
121.35
121.86
122.37
122.89
123.39
123.88
124.39
124.83
125.26
125.69
126.12
126.57
127.04
127.51
127.98
128.43
128.88
129.34
129.78
130.24
130.77
131.27
131.78
132.35
132.93
133.50
134.10
134.70
135.28
135.88
136.48
137.07
137.66
138.27
138.90
139.51
140.14
140.77
141.39
141.99
142.58
143.24
143.92
144.61
145.31
146.01
146.70
147.40
148.10
148.84
149.58
150.33
151.05
151.77
152.49
153.24
153.99
154.69
155.38
156.05
156.72
157.41
158.06
158.70
159.35
160.01
160.67
161.32
161.98
162.63
163.29
163.89
164.47
164.95
165.43
165.92
166.42
166.92
167.42
167.92
168.38
168.83
169.30
169.78
170.27
170.75
171.25
171.76
172.25
172.70
173.15
173.60
174.05
174.50
174.94
175.39
175.82
176.26
176.70
177.15
177.57
178.00
178.42
178.85
179.30
179.73
180.19
180.63
181.07
181.51
181.95
182.40
182.83
183.26
183.69
184.12
184.56
185.00
185.43
185.85
186.27
186.69
187.11
187.54
187.98
188.41
188.85
189.27
189.71
190.12
190.55
190.98
191.43
191.88
192.33
192.77
193.22
193.69
194.17
194.63
195.09
195.57
196.05
196.50
196.94
197.37
197.81
198.25
198.69
199.13
199.55
199.98
200.42
200.85
201.29
201.73
202.15
202.59
203.02
203.45
203.89
204.34
204.77
205.19
205.61
206.04
206.47
206.89
207.31
207.73
208.14
208.56
208.97
209.39
209.82
210.25
210.66
211.09
211.50
211.93
212.35
212.76
213.18
213.60
214.03
214.45
214.87
215.30
215.72
216.17
216.60
217.01
217.43
217.85
218.28
218.71
219.14
219.57
219.99
220.40
220.83
221.25
221.68
222.10
222.54
222.98
223.41
223.84
224.27
224.77
225.27
225.77
226.28
226.77
227.27
227.76
228.28
228.79
229.30
229.81
230.32
230.83
231.33
