# Beats
0.48
0.96
1.45
1.94
2.41
2.89
3.36
3.82
4.28
4.76
5.22
5.70
6.16
6.64
7.12
7.59
8.07
8.54
9.01
9.49
9.96
10.45
10.92
11.40
11.88
12.35
12.83
13.29
13.77
14.25
14.72
15.20
15.67
16.15
16.63
17.10
17.57
18.03
18.51
18.99
19.48
19.97
20.45
20.92
21.40
21.86
22.34
22.81
23.29
23.77
24.24
24.72
25.19
25.67
26.16
26.64
27.13
27.63
28.13
28.63
29.13
29.63
30.01
30.39
30.78
31.16
31.52
31.88
32.24
32.61
33.01
33.39
33.77
34.14
34.56
34.99
35.41
35.83
36.25
36.68
37.09
37.51
37.94
38.36
38.82
39.29
39.75
40.31
40.88
41.44
42.04
42.64
43.27
43.90
44.52
45.14
45.77
46.39
47.01
47.64
48.25
48.87
49.48
50.11
50.67
51.23
51.80
52.31
52.83
53.34
53.85
54.36
54.86
55.34
55.83
56.32
56.81
57.30
57.77
58.26
58.75
59.23
59.72
60.22
60.72
61.22
61.71
62.19
62.67
63.15
63.62
64.10
64.60
65.09
65.60
66.12
66.63
67.13
67.63
68.13
68.61
69.10
69.59
70.08
70.58
71.06
71.55
72.04
72.53
73.03
73.51
74.00
74.55
75.09
75.64
76.18
76.73
77.26
77.80
78.34
78.88
79.42
79.97
80.53
81.07
81.62
82.18
82.72
83.27
83.81
84.36
84.90
85.44
