# Beats
0.51
1.04
1.60
2.15
2.71
3.15
3.60
4.04
4.47
4.90
5.34
5.77
6.21
6.65
7.11
7.57
8.01
8.45
8.96
9.47
10.00
10.52
11.03
11.54
12.06
12.59
13.11
13.56
14.00
14.42
14.85
15.33
15.80
16.28
16.87
17.45
18.03
18.62
19.20
19.78
20.36
20.97
21.56
22.15
22.76
23.36
23.95
24.54
25.14
25.69
26.26
26.84
27.42
27.99
28.57
29.13
29.71
30.37
31.05
31.70
32.35
32.97
33.58
34.18
34.80
35.42
35.99
36.56
37.14
37.62
38.10
38.58
39.06
39.52
40.00
40.48
40.96
41.42
41.91
42.40
42.89
43.37
43.86
44.35
44.84
45.33
45.81
46.30
46.81
47.32
47.83
48.34
48.85
49.44
50.03
50.67
51.33
52.01
52.70
53.38
54.08
54.78
55.46
56.16
56.80
57.43
58.05
58.65
59.26
59.86
60.46
61.06
61.67
62.30
62.96
63.62
64.25
64.88
65.50
66.13
66.77
67.36
67.96
68.50
69.04
69.59
70.11
70.65
71.17
71.70
72.23
72.76
73.28
73.79
74.33
74.86
75.40
75.92
76.46
77.01
77.54
78.07
78.58
79.09
79.60
80.13
80.64
81.15
81.66
82.15
82.65
83.14
83.64
84.13
84.64
85.05
85.47
85.89
86.27
86.67
87.05
87.43
87.89
88.35
88.82
89.16
89.51
89.85
90.19
90.53
90.86
91.18
91.53
91.88
92.23
92.55
92.88
93.20
93.55
93.90
94.25
94.57
94.92
95.32
95.71
96.12
96.62
97.12
97.62
98.14
98.65
99.15
99.64
100.15
100.65
101.17
101.69
102.21
102.73
103.25
103.78
104.37
104.95
105.60
106.24
107.01
107.76
108.51
109.26
109.98
110.69
111.40
112.11
112.80
113.45
114.13
114.79
115.45
116.10
116.76
117.41
118.05
118.68
119.33
119.97
120.65
121.34
122.03
122.73
123.41
124.11
124.83
125.53
126.22
126.92
127.63
128.30
128.96
129.64
130.31
130.91
131.52
132.12
132.73
133.31
133.91
134.51
135.12
135.72
136.32
136.88
137.44
138.00
138.57
139.11
139.67
140.20
140.74
141.31
141.87
142.44
142.99
143.53
144.08
144.63
145.18
145.73
146.29
146.82
147.35
147.89
148.45
148.98
149.50
150.02
150.45
150.91
151.37
151.82
152.28
152.71
153.15
153.58
153.99
154.41
154.83
155.25
155.67
156.08
156.49
156.90
157.29
157.70
158.10
158.52
159.01
159.47
159.94
160.42
160.88
161.33
161.77
162.23
162.68
163.12
163.56
164.00
164.47
164.92
165.40
165.86
166.32
166.81
167.30
167.79
168.29
168.80
169.32
169.82
170.32
170.83
171.34
171.84
172.36
172.90
173.41
173.92
174.45
174.97
175.43
175.88
176.34
176.80
177.24
177.69
178.14
178.53
178.90
179.26
179.62
179.98
180.35
180.71
181.09
181.46
181.82
182.18
182.56
182.94
183.33
183.72
184.10
184.46
184.84
185.23
185.62
185.99
186.36
186.73
187.11
187.50
187.90
188.29
188.69
189.13
189.60
190.06
190.52
190.98
191.45
191.87
192.27
192.68
193.07
193.47
193.86
194.25
194.63
195.00
195.37
195.74
196.12
196.50
196.88
197.25
197.65
198.02
198.39
198.76
199.13
199.52
199.90
200.26
200.64
201.02
201.39
201.77
202.13
202.50
202.85
203.22
203.58
204.10
204.60
205.24
205.87
206.48
207.10
207.71
208.34
208.96
209.54
210.14
210.73
211.26
211.78
212.30
212.82
213.33
213.86
214.37
214.89
215.39
215.90
216.40
216.92
217.43
