# Beats
0.64
1.30
1.95
2.60
3.19
3.78
4.38
4.86
5.35
5.83
6.30
6.78
7.27
7.74
8.22
8.71
9.23
9.74
10.25
10.72
11.19
11.66
12.12
12.59
13.05
13.51
13.98
14.44
14.91
15.38
15.85
16.31
16.78
17.24
17.83
18.41
18.99
19.61
20.21
20.87
21.54
22.20
22.87
23.53
24.22
24.90
25.52
26.13
26.74
27.26
27.79
28.33
28.84
29.35
29.86
30.38
30.91
31.47
32.04
32.61
33.18
33.75
34.31
34.86
35.42
35.99
36.55
37.11
37.66
38.22
38.78
39.33
39.90
40.46
41.02
41.59
42.14
42.70
43.26
43.80
44.36
44.92
45.49
46.06
46.64
47.22
47.87
48.52
49.17
49.82
50.47
51.10
51.72
52.30
52.90
53.49
54.07
54.66
55.19
55.74
56.29
56.80
57.31
57.82
58.33
58.83
59.32
59.84
60.36
60.89
61.35
61.80
62.24
62.69
63.15
63.61
64.08
64.54
65.02
65.50
65.99
66.48
67.05
67.63
68.19
68.75
69.31
69.87
70.43
71.00
71.63
72.27
72.90
73.53
74.15
74.66
75.17
75.67
76.18
76.71
77.23
77.75
78.29
78.81
79.33
79.87
80.41
80.96
81.50
82.04
82.56
83.09
83.63
84.17
84.71
85.23
85.76
86.29
86.82
87.35
87.84
88.33
88.82
89.23
89.65
90.07
90.49
90.91
91.31
91.72
92.13
92.54
92.96
93.38
93.80
94.20
94.62
95.03
95.42
95.82
96.21
96.62
97.02
97.44
97.85
98.29
98.73
99.17
99.61
100.04
100.47
100.90
101.29
101.67
102.05
102.43
102.83
103.21
103.61
103.99
104.33
104.68
105.04
105.38
105.73
106.08
106.43
106.78
107.13
107.46
107.80
108.15
108.48
108.81
109.13
109.46
109.80
110.14
110.49
110.84
111.19
111.53
111.87
112.21
112.55
112.90
113.23
113.58
113.93
114.27
114.60
114.94
115.29
115.64
115.98
116.33
116.68
117.03
117.38
117.71
118.05
118.40
118.75
119.10
119.43
119.77
120.12
120.57
121.02
121.49
121.94
122.39
122.85
123.29
123.73
124.17
124.61
125.03
125.43
125.85
126.26
126.66
127.08
127.50
127.93
128.36
128.79
129.22
129.65
130.08
130.51
130.93
131.34
131.76
132.18
132.52
132.85
133.19
133.53
133.85
134.19
134.52
134.86
135.19
135.52
135.86
136.20
136.52
136.86
137.20
137.54
137.89
138.26
138.65
139.02
139.39
139.76
140.13
140.49
140.86
141.22
141.58
141.94
142.30
142.68
143.05
143.42
143.79
144.15
144.50
144.86
145.21
145.54
145.94
146.33
146.73
147.16
147.59
148.02
148.45
148.87
149.30
149.72
150.14
150.55
150.95
151.37
151.79
152.20
152.61
153.04
153.53
154.02
154.51
154.96
155.41
155.86
156.29
156.72
157.15
157.52
157.88
158.24
158.60
158.96
159.31
159.67
160.02
160.37
160.72
161.07
161.41
