# Beats
0.39
0.79
1.18
1.60
2.02
2.43
2.81
3.20
3.58
3.97
4.35
4.74
5.13
5.53
5.92
6.29
6.65
7.04
7.43
7.83
8.22
8.61
9.01
9.38
9.76
10.15
10.52
10.91
11.31
11.69
12.07
12.46
12.85
13.24
13.63
14.02
14.41
14.79
15.17
15.56
15.95
16.35
16.74
17.14
17.52
17.91
18.30
18.69
19.09
19.48
19.88
20.27
20.67
21.07
21.46
21.85
22.23
22.62
23.00
23.39
23.78
24.17
24.54
24.94
25.31
25.70
26.08
26.47
26.84
27.24
27.63
28.00
28.40
28.78
29.16
29.56
29.95
30.35
30.74
31.11
31.49
31.87
32.25
32.65
33.04
33.41
33.79
34.19
34.59
34.97
35.35
35.74
36.12
36.50
36.90
37.30
37.71
38.10
38.48
38.88
39.26
39.66
40.05
40.43
40.82
41.22
41.60
42.00
42.41
42.82
43.20
43.58
43.97
44.35
44.72
45.12
45.50
45.87
46.25
46.65
47.04
47.44
47.83
48.23
48.62
49.03
49.40
49.76
50.13
50.53
50.93
51.34
51.73
52.13
52.54
52.94
53.35
53.75
54.16
54.57
54.97
55.38
55.79
56.19
56.61
57.02
57.43
57.86
58.29
58.71
59.13
59.55
59.97
60.38
60.79
61.20
61.60
62.01
62.42
62.83
63.24
63.65
64.04
64.44
64.83
65.25
65.65
66.06
66.48
66.87
67.27
67.66
68.06
68.45
68.86
69.24
69.64
70.01
70.37
70.73
71.08
71.42
71.77
72.11
72.47
72.82
73.17
73.51
73.86
74.21
74.63
75.02
75.41
75.81
76.21
76.60
77.01
77.44
77.86
78.25
78.65
79.04
79.44
79.83
80.22
80.62
81.01
81.41
81.80
82.20
82.57
82.98
83.39
83.80
84.20
84.59
84.96
85.34
85.73
86.12
86.52
86.90
87.31
87.71
88.11
88.49
88.89
89.30
89.71
90.13
90.53
90.94
91.34
91.73
92.11
92.51
92.89
93.29
93.69
94.10
94.48
94.89
95.29
95.69
96.08
96.47
96.86
97.27
97.67
98.08
98.48
98.89
99.29
99.68
100.10
100.52
100.94
101.33
101.72
102.12
102.52
102.92
103.33
103.72
104.11
104.49
104.87
105.26
105.64
106.02
106.39
106.77
107.14
107.51
107.89
108.25
108.65
109.03
109.41
109.81
110.20
110.61
111.01
111.41
111.80
112.20
112.58
112.99
113.38
113.79
114.20
114.59
115.00
115.40
115.80
116.20
116.61
117.01
117.41
117.79
118.18
118.56
119.05
119.56
120.06
120.58
121.12
121.63
122.17
122.72
123.25
123.86
124.48
125.11
125.72
126.34
126.97
127.62
128.24
128.85
129.45
130.07
130.68
131.29
131.91
132.49
133.07
133.65
134.22
134.79
135.35
135.91
136.46
136.95
137.45
137.95
138.45
138.96
139.46
139.92
140.39
140.86
141.34
141.83
142.32
142.79
143.28
143.77
144.24
144.72
145.19
145.66
146.13
146.60
147.08
147.56
148.06
148.55
149.03
149.51
150.00
150.50
150.98
151.46
151.95
152.42
152.90
153.34
153.76
154.20
154.62
155.04
155.48
155.91
156.37
156.83
157.29
157.80
158.31
158.80
159.34
159.87
160.40
160.94
161.48
162.03
162.57
163.10
163.63
164.17
164.69
165.21
165.74
166.28
166.81
167.37
167.92
168.39
168.88
169.41
169.91
170.41
170.97
171.50
172.05
172.57
173.10
173.64
174.20
174.73
175.26
175.80
176.33
176.87
177.40
177.95
178.42
178.89
179.35
179.84
180.33
180.80
181.29
181.74
182.21
182.67
183.14
183.61
184.08
184.67
185.25
185.86
186.46
187.07
187.65
188.24
188.82
189.38
189.94
190.50
191.05
191.62
192.19
192.76
193.33
193.91
194.49
195.08
195.65
196.23
196.80
197.37
197.95
198.51
199.09
199.67
200.26
200.85
201.43
202.01
202.62
203.22
203.84
204.47
205.09
205.71
206.33
206.94
207.54
208.14
208.75
209.36
209.91
210.45
211.01
211.56
212.10
212.63
213.15
213.67
214.20
214.74
215.27
215.78
216.29
216.82
217.30
217.80
218.30
218.80
219.29
219.78
220.26
220.78
221.27
221.80
222.31
222.82
223.26
223.71
224.17
224.63
225.07
225.52
226.03
226.53
227.04
227.53
228.03
228.53
229.03
229.54
230.05
230.56
231.06
231.55
231.94
232.34
232.76
233.15
233.55
233.95
234.37
234.78
235.18
235.59
236.02
236.45
236.88
237.31
237.75
238.13
238.50
238.86
239.24
239.62
240.00
240.40
240.78
241.16
241.52
241.89
242.25
242.57
242.90
243.25
243.57
243.90
244.23
244.56
244.90
245.25
245.60
245.93
246.27
246.60
247.01
247.46
247.90
248.34
248.78
249.22
249.65
250.10
250.54
251.00
251.44
251.89
252.32
252.69
253.07
253.47
253.85
254.26
254.66
255.05
255.45
255.84
256.23
256.60
257.09
257.58
258.07
258.54
259.03
259.52
260.01
260.48
260.97
261.48
262.04
262.62
263.17
263.74
264.30
264.87
