# Beats
0.64
1.28
1.93
2.57
3.19
3.82
4.46
5.10
5.72
6.37
7.02
7.66
8.28
8.89
9.52
10.14
10.74
11.34
11.98
12.62
13.25
13.86
14.48
15.12
15.74
16.36
17.00
17.61
18.22
18.82
19.44
20.02
20.62
21.21
21.82
22.44
23.06
23.68
24.31
24.93
25.54
26.15
26.74
27.36
28.00
28.63
29.25
29.85
30.45
31.06
31.68
32.31
32.93
33.55
34.18
34.80
35.41
36.03
36.64
37.26
37.86
38.46
39.08
39.71
40.31
40.91
41.53
42.13
42.74
43.35
43.96
44.58
45.21
45.82
46.43
47.03
47.65
48.26
48.88
49.49
50.10
50.70
51.30
51.92
52.55
53.17
53.79
54.42
55.04
55.67
56.30
56.90
57.52
58.13
58.75
59.36
59.97
60.58
61.20
61.81
62.42
63.02
63.63
64.25
64.85
65.47
66.08
66.70
67.31
67.94
68.56
69.16
69.78
70.39
71.01
71.62
72.24
72.84
73.46
74.07
74.69
75.30
75.92
76.53
77.15
77.78
78.39
78.99
79.60
80.22
80.79
81.35
81.91
82.48
83.03
83.60
84.17
84.74
85.31
85.88
86.45
87.02
87.60
88.17
88.72
89.29
89.86
90.42
90.99
91.54
92.10
92.67
93.23
93.79
94.35
94.91
95.47
96.04
96.61
97.19
97.76
98.32
98.89
99.46
100.03
100.60
101.17
101.74
102.31
102.88
103.44
104.00
104.58
105.16
105.73
106.30
106.86
107.42
107.98
108.54
109.10
109.67
110.24
110.81
111.37
111.94
112.51
113.09
113.66
114.23
114.80
115.37
115.94
116.51
117.06
117.63
118.20
118.78
119.35
119.91
120.37
120.83
121.28
121.72
122.15
122.58
123.01
123.45
123.90
124.35
124.81
125.26
125.70
126.14
126.58
127.02
127.48
127.93
128.38
128.84
129.28
129.73
130.18
130.64
131.08
131.52
131.96
132.41
132.85
133.31
133.75
134.20
134.64
135.09
135.53
135.98
136.42
136.87
137.32
137.78
138.23
138.67
139.11
139.55
139.99
140.45
140.90
141.35
141.79
142.23
142.69
143.14
143.58
144.03
144.49
144.94
145.39
145.84
146.30
146.75
147.20
147.66
148.10
148.55
149.00
149.47
149.91
150.35
150.79
151.24
151.70
152.14
152.59
153.03
153.47
153.93
154.35
154.80
155.24
155.69
156.14
156.60
157.04
157.48
157.92
158.35
158.79
159.24
159.70
160.16
160.61
161.07
161.52
161.96
162.39
162.84
163.29
163.75
164.20
164.64
165.09
165.55
165.99
166.44
166.91
167.39
167.87
