# Beats
0.37
0.73
1.07
1.39
1.74
2.08
2.43
2.76
3.10
3.44
3.77
4.14
4.50
4.85
5.20
5.53
5.89
6.23
6.59
6.94
7.28
7.62
7.98
8.32
8.66
8.99
9.32
9.66
10.01
10.36
10.70
11.05
11.41
11.76
12.12
12.47
12.82
13.17
13.51
13.86
14.21
14.55
14.90
15.24
15.58
15.92
16.27
16.64
17.01
17.37
17.72
18.07
18.43
18.77
19.12
19.50
19.89
20.27
20.64
21.00
21.36
21.73
22.11
22.48
22.85
23.22
23.57
23.92
24.25
24.60
24.94
25.31
25.66
25.99
26.32
26.68
27.02
27.36
27.70
28.05
28.39
28.75
29.09
29.44
29.79
30.14
30.49
30.84
31.18
31.54
31.89
32.25
32.61
32.95
33.29
33.63
33.97
34.31
34.66
35.00
35.35
35.70
36.05
36.39
36.72
37.07
37.42
37.77
38.12
38.46
38.79
39.14
39.49
39.85
40.19
40.55
40.90
41.26
41.61
41.95
42.28
42.63
42.97
43.29
43.63
43.99
44.34
44.69
45.02
45.37
45.72
46.07
46.42
46.76
47.10
47.45
47.80
48.15
48.49
48.83
49.18
49.54
49.89
50.24
50.60
50.94
51.29
51.64
51.99
52.34
52.67
53.01
53.36
53.71
54.06
54.40
54.75
55.09
55.44
55.77
56.11
56.46
56.80
57.14
57.48
57.83
58.19
58.56
58.92
59.27
59.62
59.97
60.31
60.66
61.02
61.37
61.72
62.07
62.40
62.74
63.08
63.43
63.76
64.10
64.45
64.80
65.14
65.48
65.83
66.17
66.51
66.86
67.20
67.55
67.88
68.23
68.57
68.91
69.24
69.58
69.93
70.28
70.61
70.96
71.31
71.66
71.99
72.34
72.69
73.04
73.40
73.75
74.09
74.45
74.83
75.20
75.56
75.94
76.32
76.71
77.09
77.45
77.81
78.17
78.53
78.92
79.31
79.70
80.11
80.50
80.89
81.26
81.63
82.01
82.40
82.77
83.13
83.49
83.84
84.20
84.56
84.90
85.28
85.64
85.98
86.33
86.68
87.03
87.39
87.75
88.11
88.44
88.78
89.12
89.45
89.80
90.15
90.50
90.86
91.22
91.57
91.92
92.25
92.60
92.94
93.29
93.65
93.99
94.34
94.69
95.03
95.38
95.74
96.10
96.44
96.78
97.12
97.48
97.81
98.16
98.51
98.85
99.20
99.54
99.89
100.25
100.61
101.05
101.45
101.87
102.27
102.68
103.08
103.49
103.90
104.30
104.70
105.12
105.60
106.09
106.57
107.16
107.75
108.33
108.92
109.51
110.09
110.67
111.26
111.86
112.45
113.03
113.63
114.21
114.80
115.39
115.98
116.59
117.19
117.79
118.42
119.06
119.70
120.33
120.93
121.53
122.13
122.72
123.31
123.91
124.52
125.11
125.71
126.30
126.73
127.16
127.59
128.02
128.45
128.86
129.27
129.66
130.05
130.45
130.84
131.24
131.63
132.02
132.41
132.82
133.22
133.63
134.03
134.41
134.80
135.20
135.60
136.01
136.41
136.79
137.18
137.58
137.96
138.34
138.73
139.12
139.51
139.90
140.29
140.69
141.08
141.48
141.87
142.28
142.68
143.08
143.48
143.89
144.31
144.72
145.11
145.52
145.90
146.29
146.68
147.08
147.46
147.84
148.22
148.63
149.03
149.42
149.80
150.19
150.59
150.99
151.38
151.79
152.18
152.58
152.98
153.39
153.79
154.18
154.56
154.96
155.35
155.74
156.13
156.54
156.94
157.34
157.73
158.13
158.52
158.91
159.30
159.70
160.08
160.46
160.86
161.26
161.67
162.09
162.48
162.89
163.29
163.69
164.08
164.47
164.86
165.26
165.65
166.05
166.44
166.84
167.23
167.62
168.02
168.41
168.81
169.22
169.62
170.02
170.41
170.81
171.20
171.58
171.96
172.34
172.73
173.13
173.52
173.94
174.36
174.78
175.21
175.64
176.07
176.49
176.96
177.44
177.91
178.40
178.87
179.34
179.80
180.26
180.83
181.38
