# Beats
0.36
0.74
1.13
1.50
1.86
2.22
2.58
2.95
3.31
3.67
4.03
4.41
4.78
5.15
5.54
5.89
6.26
6.62
6.99
7.36
7.72
8.09
8.45
8.80
9.17
9.53
9.89
10.24
10.60
10.97
11.34
11.70
12.07
12.45
12.83
13.19
13.56
13.91
14.26
14.64
15.00
15.36
15.74
16.10
16.46
16.85
17.21
17.58
17.93
18.29
18.65
19.03
19.39
19.75
20.12
20.48
20.83
21.19
21.55
21.92
22.27
22.65
23.02
23.38
23.74
24.10
24.49
24.86
25.22
25.57
25.93
26.28
26.63
27.00
27.38
27.77
28.14
28.51
28.87
29.25
29.61
29.98
30.35
30.72
31.09
31.43
31.79
32.15
32.53
32.88
33.24
33.60
33.97
34.35
34.71
35.09
35.43
35.79
36.15
36.52
36.87
37.24
37.60
37.96
38.32
38.71
39.08
39.43
39.79
40.15
40.50
40.89
41.26
41.61
41.97
42.32
42.68
43.06
43.44
43.82
44.18
44.56
44.93
45.30
45.66
46.05
46.44
46.83
47.21
47.62
48.03
48.45
48.88
49.31
49.74
50.16
50.58
51.00
51.41
51.83
52.33
52.83
53.32
53.80
54.28
54.73
55.17
55.61
56.05
56.51
56.96
57.40
57.84
58.26
58.70
59.13
59.58
60.02
60.46
60.91
61.35
61.79
62.23
62.67
63.11
63.56
64.02
64.46
64.91
65.36
65.79
66.22
66.66
67.11
67.55
67.98
68.43
68.88
69.32
69.75
70.21
70.65
71.09
71.54
71.99
72.43
72.89
73.32
73.76
74.20
74.65
75.09
75.53
75.98
76.41
76.86
77.30
77.74
78.18
78.62
79.06
79.51
79.95
80.39
80.83
81.26
81.72
82.16
82.62
83.06
83.49
83.93
84.37
84.80
85.24
85.68
86.12
86.56
87.01
87.43
87.89
88.34
88.79
89.23
89.68
90.12
90.57
91.01
91.45
91.89
92.33
92.79
93.23
93.67
94.11
94.55
94.99
95.43
95.88
96.32
96.76
97.20
97.64
98.09
98.55
98.99
99.43
99.87
100.31
100.75
101.19
101.63
102.07
102.52
102.96
103.41
103.86
104.32
104.77
105.22
105.66
106.10
106.54
106.97
107.42
107.86
108.30
108.74
109.18
109.62
110.06
110.50
110.94
111.39
111.83
112.27
112.71
113.15
113.59
114.03
114.46
114.90
115.36
115.81
116.26
116.72
117.17
117.61
118.05
118.50
118.94
119.39
119.84
120.28
120.72
121.16
121.59
122.02
122.44
122.89
123.32
123.76
124.20
124.66
125.11
125.55
125.99
126.43
126.87
127.32
127.76
128.20
128.64
129.08
129.52
129.96
130.43
130.87
131.32
131.76
132.19
132.63
133.07
133.50
133.94
134.37
134.82
135.28
135.72
136.16
136.61
137.07
137.51
137.95
138.39
138.84
139.30
139.73
140.18
140.63
141.06
141.50
141.94
142.38
142.83
143.24
143.69
144.13
144.57
145.01
145.45
145.91
146.36
146.82
147.26
147.69
148.14
148.60
149.03
149.46
149.88
150.33
150.77
151.21
151.65
152.09
152.53
152.97
153.41
153.88
154.32
154.76
155.21
155.67
156.11
156.55
156.99
157.43
157.87
158.31
158.74
159.18
159.61
160.06
160.48
160.93
161.37
161.82
162.26
162.71
163.17
163.61
164.06
164.51
164.95
165.42
165.88
166.35
166.84
167.32
167.80
168.26
168.72
169.17
169.60
170.05
170.50
170.95
171.39
171.83
172.27
172.71
173.15
173.58
174.01
174.46
174.92
175.47
176.04
176.61
177.26
177.91
178.57
179.21
179.86
180.51
181.16
181.80
182.45
183.11
183.76
184.41
185.04
185.67
