# Beats
0.65
1.31
1.97
2.64
3.24
3.84
4.45
4.95
5.45
5.93
6.40
6.85
7.30
7.72
8.15
8.57
8.99
9.40
9.82
10.24
10.66
11.06
11.47
11.88
12.24
12.60
12.96
13.37
13.79
14.21
14.61
15.01
15.42
15.84
16.23
16.65
17.07
17.46
17.90
18.32
18.75
19.18
19.57
19.97
20.36
20.76
21.15
21.57
21.97
22.37
22.78
23.19
23.57
23.96
24.36
24.78
25.17
25.55
25.94
26.33
26.73
27.05
27.38
27.70
28.05
28.39
28.73
29.09
29.44
29.79
30.14
30.49
30.82
31.18
31.58
31.97
32.35
32.76
33.16
33.58
33.99
34.41
34.83
35.24
35.64
36.06
36.49
36.92
37.41
37.88
38.35
38.75
39.15
39.54
39.94
40.34
40.73
41.12
41.52
41.89
42.26
42.63
43.00
43.40
43.79
44.15
44.63
45.10
45.58
46.06
46.51
46.96
47.42
47.88
48.36
48.83
49.34
49.84
50.34
50.85
51.36
51.87
52.38
52.90
53.41
53.88
54.36
54.83
55.30
55.76
56.23
56.66
57.09
57.52
57.95
58.37
58.80
59.23
59.65
60.07
60.49
60.93
61.37
61.81
62.25
62.66
63.07
63.47
63.88
64.27
64.67
65.06
65.46
65.85
66.25
66.64
67.06
67.48
67.90
68.31
68.73
69.15
69.57
70.00
70.43
70.86
71.29
71.71
72.14
72.57
73.00
73.43
73.86
74.29
74.71
75.13
75.55
75.98
76.41
76.83
77.25
77.64
78.02
78.40
78.79
79.17
79.55
79.93
80.32
80.70
81.08
81.47
81.87
82.28
82.69
83.09
83.50
83.91
84.31
84.71
85.08
85.45
85.82
86.20
86.61
87.01
87.39
87.79
88.19
88.58
88.99
89.41
89.81
90.23
90.63
91.05
91.46
91.88
92.30
92.72
93.14
93.56
93.97
94.39
94.82
95.23
95.64
96.06
96.46
96.85
97.22
97.59
97.99
98.41
98.80
99.20
99.57
99.96
100.33
100.70
101.09
101.48
101.87
102.25
102.64
103.05
103.46
103.86
104.26
104.65
105.06
105.45
105.86
106.25
106.65
107.02
107.40
107.81
108.20
108.62
109.05
109.48
109.91
110.32
110.72
111.13
111.55
111.98
112.41
112.83
113.24
113.66
114.10
114.63
115.16
115.68
116.19
116.72
117.26
117.84
118.42
118.99
119.58
120.15
120.72
121.28
121.86
122.43
123.00
123.58
124.16
124.74
125.32
125.89
126.48
127.06
127.63
128.22
128.80
129.36
129.94
130.52
131.10
131.68
132.25
132.79
133.33
133.83
134.32
134.82
135.28
135.74
136.19
136.63
137.09
137.56
138.00
138.46
138.92
139.39
139.91
140.41
140.92
141.43
141.94
142.45
142.98
143.50
144.01
144.57
145.14
145.69
146.24
146.80
147.38
147.93
148.49
149.01
149.55
150.07
150.60
151.14
151.61
152.09
152.58
153.05
153.47
153.88
154.30
154.71
155.12
155.53
155.93
156.40
156.87
157.35
157.86
158.37
158.88
159.39
159.85
160.29
160.75
161.20
161.66
162.08
162.48
162.89
163.31
163.75
164.19
164.63
165.07
165.51
165.95
166.39
166.86
167.32
167.79
168.22
168.65
169.09
169.53
169.97
170.41
170.85
171.31
171.73
172.15
172.58
173.01
173.44
173.86
174.25
174.64
175.01
175.43
175.86
176.30
176.73
177.17
177.60
178.05
178.54
179.03
179.50
180.00
180.50
181.00
181.50
182.00
182.51
183.04
183.59
184.11
184.65
185.17
185.70
186.27
186.86
187.45
188.04
188.63
189.21
189.78
190.35
190.91
191.48
192.03
192.56
193.10
193.70
194.32
194.93
195.55
196.16
196.77
197.39
198.02
198.65
199.18
199.71
200.25
200.81
201.34
201.87
202.41
202.95
203.50
204.09
204.70
205.29
205.89
206.50
207.12
207.75
208.35
208.96
209.56
210.16
210.77
211.36
211.95
212.53
213.11
213.68
214.25
214.81
215.38
215.92
216.48
216.97
217.44
217.92
218.38
218.86
219.35
219.85
220.25
220.67
221.09
221.52
221.91
222.31
222.74
223.17
223.58
224.00
224.42
