# Beats
0.62
1.24
1.87
2.50
3.13
3.77
4.41
5.03
5.64
6.22
6.80
7.38
7.96
8.54
9.15
9.75
10.36
10.95
11.54
12.12
12.70
13.28
13.80
14.33
14.85
15.33
15.80
16.28
16.71
17.14
17.58
18.03
18.46
18.90
19.37
19.83
20.29
20.74
21.18
21.61
22.06
22.50
22.94
23.39
23.85
24.29
24.73
25.17
25.62
26.09
26.54
27.00
27.45
27.89
28.33
28.77
29.22
29.68
30.12
30.57
31.01
31.45
31.90
32.35
32.80
33.26
33.72
34.16
34.61
35.04
35.48
35.92
36.36
36.80
37.24
37.69
38.13
38.56
39.01
39.45
39.90
40.33
40.79
41.24
41.68
42.12
42.57
43.03
43.47
43.91
44.36
44.81
45.29
45.77
46.25
46.73
47.21
47.67
48.12
48.58
49.04
49.48
49.92
50.36
50.82
51.27
51.71
52.16
52.63
53.08
53.56
54.06
54.54
55.03
55.51
55.98
56.45
56.92
57.40
57.85
58.31
58.76
59.22
59.65
60.10
60.56
61.02
61.49
61.95
62.42
62.88
63.34
63.79
64.25
64.71
65.18
65.64
66.11
66.56
67.01
67.47
67.92
68.39
68.85
69.31
69.78
70.24
70.70
71.17
71.63
72.10
72.56
72.98
73.41
73.84
74.28
74.72
75.15
75.58
76.01
76.43
76.85
