# Beats
0.57
1.15
1.73
2.31
2.97
3.62
4.27
4.95
5.62
6.28
6.94
7.57
8.20
8.82
9.45
10.08
10.69
11.30
11.91
12.52
13.13
13.73
14.34
14.93
15.53
16.13
16.70
17.28
17.86
18.44
19.01
19.57
20.15
20.75
21.33
21.91
22.48
23.06
23.64
24.22
24.81
25.40
25.98
26.56
27.14
27.72
28.27
28.82
29.36
29.88
30.41
30.94
31.46
31.99
32.51
33.07
33.62
34.19
34.74
35.28
35.82
36.36
36.90
37.45
38.01
38.64
39.23
39.82
40.41
40.99
41.58
42.16
42.74
43.32
43.90
44.47
45.05
45.63
46.20
46.78
47.36
47.94
48.52
49.10
49.69
50.27
50.85
51.42
51.99
52.57
53.14
53.72
54.29
54.87
55.46
56.04
56.63
57.23
57.83
58.40
58.97
59.54
60.10
60.67
61.25
61.83
62.40
62.87
63.32
63.79
64.25
64.71
65.17
65.58
66.00
66.41
66.83
67.22
67.60
67.99
68.37
68.75
69.14
69.52
69.90
70.29
70.67
71.05
71.44
71.82
72.19
72.57
72.95
73.32
73.69
74.05
74.45
74.86
75.27
75.67
76.06
76.44
76.83
77.23
77.64
78.04
78.46
78.84
79.23
79.61
79.98
80.36
80.75
81.12
81.50
81.89
82.27
82.65
83.03
83.45
83.86
84.27
84.67
85.11
85.55
86.00
86.39
86.78
87.18
87.57
87.97
88.36
88.76
89.15
89.55
89.93
90.31
90.70
91.07
91.45
91.85
92.24
92.62
93.02
93.41
93.82
94.21
94.60
94.98
95.34
95.72
96.08
96.46
96.84
97.22
97.59
97.96
98.34
98.72
99.11
99.51
99.90
100.30
100.68
101.08
101.47
101.85
102.24
102.63
103.03
103.42
103.79
104.18
104.57
104.97
105.35
105.73
106.12
106.50
106.88
107.26
107.67
108.05
108.44
108.83
109.24
109.64
110.03
110.42
110.82
111.19
111.55
111.92
112.31
112.70
113.06
113.43
113.82
114.21
114.58
114.96
115.35
115.73
116.11
116.48
116.87
117.25
117.63
118.00
118.39
118.77
119.16
119.56
119.95
120.35
120.74
121.13
121.51
121.90
122.30
122.68
123.08
123.47
123.87
124.25
124.63
125.02
125.41
125.79
126.17
126.55
126.93
127.32
127.70
128.09
128.48
128.86
129.24
129.64
130.02
130.40
130.80
131.19
131.59
131.98
132.37
132.74
133.12
133.51
134.01
134.51
135.01
135.41
135.79
136.20
136.58
136.96
137.36
137.75
138.15
138.53
138.91
139.30
139.67
140.05
140.43
140.82
141.21
141.60
141.99
142.38
142.76
143.14
143.52
143.92
144.30
144.68
145.07
145.46
145.84
146.23
146.62
147.01
147.39
147.76
148.14
148.54
148.91
149.28
149.66
150.06
150.44
150.83
151.21
151.60
151.99
152.37
152.75
153.14
153.52
153.89
154.27
154.68
155.06
155.45
155.84
156.24
156.63
157.01
157.41
157.81
158.21
158.60
159.00
159.39
159.79
160.19
160.61
161.04
161.45
161.87
162.27
162.67
163.07
163.48
163.87
164.27
164.66
165.05
165.43
165.83
166.22
166.60
166.99
167.38
167.76
168.15
168.53
168.91
169.30
169.69
170.09
170.48
170.86
171.25
171.63
172.00
172.37
172.76
173.15
173.52
173.91
174.30
174.70
175.09
175.47
175.86
176.24
176.63
177.03
177.41
177.78
178.17
178.55
178.93
179.33
179.71
180.11
180.49
180.90
181.29
181.70
182.13
182.54
182.95
183.33
183.73
184.11
184.51
184.89
185.28
185.68
186.07
186.47
186.86
187.27
187.66
188.05
188.44
188.82
189.21
189.59
189.97
190.35
190.73
191.10
191.47
191.84
192.23
192.61
192.98
193.35
193.72
194.12
194.51
194.91
195.30
195.70
196.09
196.48
196.85
197.22
197.59
197.97
198.36
198.74
199.12
199.52
199.90
200.28
200.68
201.06
201.44
201.83
202.22
202.62
203.00
203.40
203.79
204.18
204.57
204.94
205.31
205.69
206.07
206.44
206.82
207.20
207.59
207.96
208.35
208.74
209.12
209.50
209.89
210.28
210.66
211.06
211.45
211.85
212.23
212.61
213.01
213.40
213.79
214.17
214.55
214.95
215.33
215.72
216.12
216.50
216.89
217.26
217.64
218.02
218.41
218.79
219.17
219.56
219.95
220.35
220.75
221.16
221.63
222.11
222.57
223.04
223.49
223.96
