# Beats
0.57
1.14
1.68
2.23
2.76
3.27
3.80
4.32
4.85
5.40
5.92
6.46
6.98
7.53
8.08
8.64
9.22
9.78
10.33
10.89
11.44
11.98
12.52
13.05
13.58
14.12
14.66
15.21
15.74
16.28
16.82
17.37
17.91
18.46
19.02
19.59
20.14
20.71
21.23
21.73
22.24
22.76
23.27
23.79
24.31
24.82
25.30
25.77
26.26
26.78
27.31
27.84
28.40
28.93
29.48
30.04
30.58
31.14
31.76
32.39
32.94
33.49
34.04
34.54
35.05
35.55
36.06
36.56
37.06
37.56
38.05
38.55
39.07
39.57
40.05
40.55
41.05
41.55
42.05
42.55
43.04
43.54
44.05
44.57
45.12
45.63
46.14
46.67
47.18
47.68
48.20
48.74
49.24
49.74
50.24
50.76
51.29
51.82
52.33
52.85
53.36
53.87
54.38
54.89
55.41
55.94
56.45
56.98
57.52
58.03
58.54
59.07
59.58
60.12
60.63
61.16
61.68
62.18
62.71
63.23
63.76
64.30
64.83
65.35
65.88
66.41
66.94
67.45
67.96
68.48
68.99
69.53
70.08
70.59
71.10
71.60
72.10
72.61
73.11
73.61
74.12
74.61
75.12
75.64
76.16
76.70
77.22
77.73
78.23
78.75
79.26
79.76
80.25
80.75
81.27
81.80
82.31
82.83
83.34
83.85
84.36
84.87
85.39
85.91
86.42
86.94
87.45
87.97
88.50
89.01
89.51
90.04
90.56
91.08
91.58
92.07
92.58
93.10
93.62
94.13
94.62
95.14
95.64
96.15
96.66
97.16
97.69
98.22
98.75
99.30
99.86
100.41
100.97
101.47
101.97
102.47
102.98
103.50
104.01
104.48
104.95
105.42
105.87
106.34
106.79
107.32
107.87
108.48
109.09
109.69
110.39
111.10
111.78
112.45
113.15
113.82
114.57
115.32
116.06
116.82
117.49
118.15
118.89
119.62
120.35
121.09
121.81
122.55
123.29
