# Beats
0.53
1.08
1.64
2.18
2.67
3.17
3.66
4.14
4.54
4.92
5.29
5.69
6.08
6.47
6.87
7.26
7.64
8.03
8.42
8.82
9.22
9.61
10.00
10.39
10.75
11.11
11.47
11.83
12.24
12.65
13.05
13.47
13.89
14.30
14.70
15.08
15.48
15.86
16.24
16.64
17.04
17.44
17.81
18.19
18.58
18.97
19.34
19.73
20.11
20.49
20.87
21.27
21.66
22.06
22.47
22.86
23.24
23.63
24.01
24.39
24.79
25.19
25.61
26.01
26.39
26.78
27.20
27.61
28.00
28.39
28.79
29.18
29.57
29.95
30.34
30.72
31.10
31.46
31.83
32.21
32.58
32.95
33.32
33.67
34.03
34.40
34.77
35.13
35.49
35.85
36.20
36.57
36.94
37.33
37.72
38.10
38.50
38.88
39.26
39.66
40.12
40.55
40.97
41.40
41.87
42.34
42.83
43.33
43.83
44.33
44.84
45.33
45.81
46.30
46.81
47.31
47.73
48.13
48.54
48.97
49.39
49.81
50.22
50.62
51.00
51.39
51.76
52.15
52.55
52.95
53.36
53.78
54.20
54.59
54.98
55.40
55.80
56.19
56.58
56.96
57.35
57.75
58.14
58.55
58.96
59.36
59.74
60.13
60.51
60.87
61.23
61.60
61.97
62.35
62.68
63.02
63.38
63.74
64.09
64.44
64.78
65.13
65.48
65.83
66.19
66.56
66.94
67.33
67.71
68.10
68.51
68.89
69.30
69.69
70.08
70.47
70.87
71.26
71.68
72.09
72.52
72.98
73.43
73.89
74.36
74.84
75.31
75.78
76.20
76.61
77.03
77.46
77.89
78.32
78.75
79.17
79.59
80.00
80.43
80.86
81.28
81.73
82.19
82.64
83.09
83.58
84.07
84.56
85.05
85.55
86.05
86.56
87.07
87.59
88.10
88.61
89.12
89.63
90.14
90.64
91.10
91.57
92.03
92.53
93.03
93.53
94.03
94.52
95.00
95.49
95.97
96.46
97.02
97.57
98.13
98.67
99.22
99.75
100.28
100.80
101.22
101.65
102.07
102.52
102.96
103.40
103.83
104.22
104.61
104.99
105.37
105.76
106.14
106.51
106.88
107.25
107.62
108.00
108.34
108.72
109.09
109.45
109.81
110.17
110.53
110.90
111.25
111.63
112.02
112.42
112.81
113.22
113.63
114.02
114.40
114.87
115.36
115.84
116.26
116.69
117.12
117.55
117.98
118.40
118.84
119.28
119.71
120.13
120.56
120.99
121.42
121.87
122.33
122.78
123.23
123.72
124.19
124.67
125.11
125.55
125.97
126.42
126.87
127.34
127.79
128.22
128.64
129.06
129.49
129.92
130.36
130.80
131.23
131.65
132.08
132.49
132.93
133.40
133.84
134.28
134.73
135.16
135.62
136.07
136.52
136.97
137.42
