# Beats
0.38
0.78
1.17
1.57
1.96
2.36
2.75
3.15
3.54
3.94
4.33
4.73
5.12
5.49
5.86
6.25
6.62
6.99
7.36
7.76
8.15
8.54
8.94
9.31
9.71
10.10
10.50
10.89
11.27
11.66
12.17
12.68
13.19
13.69
14.19
14.70
15.19
15.66
16.15
16.65
17.14
17.60
18.07
18.55
19.03
19.57
20.11
20.65
21.22
21.78
22.35
22.92
23.48
23.92
24.36
24.79
25.24
25.68
26.12
26.56
27.02
27.47
27.92
28.42
28.93
29.44
29.95
30.44
30.94
31.44
31.95
32.46
32.97
33.49
34.01
34.50
34.99
35.50
36.01
36.52
37.05
37.56
38.07
38.59
39.10
39.60
40.12
40.62
41.13
41.64
42.14
42.66
43.12
43.58
44.05
44.51
44.95
45.40
45.84
46.22
46.60
46.99
47.38
47.79
48.17
48.58
48.98
49.37
49.76
50.16
50.60
51.06
51.55
52.01
52.48
52.92
53.37
53.80
54.22
54.65
55.16
55.68
56.20
56.73
57.24
57.75
58.18
58.61
59.05
59.52
60.00
60.48
61.00
61.53
62.06
62.64
63.20
63.79
64.37
64.95
65.55
66.18
66.79
67.41
68.03
68.66
69.30
69.92
70.55
71.19
71.87
72.54
73.18
73.84
74.49
75.15
75.79
76.44
77.10
77.75
78.41
78.94
79.48
80.02
80.46
80.89
81.30
81.73
82.16
82.58
83.01
83.46
83.93
84.38
84.83
85.29
85.75
86.22
86.67
87.12
87.57
88.07
88.57
89.07
89.57
90.07
90.58
91.09
91.59
92.10
92.60
93.11
93.66
94.20
94.75
95.35
95.94
96.55
97.13
97.71
98.30
98.87
99.45
100.05
100.64
101.22
101.80
102.39
102.85
103.33
103.79
104.27
104.75
105.21
105.67
106.14
106.58
107.03
107.49
107.93
108.39
108.86
109.32
109.78
110.26
110.74
111.20
111.63
112.06
112.50
112.95
113.39
113.85
114.29
114.75
115.21
115.67
116.12
116.59
117.05
117.48
117.92
118.36
118.82
119.26
119.70
120.12
120.57
121.02
121.48
121.92
122.37
122.81
123.26
123.72
124.18
124.63
125.09
125.54
125.99
126.60
127.20
127.78
128.38
128.98
129.57
130.15
130.75
131.36
131.95
132.53
133.10
133.67
134.23
134.79
135.37
135.95
136.53
137.13
137.71
138.27
138.86
139.44
140.03
140.62
141.21
141.80
142.38
142.95
143.52
144.11
144.68
145.28
145.87
146.46
147.04
147.63
148.21
148.82
149.42
149.99
150.58
151.20
151.79
152.39
152.98
153.55
154.12
154.58
155.00
155.46
155.90
156.37
156.84
157.29
157.76
158.21
158.66
159.13
159.57
160.02
160.47
160.83
161.20
161.56
161.94
162.30
162.63
162.98
163.33
163.68
164.05
164.42
164.79
165.16
165.52
165.88
166.25
166.64
167.00
167.37
167.73
168.09
168.46
168.83
169.19
169.58
169.94
170.27
170.66
171.03
171.39
171.73
172.11
172.48
172.84
173.20
173.56
173.92
174.28
174.64
175.01
175.38
175.75
176.15
176.54
176.91
177.28
177.64
178.00
178.42
178.84
179.27
179.68
180.16
180.65
181.14
181.61
182.11
182.60
183.08
183.57
184.04
184.60
185.16
185.71
186.26
186.83
187.35
187.86
188.36
188.87
189.38
189.90
190.42
190.91
191.41
191.92
192.44
192.93
193.45
193.94
194.44
194.94
195.44
195.95
196.42
196.87
197.32
197.78
198.23
198.68
199.23
199.78
200.32
200.79
201.29
201.78
202.27
202.76
203.23
203.72
204.21
204.68
205.28
205.87
206.46
207.16
207.87
208.56
209.26
209.95
210.65
211.30
211.95
212.58
213.21
213.84
214.44
215.02
215.62
216.22
216.84
217.44
218.04
218.57
219.10
219.61
220.10
220.58
221.07
221.56
222.06
222.56
223.06
223.57
224.10
224.61
225.11
225.61
