# Beats
0.49
0.93
1.34
1.74
2.16
2.60
3.07
3.52
3.97
4.44
4.92
5.41
5.92
6.41
6.88
7.36
7.81
8.27
8.71
9.15
9.59
10.01
10.44
10.84
11.26
11.68
12.12
12.56
13.01
13.40
13.76
14.12
14.49
14.86
15.21
15.56
15.91
16.25
16.61
16.97
17.32
17.69
18.07
18.41
18.76
19.11
19.55
19.99
20.45
20.90
21.36
21.83
22.27
22.71
23.15
23.61
24.08
24.53
24.98
25.52
26.04
26.56
27.07
27.59
28.08
28.61
29.12
29.72
30.33
30.93
31.53
32.14
32.72
33.30
33.90
34.50
35.10
35.67
36.22
36.77
37.22
37.69
38.16
38.64
39.10
39.57
40.02
40.50
40.98
41.47
41.84
42.21
42.57
42.93
43.33
43.75
44.15
44.56
44.95
45.36
45.77
46.17
46.59
47.02
47.45
47.95
48.44
48.90
49.45
49.98
50.53
51.08
51.62
52.15
52.71
53.24
53.75
54.28
54.80
55.26
55.74
56.22
56.70
57.19
57.68
58.14
58.63
59.09
59.63
60.16
60.70
61.29
61.86
62.45
63.04
63.62
64.19
64.77
65.34
65.96
66.56
67.13
67.71
68.28
68.85
69.42
70.01
70.59
71.17
71.70
72.26
72.79
73.35
73.91
74.49
75.07
75.63
76.21
76.79
77.37
77.94
78.51
79.09
79.67
80.25
80.82
81.39
81.99
82.58
83.17
83.75
84.33
84.92
85.50
86.10
86.63
87.19
87.74
88.26
88.77
89.28
89.81
90.33
90.84
91.35
91.86
92.35
92.86
93.34
93.86
94.35
94.85
95.35
95.88
96.39
96.94
97.48
98.01
98.55
99.06
99.61
100.18
100.75
101.29
101.82
102.35
102.89
103.42
103.96
104.50
105.05
105.60
106.14
106.70
107.24
107.79
108.34
108.90
109.45
109.99
110.55
111.11
111.66
112.22
112.78
113.27
113.74
114.27
114.82
115.38
115.94
116.49
117.03
117.55
118.07
118.58
119.07
119.56
120.05
120.53
121.02
121.52
122.00
122.49
122.94
123.41
123.90
124.39
124.88
125.34
125.82
126.29
126.78
127.26
127.74
128.24
128.73
129.22
129.68
130.15
130.62
131.01
131.41
131.83
132.24
132.66
133.07
133.48
133.90
134.33
134.73
135.14
135.56
135.98
136.39
136.80
137.21
137.60
138.03
138.51
138.97
139.46
139.99
140.50
140.99
141.48
141.98
142.48
142.99
143.48
143.96
144.45
144.92
145.40
145.98
146.59
147.14
147.71
148.28
148.83
149.40
149.95
150.53
151.10
151.67
152.24
152.82
153.29
153.75
154.20
154.67
155.11
155.56
156.01
156.49
156.96
157.41
157.86
158.31
158.75
159.21
159.67
160.15
160.61
161.05
161.51
161.96
162.40
162.84
163.28
163.70
164.11
164.54
165.01
165.49
165.96
166.44
166.92
167.42
167.90
168.45
168.97
169.52
170.06
170.60
171.13
171.64
172.15
172.66
173.17
173.71
174.24
174.78
175.31
175.84
176.38
176.91
177.45
177.96
178.49
179.04
179.56
180.07
180.58
181.09
181.66
182.23
182.83
183.45
184.04
184.63
185.24
185.81
186.39
186.97
187.55
188.12
188.69
189.15
189.61
190.07
190.54
191.00
191.45
191.91
192.38
192.82
193.26
193.70
194.17
194.70
195.23
195.77
196.29
196.81
197.35
197.83
198.32
198.81
199.31
199.80
200.28
200.74
201.20
201.65
202.09
202.49
202.90
203.31
203.72
204.13
204.54
204.94
205.36
205.79
206.19
206.59
206.99
207.38
207.77
208.17
208.58
209.01
209.42
209.79
210.16
210.52
210.88
211.26
211.63
212.00
212.37
212.74
213.14
213.54
214.04
214.52
214.99
215.47
215.93
216.41
216.89
217.36
217.84
218.31
218.79
219.27
219.73
220.23
220.75
221.29
221.80
222.33
222.87
223.39
223.91
224.46
224.98
225.51
226.07
226.63
227.20
227.69
228.18
228.67
229.16
229.67
230.16
230.64
231.13
231.62
232.11
232.62
233.13
233.62
234.13
