# Beats
0.60
1.21
1.81
2.41
3.04
3.66
4.28
4.88
5.46
6.05
6.64
7.23
7.79
8.36
8.93
9.50
10.07
10.62
11.18
11.74
12.34
12.96
13.57
14.19
14.80
15.43
16.06
16.68
17.31
17.94
18.56
19.19
19.82
20.43
21.04
21.64
22.23
22.81
23.39
24.00
24.61
25.22
25.81
26.40
26.99
27.60
28.20
28.72
29.26
29.80
30.35
30.89
31.42
31.94
32.46
32.95
33.44
33.94
34.44
34.93
35.42
35.90
36.39
36.87
37.38
37.91
38.42
38.94
39.46
40.12
40.79
41.44
42.09
42.74
43.39
44.04
44.70
45.36
46.01
46.56
47.10
47.62
48.15
48.67
49.19
49.71
50.24
50.77
51.32
51.86
52.42
52.96
53.52
54.09
54.65
55.25
55.86
56.45
57.04
57.62
58.20
58.79
59.39
60.04
60.69
61.34
61.97
62.62
63.29
63.92
64.56
65.20
65.83
66.47
67.09
67.71
68.34
68.95
69.58
70.22
70.86
71.49
72.12
72.75
73.39
74.03
74.66
75.30
75.93
76.56
77.17
77.80
78.43
78.96
79.49
80.03
80.49
80.96
81.42
81.87
82.33
82.79
83.26
83.71
84.17
84.64
85.11
85.59
86.06
86.56
87.05
87.54
88.04
88.55
89.06
89.57
90.07
90.57
91.07
91.57
92.08
92.59
93.10
93.61
94.08
94.54
95.12
95.69
96.26
96.84
97.41
97.98
98.56
99.13
99.76
100.40
101.04
101.70
102.35
103.02
103.68
104.34
105.00
