# Beats
0.58
1.17
1.75
2.33
2.93
3.54
4.16
4.75
5.34
5.93
6.52
7.12
7.71
8.30
8.90
9.46
10.02
10.63
11.26
11.89
12.52
13.14
13.77
14.40
15.00
15.62
16.23
16.83
17.44
18.01
18.56
19.13
19.67
20.20
20.74
21.20
21.66
22.14
22.60
23.08
23.56
24.03
24.50
24.96
25.43
25.89
26.37
26.76
27.16
27.55
27.93
28.37
28.82
29.26
29.70
30.09
30.49
30.88
31.28
31.67
32.07
32.46
32.87
33.27
33.68
34.09
34.49
34.90
35.29
35.69
36.10
36.50
36.91
37.34
37.77
38.20
38.68
39.17
39.66
40.23
40.80
41.37
41.94
42.50
43.07
43.63
44.20
44.77
45.35
45.92
46.49
47.07
47.65
48.23
48.81
49.39
49.97
50.56
51.15
51.76
52.33
52.91
53.49
54.07
54.65
55.23
55.81
56.38
56.96
57.54
58.12
58.71
59.29
59.86
60.43
61.01
61.59
62.17
62.74
63.31
63.89
64.37
64.84
65.32
65.83
66.34
66.85
67.31
67.78
68.24
68.73
69.22
69.69
70.17
70.65
71.12
71.59
72.05
72.53
72.93
73.33
73.72
74.12
74.50
74.88
75.28
75.67
76.06
76.44
76.82
77.21
77.59
77.98
78.38
78.79
79.20
79.61
80.02
80.42
80.83
81.22
81.77
82.31
82.86
83.42
83.96
84.52
85.08
85.62
86.17
86.78
87.40
88.00
88.61
89.22
89.84
90.45
90.93
91.41
91.89
92.36
92.82
93.27
93.72
94.16
94.60
95.04
95.52
95.99
96.47
96.89
97.30
97.72
98.14
98.56
98.99
99.42
99.85
100.26
100.69
101.18
101.69
102.20
102.73
103.25
103.77
104.34
104.91
105.51
106.12
106.72
107.40
108.09
108.76
109.40
110.04
110.68
111.32
111.96
112.59
113.22
113.85
114.43
115.01
115.59
116.13
116.68
117.24
117.75
118.26
118.77
119.27
119.77
120.26
120.74
121.23
121.72
122.11
122.52
122.93
123.33
123.76
124.19
124.63
125.07
125.52
125.96
126.40
126.83
127.26
127.70
128.14
128.58
129.01
129.53
130.05
130.57
131.09
131.60
132.12
132.62
133.13
133.64
134.15
134.66
135.16
135.67
136.17
136.67
137.14
137.60
138.08
138.55
139.03
139.49
139.97
140.43
140.90
141.36
141.83
142.29
142.81
143.35
143.88
144.42
144.95
145.48
146.02
146.55
147.10
147.63
148.18
148.71
149.26
149.79
150.31
150.84
151.37
151.89
152.42
152.94
153.46
153.98
154.51
154.99
155.48
155.97
156.44
156.92
157.40
157.87
158.35
158.82
159.30
159.79
160.26
160.74
161.22
161.69
162.17
162.64
163.12
163.61
164.10
164.58
165.09
165.60
166.13
166.65
167.17
167.69
168.22
168.73
169.25
169.76
170.27
170.78
171.22
171.67
172.11
172.54
172.97
173.40
173.88
174.37
174.86
175.35
175.80
176.26
176.73
177.10
177.47
177.84
178.21
178.60
178.98
179.36
179.75
180.20
180.65
181.09
181.55
181.99
182.44
182.88
183.32
183.76
184.27
184.78
185.30
185.81
186.32
186.83
187.33
187.83
188.34
188.77
189.20
189.63
190.06
190.48
190.91
191.33
191.76
192.19
192.61
193.03
193.45
193.86
194.28
194.76
195.22
195.69
196.15
196.67
197.21
197.74
198.28
198.80
199.32
199.83
200.35
200.88
201.39
201.90
202.42
202.94
203.46
203.99
204.51
205.03
205.55
206.08
206.61
207.15
207.67
208.29
208.91
209.53
210.29
211.06
211.82
212.59
213.36
214.19
215.02
215.84
216.67
217.47
218.27
219.09
219.92
220.74
221.56
222.39
223.20
224.01
224.84
225.65
226.46
227.28
228.11
228.86
229.60
230.33
231.07
231.83
232.57
233.30
234.06
234.81
235.57
236.29
236.99
237.70
238.32
238.93
239.48
240.01
240.55
241.09
241.63
242.15
242.68
243.22
243.75
244.30
244.84
245.34
245.84
246.35
246.84
247.33
247.80
248.35
248.89
249.43
249.94
250.44
250.94
251.44
251.94
252.44
252.95
253.46
253.97
254.48
254.99
255.50
256.02
256.56
257.08
257.53
258.00
258.46
258.94
259.41
259.88
260.32
260.75
261.19
261.61
262.04
262.46
262.88
263.31
263.74
264.17
264.59
265.01
265.43
265.85
266.29
266.73
267.17
267.61
268.04
268.48
268.91
269.34
269.77
270.20
270.68
271.15
271.63
272.09
272.57
273.04
273.58
274.11
274.65
275.18
275.71
276.25
276.75
277.26
277.76
278.28
278.80
279.32
279.85
280.37
280.88
281.40
281.93
282.46
282.99
283.53
284.11
284.69
285.27
285.85
286.43
287.06
287.70
288.32
288.95
289.58
290.24
290.90
291.57
292.25
292.87
293.51
294.15
294.79
295.43
296.10
296.77
297.45
298.12
298.84
299.56
300.29
301.02
301.74
302.46
