# Beats
0.42
0.85
1.28
1.70
2.14
2.57
3.01
3.44
3.87
4.30
4.69
5.09
5.48
5.87
6.29
6.71
7.13
7.57
8.01
8.44
8.88
9.37
9.87
10.38
10.87
11.35
11.84
12.33
12.82
13.33
13.79
14.26
14.70
15.13
15.56
16.00
16.44
16.88
17.32
17.79
18.33
18.87
19.39
19.92
20.45
21.08
21.73
22.38
23.03
23.68
24.36
25.03
25.66
26.28
26.89
27.50
28.12
28.72
29.35
29.98
30.62
31.25
31.88
32.52
33.03
33.53
34.04
34.53
35.02
35.53
36.06
36.61
37.14
37.59
38.03
38.49
38.92
39.36
39.80
40.24
40.69
41.15
41.59
42.04
42.48
42.93
43.33
43.72
44.13
44.54
44.93
45.31
45.72
46.07
46.41
46.74
47.08
47.42
47.81
48.20
48.60
48.97
49.35
49.74
50.12
50.54
50.96
51.36
51.78
52.27
52.78
53.29
53.80
54.30
54.80
55.26
55.73
56.20
56.67
57.14
57.61
58.07
58.51
58.98
59.43
59.91
60.40
60.88
61.35
61.80
62.25
62.72
63.18
63.63
64.11
64.57
65.06
65.60
66.12
66.64
67.16
67.70
68.22
68.73
69.24
69.75
70.29
70.82
71.33
71.84
72.35
72.85
73.38
73.89
74.43
74.98
75.55
76.09
76.65
77.22
77.76
78.32
78.85
79.37
79.90
80.43
80.98
81.53
82.06
82.59
83.13
83.75
84.38
84.92
85.47
86.04
86.54
87.03
87.52
88.03
88.55
89.05
89.57
90.08
90.58
91.07
91.57
92.07
92.62
93.18
93.75
94.32
94.88
95.45
96.03
96.62
97.21
97.80
98.41
99.01
99.59
100.18
100.77
101.40
102.03
102.68
103.33
103.97
104.61
105.23
105.88
106.53
107.18
107.83
108.48
109.13
109.76
110.40
111.03
111.66
112.29
112.93
113.48
114.01
114.50
114.99
115.48
115.98
116.48
116.97
117.47
117.98
118.49
119.05
119.63
120.20
120.77
121.32
121.90
122.50
123.09
123.67
124.25
124.82
125.32
125.83
126.33
126.82
127.32
127.80
128.29
128.78
129.27
129.71
130.16
130.61
131.05
131.51
131.96
132.39
132.84
133.28
133.72
134.12
134.51
134.91
135.29
135.69
136.06
136.44
136.81
137.20
137.58
137.96
138.34
138.72
139.11
139.49
139.88
140.25
