# Beats
0.84
1.70
2.55
3.37
4.18
5.02
5.86
6.71
7.52
8.32
9.04
9.78
10.40
11.02
11.63
12.25
12.86
13.47
14.06
14.66
15.28
15.88
16.49
17.10
17.72
18.34
18.96
19.52
20.07
20.64
21.18
21.71
22.26
22.80
23.34
23.87
24.39
24.92
25.45
25.97
26.51
27.04
27.56
28.07
28.67
29.26
29.86
30.45
31.05
31.65
32.24
32.86
33.46
34.04
34.64
35.25
35.81
36.34
36.90
37.44
38.00
38.55
39.09
39.65
40.19
40.76
41.33
41.83
42.33
42.82
43.25
43.68
44.11
44.54
44.98
45.40
45.80
46.23
46.63
47.04
47.46
47.88
48.30
48.74
49.17
49.60
50.04
50.60
51.15
51.72
52.28
52.84
53.38
53.96
54.54
55.08
55.60
56.12
56.65
57.17
57.72
58.26
58.79
59.30
59.81
60.35
60.87
61.39
61.90
62.42
62.93
63.41
63.90
64.41
64.92
65.41
65.92
66.43
66.94
67.45
67.96
68.48
68.99
69.47
69.97
70.44
70.94
71.38
71.83
72.26
72.70
73.14
73.60
74.04
74.49
74.93
75.37
75.81
76.25
76.72
77.28
77.81
78.34
78.95
79.56
80.25
80.91
81.58
82.25
82.92
83.57
84.23
84.94
85.64
86.44
87.26
88.07
88.87
89.68
90.46
91.25
92.07
92.84
93.59
94.27
94.97
95.61
96.26
96.90
97.52
98.22
98.92
99.68
100.45
101.19
101.94
102.67
103.41
104.14
104.88
105.53
106.17
106.81
107.35
107.89
108.46
109.02
109.57
110.12
110.68
111.25
111.80
112.36
112.91
113.41
113.89
114.39
114.83
115.28
115.71
116.15
116.58
117.03
117.47
117.89
118.33
118.77
119.25
119.70
120.15
120.64
121.12
121.60
122.08
122.58
123.07
123.55
124.04
124.52
124.99
125.49
125.99
126.47
126.94
127.43
128.01
128.59
129.17
129.74
130.31
130.87
131.45
132.03
132.63
133.24
133.86
134.49
135.13
135.77
136.41
137.04
137.68
138.23
138.79
139.33
139.88
140.43
140.97
141.41
141.85
142.29
142.73
143.17
143.62
144.06
144.50
144.94
145.36
145.80
146.23
146.66
147.11
147.54
147.97
148.40
148.82
149.26
149.68
150.14
150.60
151.08
151.57
152.07
152.58
153.07
153.53
154.02
154.48
154.95
155.39
155.85
156.32
156.78
157.26
157.71
158.17
158.66
159.09
159.52
159.96
160.40
160.87
161.30
161.74
162.24
162.73
163.21
163.83
164.43
165.02
165.63
166.23
166.86
167.46
168.04
168.60
169.16
169.71
170.27
170.83
171.42
172.01
172.45
172.90
173.34
173.78
174.21
174.66
175.10
175.57
176.01
176.47
176.96
177.45
177.91
178.40
178.89
179.37
179.87
180.37
180.87
181.36
181.84
182.32
182.79
183.26
183.76
184.25
184.71
185.19
185.76
186.31
186.85
187.42
187.97
188.52
189.03
189.53
190.04
190.54
191.03
191.54
192.09
192.63
193.17
193.72
194.27
194.89
195.49
196.16
196.79
197.42
198.05
198.72
199.34
199.97
200.60
201.25
201.86
202.48
203.10
203.71
204.30
204.89
205.44
205.97
206.52
207.03
207.53
208.04
208.54
209.03
209.51
210.01
210.51
211.09
211.68
212.28
212.87
213.45
214.04
214.62
215.21
