# Beats
0.65
1.31
1.96
2.62
3.29
3.96
4.63
5.31
5.98
6.66
7.35
8.02
8.70
9.38
10.07
10.75
11.42
12.03
12.64
13.27
13.90
14.52
15.15
15.78
16.39
17.03
17.67
18.31
18.94
19.55
20.17
20.77
21.37
22.00
22.53
23.06
23.58
24.07
24.57
25.05
25.55
26.05
26.54
27.04
27.54
28.05
28.58
29.11
29.64
30.19
30.72
31.27
31.81
32.35
32.91
33.48
34.04
34.60
35.17
35.72
36.27
36.82
37.40
37.98
38.57
39.16
39.75
40.37
40.98
41.60
42.13
42.66
43.17
43.68
44.19
44.71
45.22
45.73
46.24
46.74
47.25
47.79
48.32
48.85
49.39
49.92
50.46
50.98
51.50
52.02
52.55
53.06
53.59
54.13
54.65
55.12
55.60
56.09
56.51
56.92
57.34
57.76
58.18
58.60
59.01
59.43
59.85
60.27
60.69
61.11
61.54
61.97
62.39
62.81
63.23
63.66
64.09
64.51
64.92
65.34
65.76
66.17
66.58
67.04
67.50
67.95
68.38
68.81
69.25
69.68
70.15
70.61
71.08
71.49
71.90
72.31
72.71
73.14
73.57
73.99
74.42
74.86
75.30
75.73
76.17
76.60
77.03
77.46
77.88
78.30
78.73
79.19
79.66
80.11
80.57
81.04
81.50
81.93
82.36
82.79
83.22
83.64
84.07
84.50
84.89
85.30
85.70
86.11
86.53
86.94
87.34
87.74
88.13
88.53
88.92
89.29
89.70
90.12
90.65
91.15
91.64
92.21
92.76
93.33
93.95
94.57
95.23
95.86
96.50
97.16
97.81
98.46
99.11
99.76
100.41
101.06
101.70
102.37
103.04
103.70
104.36
105.04
105.71
106.38
107.03
107.68
108.32
108.97
109.61
110.26
110.91
111.56
112.20
112.85
113.52
114.18
114.83
115.48
116.13
116.78
117.43
118.09
118.72
119.36
120.01
120.67
121.34
121.97
122.60
123.23
123.86
124.47
125.07
125.69
126.41
127.13
127.84
128.56
129.27
129.97
130.68
131.39
132.10
132.81
133.53
134.22
134.92
135.56
136.19
136.81
137.44
138.08
138.68
139.28
139.81
140.33
140.85
141.36
141.89
142.41
142.92
143.42
143.93
144.35
144.78
145.19
145.62
145.96
146.30
146.63
146.97
147.31
147.63
147.97
148.29
148.62
148.94
149.26
149.63
149.99
