# Beats
0.67
1.36
2.04
2.73
3.39
4.04
4.70
5.38
6.04
6.70
7.36
8.00
8.64
9.26
9.89
10.54
11.19
11.89
12.57
13.26
13.90
14.54
15.17
15.79
16.40
17.02
17.62
18.25
18.87
19.39
19.91
20.46
20.98
21.50
22.02
22.56
23.08
23.58
24.08
24.57
25.05
25.57
26.08
26.56
27.07
27.56
28.05
28.46
28.86
29.27
29.69
30.09
30.51
30.93
31.34
31.74
32.15
32.55
32.98
33.39
33.82
34.24
34.67
35.09
35.49
35.91
36.32
36.72
37.15
37.59
38.01
38.48
38.85
39.18
39.52
39.83
40.15
40.47
40.80
41.12
41.45
41.77
42.10
42.41
42.74
43.05
43.35
43.68
43.98
44.30
44.64
44.97
45.31
45.65
46.00
46.32
46.64
46.95
47.26
47.60
47.94
48.27
48.60
48.92
49.25
49.57
49.90
50.22
50.55
50.89
51.22
51.56
51.90
52.21
52.54
52.87
53.21
53.55
53.88
54.20
54.50
54.81
55.12
55.45
55.79
56.13
56.47
56.81
57.16
57.49
57.84
58.24
58.61
58.98
59.47
59.97
60.46
61.00
61.53
62.04
62.54
63.04
63.55
64.16
64.77
65.41
66.04
66.68
67.29
67.90
68.42
68.95
69.50
70.03
70.57
71.09
71.61
72.13
72.66
73.14
73.63
74.12
74.62
75.12
75.63
76.12
76.60
77.10
77.60
78.14
78.65
79.15
79.62
80.09
80.50
80.92
81.36
81.86
82.35
82.83
83.29
83.78
84.27
84.80
85.31
85.82
86.36
86.90
87.42
87.93
88.47
88.98
89.50
90.02
90.55
91.07
91.60
92.16
92.74
93.29
93.92
94.56
95.20
95.83
96.47
97.06
97.64
98.23
98.82
99.40
99.99
100.57
101.16
101.75
102.33
102.85
103.38
103.91
104.47
105.00
105.51
106.02
106.56
107.14
107.72
108.30
108.91
109.53
110.16
110.79
111.41
111.96
112.50
113.03
113.57
114.10
114.56
115.01
115.47
115.94
116.40
116.85
117.31
117.82
118.31
118.78
119.27
119.77
120.27
120.77
121.25
121.74
122.24
122.74
123.23
123.72
124.23
124.75
125.25
125.74
126.22
126.72
127.22
127.71
128.22
128.75
129.29
129.82
130.36
130.89
131.42
131.96
132.42
132.90
133.35
133.82
134.28
134.75
135.20
135.65
136.12
136.57
137.02
137.49
137.95
138.34
138.76
139.18
139.60
140.02
140.43
140.84
141.25
141.65
142.06
142.45
142.90
143.33
143.78
144.23
144.68
145.15
145.61
146.08
146.52
146.96
147.44
147.93
148.41
148.89
149.37
149.86
150.44
151.02
151.61
152.24
152.86
153.51
154.16
154.81
155.43
156.07
156.72
157.36
157.93
158.49
159.01
159.51
160.03
160.53
161.05
161.58
162.05
162.52
162.98
163.43
163.89
164.35
164.80
165.28
165.77
166.25
166.79
167.32
167.83
168.36
168.88
169.40
169.95
170.49
171.15
171.80
172.45
173.09
173.73
174.36
175.00
175.61
176.26
