# Beats
0.73
1.46
2.21
2.94
3.60
4.26
4.83
5.40
5.94
6.48
7.02
7.58
8.14
8.70
9.15
9.59
10.03
10.47
10.92
11.37
11.82
12.25
12.69
13.12
13.56
13.99
14.42
14.85
15.22
15.58
15.93
16.28
16.63
16.96
17.31
17.66
18.00
18.33
18.67
19.02
19.35
19.69
20.03
20.35
20.68
21.06
21.44
21.84
22.22
22.66
23.10
23.53
23.96
24.38
24.80
25.22
25.65
26.08
26.49
26.91
27.33
27.75
28.17
28.60
29.02
29.44
29.86
30.29
30.72
31.16
31.59
32.02
32.45
32.86
33.27
33.70
34.12
34.54
34.96
35.38
35.78
36.19
36.61
37.04
37.47
37.89
38.32
38.77
39.18
39.60
40.03
40.44
40.87
41.30
41.71
42.13
42.56
42.97
43.39
43.80
44.21
44.62
45.04
45.45
45.87
46.29
46.72
47.15
47.58
48.00
48.41
48.87
49.33
49.80
50.25
50.69
51.12
51.54
51.97
52.38
52.80
53.22
53.64
54.07
54.49
54.90
55.32
55.75
56.18
56.60
57.03
57.46
57.88
58.29
58.71
59.13
59.56
59.99
60.41
60.85
61.29
61.74
62.19
62.65
63.10
63.55
63.98
64.41
64.83
65.26
65.69
66.11
66.51
66.92
67.34
67.76
68.17
68.59
69.01
69.42
69.82
70.24
70.66
71.08
71.49
71.92
72.35
72.79
73.21
73.63
74.05
74.47
74.88
75.31
75.73
76.15
76.57
76.99
77.42
77.84
78.26
78.69
79.10
79.52
79.93
80.35
80.77
81.19
81.61
82.02
82.44
82.86
83.28
83.71
84.13
84.56
84.94
85.30
85.66
86.02
86.38
86.74
87.10
87.46
87.81
88.15
88.53
88.90
89.33
89.76
90.17
90.60
91.02
91.46
91.89
92.31
92.73
93.16
93.59
94.02
94.45
94.87
95.29
95.76
96.24
96.71
97.18
97.64
98.08
98.52
98.96
99.40
99.83
100.28
100.70
101.13
101.56
101.99
102.42
102.84
103.26
103.68
104.10
104.52
104.94
105.36
105.79
106.22
106.65
107.08
107.51
107.94
108.38
108.82
109.25
109.68
110.10
110.52
110.93
111.36
111.80
112.25
112.69
113.13
113.58
114.03
114.47
114.92
115.35
115.77
116.20
116.63
117.06
117.49
117.92
118.34
118.77
119.20
119.63
120.06
120.49
120.92
121.35
121.78
122.21
122.64
123.07
123.50
123.92
124.34
124.76
125.19
125.61
126.04
126.47
126.90
127.33
127.76
128.19
128.63
129.06
129.47
129.89
130.31
130.74
131.17
131.60
132.03
132.46
132.90
133.35
133.78
134.21
134.64
135.07
135.49
135.92
136.35
136.78
137.21
137.62
138.05
138.48
138.91
139.34
139.76
140.19
140.62
141.05
141.42
141.79
142.18
142.55
142.91
143.26
143.60
143.96
144.32
144.68
145.04
145.40
145.77
146.15
146.53
146.91
147.30
147.67
148.03
148.38
148.72
149.07
149.41
149.76
150.09
150.42
150.76
151.09
151.43
151.79
152.15
152.52
152.89
153.26
153.63
154.01
154.38
154.75
155.12
155.50
155.88
156.25
156.62
157.00
157.38
157.72
158.07
158.41
158.74
159.15
159.54
159.95
160.36
160.77
161.19
161.61
162.02
162.42
162.83
163.24
163.63
164.04
164.44
164.85
165.33
165.79
166.25
166.70
167.14
167.59
168.14
168.69
169.25
169.81
170.36
170.91
171.47
172.01
172.56
173.10
173.65
174.28
174.89
175.51
176.12
176.75
177.37
177.97
178.58
