# Beats
0.62
1.24
1.88
2.51
3.12
3.74
4.37
4.97
5.58
6.19
6.79
7.38
7.98
8.57
9.17
9.76
10.37
10.97
11.59
12.23
12.86
13.50
14.13
14.76
15.37
16.00
16.64
17.28
17.91
18.54
19.18
19.82
20.45
21.07
21.69
22.31
22.94
23.57
24.20
24.82
25.29
25.75
26.20
26.67
27.12
27.59
28.05
28.55
29.05
29.55
30.05
30.55
31.05
31.52
32.00
32.46
32.91
33.38
33.83
34.28
34.74
35.19
35.64
36.11
36.56
37.01
37.45
37.89
38.34
38.84
39.33
39.83
40.32
40.81
41.30
41.77
42.26
42.76
43.27
43.78
44.29
44.79
45.29
45.79
46.28
46.78
47.28
47.78
48.29
48.81
49.32
49.84
50.35
50.87
51.40
51.92
52.44
52.96
53.48
53.97
54.47
54.98
55.50
56.01
56.51
57.00
57.52
57.96
58.37
58.79
59.21
59.64
60.08
60.52
60.93
61.32
61.72
62.11
62.52
62.93
63.33
63.74
64.19
64.64
65.10
65.57
66.05
66.54
67.02
67.50
67.98
68.44
68.89
69.37
69.89
70.41
70.94
71.49
72.05
72.62
73.15
73.68
74.20
74.72
75.24
75.76
76.27
76.78
77.29
77.80
78.32
78.83
79.34
79.87
80.50
81.14
81.83
82.51
83.20
83.88
84.56
85.23
85.90
86.52
87.14
87.77
88.39
89.01
89.66
90.31
90.96
91.61
92.29
92.95
93.61
94.20
94.81
95.34
95.86
96.39
96.91
97.43
97.95
98.52
99.09
99.67
100.24
100.81
101.38
101.95
102.52
103.06
103.60
104.13
104.66
105.21
105.76
106.30
106.85
107.47
108.10
108.72
109.33
109.95
110.55
111.15
111.76
112.36
112.94
113.52
114.10
114.67
115.24
115.81
116.29
116.75
117.21
117.67
118.13
118.60
119.06
119.52
119.99
120.45
120.92
121.38
121.85
122.35
122.83
123.33
123.74
124.16
124.56
124.97
125.38
125.77
126.18
126.60
127.00
127.41
127.80
128.20
128.62
129.03
129.45
129.87
130.29
130.72
131.16
131.60
132.05
132.47
132.89
133.32
133.76
134.18
134.58
134.99
135.38
135.78
136.17
136.57
136.99
137.40
137.81
138.22
138.62
139.04
139.45
139.85
140.26
140.67
141.07
141.48
141.89
142.29
142.71
143.12
143.52
143.94
144.36
144.76
145.17
145.59
146.01
146.45
146.89
147.32
147.75
148.17
148.57
148.98
149.39
149.79
150.20
150.60
151.01
151.42
151.84
152.24
152.66
153.07
153.47
153.88
154.28
154.69
155.10
155.50
155.91
156.32
156.71
157.11
157.51
157.92
158.33
158.73
159.13
159.53
159.94
160.35
160.74
161.15
161.55
161.95
162.35
162.76
163.18
163.58
164.00
164.42
164.84
165.23
165.64
166.05
166.45
166.86
167.26
167.68
168.10
168.52
168.94
169.37
169.81
170.24
170.67
171.08
171.50
171.92
172.34
172.74
173.15
173.57
173.98
174.38
174.79
175.19
175.60
176.01
176.41
176.82
177.23
177.63
178.03
178.43
178.84
179.25
179.65
180.05
180.44
180.85
181.25
181.66
182.07
182.47
182.87
183.28
183.68
184.29
184.89
185.50
186.12
186.72
187.33
187.93
188.53
189.13
189.72
190.33
190.95
191.56
192.18
192.81
193.42
194.04
194.65
195.29
195.94
196.52
197.11
197.73
198.33
198.95
199.51
200.06
200.64
201.22
201.79
202.37
202.92
203.46
204.01
204.57
205.08
205.59
206.10
206.61
207.11
207.62
208.14
208.67
209.19
209.62
210.06
210.50
210.94
211.37
211.80
212.24
212.67
213.10
213.53
213.96
214.34
214.73
215.10
215.47
215.85
216.24
216.61
216.99
217.36
217.79
218.22
218.64
219.06
219.48
219.94
220.39
220.84
221.30
221.77
222.25
222.73
223.17
223.61
224.05
224.51
224.98
225.44
225.99
226.53
227.08
227.78
228.47
229.13
229.78
230.43
231.08
231.71
232.32
232.91
233.51
234.12
234.71
235.44
236.18
236.92
237.67
238.33
238.98
239.65
240.31
240.99
241.66
242.30
242.94
243.59
244.23
244.87
245.43
246.02
246.58
247.15
247.72
248.28
248.84
249.39
249.99
250.57
