# Beats
0.39
0.80
1.21
1.61
2.02
2.43
2.83
3.26
3.69
4.12
4.57
5.03
5.48
5.93
6.37
6.82
7.24
7.66
8.08
8.50
8.94
9.37
9.78
10.18
10.59
10.99
11.39
11.78
12.21
12.64
13.07
13.53
13.98
14.43
14.94
15.46
15.98
16.50
17.02
17.55
18.09
18.62
19.16
19.69
20.22
20.81
21.37
21.94
22.45
22.98
23.50
24.03
24.57
25.10
25.62
26.15
26.66
27.18
27.70
28.22
28.75
29.26
29.86
30.48
31.09
31.76
32.42
33.08
33.74
34.42
35.10
35.70
36.29
36.88
37.48
38.08
38.64
39.17
39.71
40.24
40.77
41.31
41.83
42.35
42.88
43.42
43.96
44.50
45.04
45.58
46.14
46.70
47.24
47.75
48.29
48.81
49.38
49.95
50.50
51.05
51.59
52.22
52.85
53.48
54.11
54.75
55.43
56.11
56.75
57.39
58.03
58.68
59.32
59.91
60.50
61.09
61.68
62.28
62.88
63.47
64.06
64.66
65.25
65.84
66.43
67.02
67.62
68.21
68.79
69.37
69.85
70.29
70.73
71.17
71.61
72.05
72.49
72.93
73.38
73.82
74.27
74.73
75.20
75.65
76.16
76.67
77.28
77.88
78.48
79.09
79.69
80.29
80.91
81.53
82.15
82.77
83.38
84.00
84.61
85.23
85.84
86.47
87.10
87.71
88.34
88.97
89.51
90.06
90.60
91.05
91.49
91.93
92.38
92.83
93.29
93.74
94.19
94.64
95.10
95.55
96.00
96.46
96.92
97.38
97.84
98.29
98.74
99.20
99.65
100.10
100.54
101.00
101.40
101.80
102.19
102.59
102.98
103.39
103.79
104.19
104.58
104.97
105.35
105.74
106.14
106.52
106.90
107.30
107.69
108.08
108.46
108.84
109.23
109.62
110.02
110.41
110.81
111.20
111.60
111.98
112.36
112.74
113.12
113.49
113.86
114.24
114.61
114.99
115.36
115.73
116.11
116.49
116.89
117.28
117.68
118.07
118.47
118.86
119.25
119.63
120.00
120.40
120.79
121.18
121.57
121.96
122.35
122.73
123.11
123.51
123.89
124.27
124.67
125.06
125.46
125.85
126.26
126.65
127.04
127.42
127.80
128.19
128.57
128.94
129.32
129.71
130.08
130.45
130.83
131.22
131.60
131.97
132.35
132.74
133.12
133.50
133.89
134.27
134.66
135.05
135.43
135.83
136.22
136.60
137.00
137.39
137.79
138.18
138.57
138.95
139.33
139.71
140.10
140.49
140.89
141.27
141.66
142.05
142.43
142.81
143.20
143.58
143.96
144.35
144.73
145.12
145.51
145.89
146.29
146.67
147.05
147.44
147.82
148.21
148.61
149.00
149.39
149.77
150.14
150.51
150.88
151.25
151.61
151.97
152.33
152.69
153.05
153.41
153.77
154.15
154.55
154.95
155.34
155.72
156.13
156.53
156.92
157.30
157.69
158.08
158.48
158.86
159.24
159.64
160.03
160.43
160.82
161.22
161.61
161.99
162.38
162.75
163.12
163.50
163.89
164.28
164.66
165.08
165.50
165.92
166.44
166.95
167.46
167.97
168.48
168.99
169.52
170.04
170.57
171.19
171.80
172.42
173.04
173.65
174.24
174.82
175.40
175.98
176.56
177.15
177.73
178.31
178.89
179.47
180.01
180.56
181.10
181.66
182.21
182.75
183.31
183.86
184.40
184.95
185.49
186.02
186.55
187.08
187.57
188.06
188.55
189.03
189.53
190.03
190.53
191.03
191.53
192.03
192.52
193.00
193.52
194.03
194.54
194.95
195.37
195.79
196.21
196.63
197.04
197.46
197.88
198.30
198.72
199.18
199.63
200.09
200.55
201.02
201.48
201.94
202.36
202.79
203.22
203.66
204.10
204.53
204.96
205.40
205.84
206.29
206.73
207.17
207.61
208.05
208.49
208.93
209.37
209.80
210.23
210.66
211.09
211.53
211.97
212.40
212.83
213.26
213.69
214.12
214.55
214.98
215.41
215.84
216.27
216.69
217.12
217.55
217.99
218.43
218.87
219.31
219.75
220.14
220.51
220.88
221.26
221.65
222.03
222.42
222.81
223.20
223.58
223.98
224.36
224.73
225.09
225.47
225.88
226.30
226.72
227.14
227.60
228.07
228.53
229.00
229.46
229.91
230.37
230.82
