# Beats
0.53
1.08
1.63
2.16
2.67
3.20
3.74
4.27
4.82
5.36
5.91
6.43
6.97
7.50
8.05
8.59
9.17
9.73
10.29
10.83
11.38
11.95
12.52
13.10
13.68
14.26
14.81
15.37
15.94
16.46
16.97
17.48
17.95
18.41
18.88
19.39
19.90
20.42
20.97
21.52
22.06
22.57
23.08
23.57
24.06
24.54
25.05
25.53
25.99
26.47
26.98
27.49
28.00
28.51
29.05
29.57
30.09
30.63
31.13
31.67
32.23
32.72
33.18
33.65
34.11
34.61
35.09
35.56
36.04
36.52
37.01
37.50
37.98
38.46
38.96
39.45
39.95
40.43
40.91
41.40
41.91
42.40
42.89
43.37
43.84
44.33
44.76
45.16
45.57
45.99
46.41
46.81
47.23
47.65
48.07
48.48
48.91
49.34
49.77
50.20
50.62
51.04
51.46
51.87
52.29
52.70
53.12
53.52
53.94
54.36
54.78
55.18
55.59
55.99
56.40
56.80
57.19
57.59
57.98
58.37
58.77
59.16
59.56
59.95
60.35
60.74
61.13
61.52
61.93
62.32
62.73
63.14
63.54
63.95
64.33
64.73
65.13
65.53
65.92
66.32
66.71
67.11
67.50
67.90
68.29
68.67
69.06
69.46
69.85
70.23
70.62
71.02
71.41
71.80
72.17
72.56
72.96
73.35
73.75
74.16
74.56
74.95
75.35
75.76
76.15
76.56
76.95
77.35
77.75
78.16
78.55
78.95
79.35
79.74
80.13
80.54
80.94
81.34
81.76
82.20
82.65
83.09
83.53
83.96
84.38
84.88
85.39
85.89
86.47
87.04
87.61
88.18
88.72
89.27
89.80
90.35
90.93
91.53
92.11
92.73
93.34
93.97
94.62
95.25
95.85
96.47
97.06
97.65
98.13
98.60
99.10
99.63
100.15
100.66
101.17
101.68
102.21
102.75
103.28
103.82
104.40
104.95
105.56
106.17
106.79
107.42
108.04
108.66
109.28
109.91
110.50
111.10
111.69
112.27
112.85
113.43
114.01
114.59
115.19
115.80
116.39
116.98
117.57
118.17
118.77
119.35
119.92
120.51
121.12
121.72
122.31
122.90
123.50
124.09
124.68
125.21
125.74
126.28
126.78
127.27
127.77
128.19
128.62
129.06
129.46
129.88
130.31
130.73
131.12
131.52
131.91
132.30
132.68
133.09
133.47
133.84
134.21
134.58
134.95
135.34
135.72
136.12
136.51
136.90
137.30
137.69
138.07
138.44
138.82
139.19
139.56
139.97
140.40
140.78
141.15
141.54
141.92
142.29
142.68
143.06
143.45
143.84
144.21
144.59
144.99
145.37
145.75
146.12
146.49
146.87
147.24
147.60
147.97
148.35
148.74
149.13
149.51
149.91
150.28
150.67
151.07
151.45
