# Beats
0.41
0.81
1.21
1.63
2.02
2.41
2.83
3.19
3.54
3.90
4.25
4.60
4.93
5.28
5.62
5.97
6.34
6.71
7.07
7.42
7.76
8.08
8.41
8.73
9.08
9.40
9.75
10.10
10.54
10.97
11.40
11.84
12.28
12.72
13.17
13.56
13.96
14.33
14.71
15.10
15.50
15.88
16.27
16.66
17.04
17.41
17.80
18.20
18.61
19.02
19.41
19.83
20.25
20.65
21.04
21.43
21.83
22.21
22.62
23.03
23.45
23.92
24.38
24.82
25.31
25.80
26.31
26.81
27.31
27.82
28.33
28.83
29.32
29.74
30.17
30.60
31.05
31.44
31.83
32.23
32.60
32.97
33.37
33.74
34.11
34.48
34.86
35.25
35.62
36.10
36.55
37.01
37.48
37.95
38.43
38.91
39.39
39.86
40.29
40.73
41.17
41.60
41.97
42.33
42.71
43.07
43.43
43.79
44.14
44.49
44.86
45.23
45.60
45.96
46.35
46.73
47.11
47.51
47.90
48.29
48.67
49.02
49.41
49.78
50.14
50.50
50.87
51.25
51.61
51.99
52.36
52.73
53.09
53.50
53.87
54.24
54.61
54.98
55.37
55.74
56.12
56.54
56.95
57.35
57.75
58.12
58.49
58.86
59.25
59.63
60.04
60.42
60.81
61.17
61.54
61.90
62.25
62.62
62.97
63.33
63.69
64.04
64.39
64.76
65.13
65.50
65.86
66.22
66.58
67.04
67.50
67.98
68.45
68.93
69.38
69.85
70.31
70.76
71.23
71.68
72.14
72.61
73.10
73.57
74.05
74.51
74.98
75.44
75.92
76.41
76.88
77.45
78.04
78.63
79.20
79.80
80.39
80.97
81.55
82.12
82.71
83.29
83.88
84.47
85.08
85.68
86.29
86.89
87.49
88.10
88.68
89.28
89.88
90.46
91.07
91.65
92.24
92.83
93.44
94.02
94.60
95.18
95.76
96.34
96.92
97.51
98.10
98.68
99.28
99.87
100.46
101.04
101.61
102.19
102.76
103.33
103.91
104.49
105.07
105.65
106.23
106.84
107.39
107.95
108.51
109.05
109.62
110.18
110.71
111.25
111.78
112.33
112.87
113.43
113.99
114.54
115.10
115.68
116.26
116.83
117.38
117.91
118.44
118.96
119.49
120.04
120.59
121.14
121.70
122.16
122.62
123.11
123.58
124.03
124.51
124.97
125.43
125.92
126.39
126.83
127.29
127.74
128.13
128.51
128.87
129.24
129.61
129.99
130.37
130.73
131.10
131.46
131.84
132.21
132.59
132.96
133.34
133.75
134.14
134.52
134.92
135.27
135.63
135.96
136.30
136.65
137.00
137.35
137.69
138.02
138.36
138.70
139.04
139.39
139.74
140.11
140.46
140.82
141.25
141.68
142.11
142.54
143.05
143.55
144.04
144.54
145.03
145.54
146.03
146.54
147.05
147.52
147.98
148.45
148.90
149.35
149.79
150.23
150.66
151.09
151.52
151.90
152.28
152.65
153.02
153.40
153.80
154.19
154.67
155.14
155.62
156.08
156.55
157.02
157.50
157.97
158.43
158.89
159.36
159.81
160.29
160.75
161.24
161.70
162.18
162.66
163.12
163.61
164.07
164.54
165.00
165.47
165.95
166.43
166.81
167.21
167.60
168.00
168.37
168.75
169.13
169.53
169.90
170.28
170.67
171.00
171.35
171.69
172.04
172.40
172.76
173.10
173.45
173.80
174.16
174.53
174.89
175.24
175.59
175.95
176.33
176.70
177.10
177.47
177.85
178.25
178.63
179.03
179.40
179.78
180.14
180.50
180.86
181.23
181.58
181.93
182.28
182.62
182.96
183.30
183.62
183.97
184.32
184.67
185.04
185.38
185.71
186.05
186.41
186.78
187.14
187.50
187.87
188.23
188.59
188.95
189.32
189.68
190.04
190.50
190.96
191.43
191.88
192.33
192.77
193.20
193.61
194.04
194.47
194.90
195.33
195.74
196.17
196.59
197.02
197.44
197.82
198.21
198.60
199.00
199.37
199.74
200.13
200.50
200.90
201.29
201.69
202.11
202.54
202.97
203.38
203.80
204.22
204.65
205.08
205.50
205.89
206.30
206.72
207.15
207.56
208.00
208.45
208.86
209.28
209.72
210.16
210.60
211.05
211.49
211.93
212.38
212.81
213.26
213.69
214.19
214.69
215.20
215.83
216.44
217.11
217.78
218.52
219.25
219.99
220.71
221.43
222.12
222.84
223.47
224.11
224.73
225.35
225.98
226.60
227.22
227.82
228.44
229.08
229.70
230.34
230.98
231.64
232.27
232.90
233.50
234.09
234.66
235.26
235.87
236.50
237.12
237.74
238.28
238.85
239.41
239.98
240.54
241.09
241.65
242.22
242.78
243.33
243.95
244.56
245.17
245.78
246.41
246.99
247.57
248.15
248.78
249.41
250.07
250.74
251.41
252.10
252.75
253.40
254.05
254.70
255.35
256.09
256.84
257.57
258.32
259.02
259.72
260.42
261.12
261.89
262.66
263.49
264.30
265.11
265.94
266.76
