# Beats
0.42
0.85
1.28
1.71
2.14
2.57
3.04
3.53
4.01
4.48
4.96
5.43
5.91
6.39
6.87
7.36
7.81
8.27
8.72
9.15
9.58
10.01
10.50
10.98
11.46
11.94
12.42
12.91
13.39
13.87
14.36
14.85
15.33
15.79
16.25
16.72
17.17
17.64
18.10
18.56
19.03
19.46
19.89
20.33
20.77
21.20
21.63
22.06
22.50
22.94
23.37
23.80
24.22
24.64
25.05
25.48
25.93
26.35
26.88
27.40
27.92
28.43
28.94
29.47
29.98
30.49
31.00
31.50
32.00
32.50
33.00
33.49
33.99
34.49
35.00
35.67
36.30
36.94
37.60
38.27
38.96
39.66
40.36
41.05
41.75
42.45
43.13
43.82
44.50
45.16
45.84
46.51
47.18
47.86
48.54
49.23
49.91
50.58
51.27
51.94
52.63
53.31
54.01
54.71
55.39
56.08
56.77
57.46
58.14
58.83
59.51
60.20
60.87
61.54
62.23
62.91
63.60
64.30
64.99
65.68
66.36
67.05
67.73
68.42
69.10
69.79
70.48
71.18
71.82
72.47
73.12
73.77
74.41
75.05
75.69
76.32
76.96
77.60
78.23
78.85
79.48
80.11
80.74
81.36
81.99
82.62
83.24
83.86
84.47
85.10
85.73
86.36
86.98
87.61
88.22
88.85
89.47
90.08
90.70
91.31
91.93
92.55
93.18
93.81
94.44
95.06
95.69
96.32
96.94
97.57
98.21
98.85
99.49
100.12
100.76
101.36
101.94
102.53
103.14
103.77
104.40
105.04
105.66
106.29
106.93
107.57
108.20
108.84
109.48
110.14
110.79
111.44
112.08
112.73
113.38
114.02
114.65
115.28
115.90
116.53
117.16
117.77
118.39
118.99
119.59
120.19
120.72
121.27
121.81
122.36
122.90
123.41
123.92
124.44
124.96
125.48
125.99
126.46
126.93
127.41
127.86
128.31
128.78
129.24
129.67
130.10
130.53
130.96
131.40
131.83
132.26
132.70
133.14
133.58
134.03
134.47
134.91
135.45
136.00
136.54
137.13
137.71
138.24
138.79
139.32
139.83
140.34
140.85
141.36
141.86
142.36
142.78
143.20
143.62
144.03
144.45
144.87
145.29
145.71
146.12
146.54
146.96
147.37
147.77
148.19
148.62
149.05
149.47
149.88
150.33
150.76
151.19
151.71
152.23
152.75
153.29
153.82
154.35
154.87
155.38
155.89
156.39
156.90
157.41
157.87
158.33
158.78
159.24
159.70
160.16
160.60
161.04
161.47
162.01
162.54
163.07
163.67
164.25
164.83
165.48
166.14
166.80
167.46
168.12
168.77
169.44
170.10
170.75
171.36
171.98
172.52
173.07
173.62
174.10
174.59
175.08
175.52
175.96
176.39
176.83
177.21
177.59
177.96
178.33
178.70
179.07
179.44
179.83
180.21
180.60
181.00
181.52
182.04
182.56
183.09
183.62
184.16
184.70
185.25
185.84
186.43
187.03
187.61
188.19
188.77
189.35
189.93
190.50
191.07
191.63
192.21
192.78
193.28
193.79
194.29
194.79
195.29
195.79
196.31
196.84
197.35
197.87
198.39
198.90
199.42
199.96
200.48
201.00
201.54
202.06
202.61
203.15
203.76
204.36
204.96
205.57
206.17
206.77
207.38
207.98
208.55
209.12
209.69
210.26
210.83
211.39
211.97
212.54
213.11
213.68
214.26
214.84
215.42
215.92
216.42
216.92
217.41
217.90
218.40
218.91
219.42
219.93
220.42
220.90
221.38
221.84
222.31
222.91
223.49
224.07
224.65
225.23
225.81
226.39
226.96
227.54
228.11
228.68
229.37
230.06
230.76
231.44
232.12
232.79
233.44
234.09
234.74
235.31
235.88
236.39
236.90
237.41
237.92
238.43
238.96
239.47
239.98
240.49
241.05
241.60
242.16
242.71
243.26
243.81
244.37
244.92
245.48
246.04
246.60
247.16
247.73
248.30
248.86
249.43
249.97
250.53
251.09
251.54
251.98
252.44
252.89
253.34
253.79
254.28
254.77
255.26
255.73
256.21
256.68
257.17
257.66
258.16
258.58
259.00
259.41
259.82
260.24
260.66
261.07
261.56
262.05
262.54
263.01
263.48
263.95
264.43
264.89
265.36
265.81
266.24
266.67
267.10
267.49
267.90
268.29
268.70
269.10
269.49
269.87
270.26
270.64
271.02
271.42
271.81
272.21
272.60
273.00
273.39
273.77
274.16
274.54
275.02
275.50
275.99
276.54
277.10
277.64
278.19
278.73
279.28
279.82
280.37
280.89
281.41
281.94
282.46
282.98
283.50
284.03
284.55
