# Beats
0.63
1.27
1.90
2.53
3.15
3.76
4.37
4.97
5.56
6.06
6.57
7.07
7.57
8.07
8.57
9.06
9.56
10.05
10.57
11.09
11.60
12.12
12.65
13.19
13.72
14.25
14.77
15.29
15.81
16.34
16.86
17.39
17.91
18.45
18.97
19.44
19.90
20.35
20.81
21.23
21.66
22.11
22.55
22.99
23.44
23.89
24.33
24.78
25.22
25.72
26.22
26.71
27.16
27.60
28.04
28.48
28.92
29.37
29.81
30.24
30.67
31.10
31.53
31.96
32.39
32.89
33.40
33.91
34.45
34.98
35.51
36.05
36.58
37.12
37.65
38.20
38.75
39.32
39.88
40.44
40.99
41.56
42.13
42.70
43.28
43.86
44.44
45.02
45.60
46.18
46.78
47.36
47.94
48.52
49.04
49.53
50.03
50.53
51.04
51.55
52.13
52.70
53.27
53.85
54.43
55.01
55.60
56.19
56.78
57.38
57.96
58.54
59.11
59.66
60.23
60.80
61.36
61.92
62.42
62.90
63.39
63.88
64.35
64.83
65.31
65.79
66.28
66.77
67.34
67.91
68.48
69.04
69.60
70.16
70.72
71.27
71.78
72.30
72.81
73.35
73.90
74.42
74.94
75.48
75.95
76.43
76.89
77.37
77.84
78.32
78.80
79.27
79.75
80.21
80.65
81.10
81.54
82.09
82.66
83.22
83.77
84.31
84.85
85.38
85.91
86.45
86.98
87.52
88.05
88.60
89.14
89.57
90.00
90.43
90.85
91.27
91.68
92.09
92.52
92.95
93.38
93.82
94.26
94.69
95.12
95.55
95.99
96.43
96.90
97.37
97.83
98.28
98.74
99.18
99.65
100.10
100.54
100.98
101.42
101.87
102.31
102.75
103.18
103.62
104.06
104.51
104.97
105.45
105.94
106.41
106.85
107.28
107.72
108.16
108.60
109.04
109.48
109.92
110.39
110.83
111.27
111.71
112.15
112.59
113.05
113.49
113.93
114.37
114.80
115.23
115.66
116.12
116.59
117.04
117.52
118.00
118.49
118.97
119.46
119.93
120.42
120.92
121.42
121.99
122.54
123.10
123.66
124.22
124.78
125.36
125.93
126.53
127.12
127.71
128.29
128.87
129.46
130.04
130.62
131.19
131.76
132.33
132.90
133.47
134.04
134.61
135.17
135.77
136.36
136.94
137.53
138.14
138.72
139.30
139.89
140.46
141.03
141.61
142.20
142.78
143.35
143.93
144.52
145.11
145.69
146.27
146.87
147.45
148.03
148.61
149.20
149.78
150.36
150.93
151.53
152.10
152.67
153.22
153.76
154.31
154.90
155.48
156.11
156.73
157.36
157.99
158.62
159.24
159.87
160.50
161.12
161.75
162.31
162.86
163.42
163.94
164.47
165.01
165.56
166.09
166.64
167.18
167.73
168.26
168.81
169.37
169.92
170.48
171.12
171.76
172.40
173.04
173.67
174.31
174.95
175.59
176.23
176.87
177.50
178.14
178.71
179.28
179.82
180.31
180.81
181.31
181.80
182.29
182.79
183.28
183.76
184.25
184.75
185.25
185.75
186.18
186.61
187.04
187.47
187.90
188.31
188.73
189.15
189.57
189.99
190.54
191.09
191.63
192.18
192.73
193.26
193.79
194.32
194.84
195.36
195.90
196.43
196.96
197.50
198.01
198.51
199.02
199.54
200.05
200.56
201.07
201.60
202.11
202.63
203.15
203.67
204.20
204.71
205.24
205.78
206.30
206.81
207.32
207.82
208.35
208.89
209.42
209.95
210.48
211.00
211.52
212.04
212.58
213.11
213.64
214.15
214.66
215.18
215.69
216.21
216.74
217.26
217.78
218.29
218.80
219.31
219.82
220.35
220.87
221.39
221.90
222.42
222.95
223.48
224.01
224.55
225.06
225.58
226.10
226.63
227.15
227.67
228.18
228.70
229.22
229.73
230.25
230.77
231.29
231.83
232.35
232.87
233.40
233.92
234.43
234.96
235.49
236.01
236.53
237.05
237.56
238.09
238.61
239.12
239.63
240.15
240.66
241.20
241.73
242.27
242.79
243.33
243.86
244.39
244.91
245.43
245.96
246.48
246.99
247.51
248.02
248.53
249.06
249.57
250.09
250.60
251.10
251.61
252.13
252.66
253.17
253.69
254.22
254.75
255.27
255.79
256.30
256.81
257.34
257.85
258.37
258.90
259.42
259.96
260.48
261.00
261.54
262.00
262.47
263.04
263.56
264.08
264.61
265.15
265.68
266.22
266.74
267.26
267.78
268.31
268.82
269.34
269.86
270.37
270.88
271.41
271.93
272.45
272.97
273.48
274.00
274.52
275.05
275.60
276.13
276.72
277.32
278.01
278.72
279.43
280.13
280.83
