# Beats
0.65
1.30
1.96
2.61
3.32
4.04
4.75
5.45
6.14
6.84
7.66
8.49
9.31
10.14
10.92
11.71
12.49
13.27
14.05
14.83
15.51
16.18
16.88
17.57
18.25
18.95
19.63
20.33
21.01
21.71
22.42
23.13
23.81
24.50
25.18
25.79
26.39
26.94
27.48
28.03
28.51
29.01
29.49
29.97
30.44
30.92
31.39
31.87
32.33
32.79
33.24
33.69
34.16
34.60
35.05
35.50
35.97
36.42
36.88
37.34
37.78
38.22
38.66
39.10
39.56
40.00
40.45
40.90
41.34
41.87
42.39
42.91
43.47
44.03
44.57
45.16
45.74
46.32
46.90
47.47
48.05
48.63
49.18
49.74
50.29
50.84
51.39
51.92
52.45
52.99
53.55
54.10
54.65
55.21
55.77
56.33
56.96
57.57
58.18
58.79
59.40
60.05
60.69
61.34
62.00
62.65
63.31
64.08
64.84
65.61
66.36
67.12
67.86
68.56
69.25
69.85
70.45
71.04
71.60
72.14
72.70
73.25
73.80
74.36
74.92
75.48
76.06
76.63
77.19
77.78
78.34
78.91
79.48
80.06
80.72
81.39
82.05
82.71
83.42
84.13
84.83
85.55
86.26
86.97
87.69
88.40
89.11
89.85
90.58
91.31
92.04
92.76
93.48
94.23
94.97
95.71
96.44
97.06
97.67
98.29
98.91
99.51
100.11
100.70
101.32
101.95
102.56
103.18
103.79
104.43
105.07
105.71
106.34
106.96
107.60
108.23
108.81
109.38
109.96
110.42
110.90
111.37
111.89
112.40
112.91
113.46
114.03
114.59
115.15
115.71
116.32
116.92
117.55
118.18
118.79
119.42
120.05
120.67
121.30
121.93
122.57
123.21
123.86
124.51
125.17
125.82
126.48
127.14
127.80
128.48
129.15
129.82
130.50
131.18
131.87
132.54
133.22
133.91
134.59
135.27
135.94
136.61
137.24
137.88
138.44
138.99
139.55
140.10
140.65
141.21
141.76
142.30
142.85
143.39
143.94
144.49
145.03
145.58
146.12
