# Beats
0.51
1.02
1.53
2.05
2.57
3.13
3.69
4.26
4.83
5.40
5.94
6.48
7.02
7.60
8.20
8.78
9.37
9.96
10.55
11.15
11.73
12.38
13.03
13.66
14.30
14.94
15.58
16.22
16.86
17.50
18.15
18.81
19.47
20.13
20.79
21.33
21.87
22.41
22.94
23.48
24.01
24.56
25.10
25.63
26.17
26.70
27.16
27.61
28.06
28.51
28.96
29.40
29.84
30.28
30.72
31.16
31.60
32.04
32.48
32.87
33.25
33.63
34.04
34.45
34.85
35.25
35.64
36.08
36.52
36.97
37.40
37.83
38.25
38.72
39.20
39.67
40.12
40.57
41.02
41.47
41.90
42.33
42.77
43.20
43.63
44.06
44.49
44.93
45.37
45.82
46.41
46.99
47.57
48.16
48.74
49.32
49.89
50.46
51.03
51.59
52.15
52.71
53.28
53.84
54.40
54.97
55.55
56.12
56.68
57.25
57.82
58.39
58.96
59.52
60.09
60.66
61.24
61.81
62.37
62.93
63.47
64.04
64.63
65.22
65.77
66.33
66.89
67.45
68.02
68.65
69.28
69.96
70.65
71.34
72.03
72.72
73.42
74.12
74.83
75.53
76.23
76.93
77.62
78.33
78.99
79.64
80.25
80.84
81.42
82.01
82.60
83.20
83.79
84.38
84.97
85.57
86.16
86.75
87.33
87.90
88.48
89.06
89.63
90.20
90.78
91.36
91.93
92.52
93.12
93.73
94.32
94.90
95.48
96.06
96.64
97.22
97.80
98.37
98.94
99.50
100.05
100.61
101.17
101.73
102.28
102.88
103.47
104.03
104.57
105.13
105.69
106.24
106.80
107.47
108.14
108.88
109.61
110.34
111.06
111.79
112.51
113.24
113.99
114.76
115.54
116.31
117.09
117.85
118.62
119.37
120.13
120.88
121.64
122.38
123.12
123.82
124.52
125.21
125.92
126.65
127.38
128.16
128.95
129.78
130.61
131.42
132.24
133.09
133.93
134.77
135.62
136.46
137.31
138.17
139.03
139.89
140.72
141.54
142.37
143.24
144.10
144.96
145.81
146.67
147.50
148.36
149.21
150.05
150.89
151.75
152.62
153.48
154.35
155.21
156.06
156.91
157.74
158.57
159.38
160.23
161.09
161.94
162.80
163.63
164.47
165.30
166.14
166.97
167.81
168.67
169.53
170.39
171.24
172.08
172.93
173.78
174.64
175.47
176.32
177.17
178.02
178.84
179.70
180.54
181.38
182.22
183.10
183.95
184.80
185.63
186.49
187.34
188.19
189.02
189.87
190.73
191.59
192.45
193.19
193.91
194.63
195.35
196.07
196.80
197.53
198.26
199.00
199.71
200.42
201.13
201.84
202.44
203.05
203.62
204.18
204.75
205.22
205.68
206.15
206.56
206.97
207.38
207.80
208.21
208.63
209.05
209.46
209.87
210.30
210.73
211.16
211.59
212.02
212.45
212.88
213.31
213.74
214.17
214.60
215.03
215.45
215.89
216.33
216.78
217.22
217.66
218.12
218.58
219.03
219.49
220.04
220.60
221.16
221.74
222.32
222.90
223.48
224.06
224.63
225.20
225.77
226.39
227.04
227.64
228.23
228.83
229.45
230.07
230.70
231.32
231.93
232.54
233.15
233.62
234.08
234.54
235.01
235.47
235.94
236.34
236.77
237.19
237.60
238.02
238.43
238.85
239.32
239.78
240.25
240.71
241.20
241.67
242.15
242.63
243.11
243.60
244.05
244.51
244.97
245.48
245.99
246.50
247.05
247.59
248.14
248.69
249.23
249.78
250.32
250.88
