# Beats
0.55
1.09
1.67
2.25
2.84
3.45
4.05
4.83
5.60
6.37
7.14
7.92
8.68
9.45
10.22
10.98
11.76
12.53
13.29
14.06
14.84
15.60
16.37
17.15
17.93
18.69
19.47
20.25
21.01
21.78
22.53
23.30
24.10
24.92
25.70
26.51
27.31
28.11
28.89
29.66
30.45
31.24
32.02
32.79
33.55
34.18
34.80
35.42
35.90
36.37
36.86
37.34
37.81
38.29
38.75
39.22
39.67
40.12
40.55
40.99
41.45
41.90
42.35
42.82
43.19
43.56
43.94
44.32
44.70
45.08
45.46
45.85
46.23
46.61
47.00
47.38
47.80
48.22
48.63
49.04
49.44
49.82
50.20
50.60
50.99
51.39
51.77
52.15
52.52
52.91
53.28
53.65
54.03
54.42
54.80
55.17
55.54
55.91
56.30
56.67
57.04
57.43
57.82
58.20
58.58
58.96
59.34
59.72
60.09
60.48
60.86
61.23
61.60
61.99
62.37
62.75
63.14
63.52
63.90
64.28
64.66
65.04
65.42
65.81
66.18
66.56
66.94
67.33
67.71
68.09
68.46
68.84
69.22
69.60
69.98
70.37
70.75
71.12
71.51
71.89
72.26
72.64
73.03
73.41
73.78
74.16
74.55
74.93
75.30
75.69
76.06
76.44
76.82
77.21
77.59
77.97
78.36
78.74
79.12
79.51
79.88
80.26
80.64
81.01
81.39
81.76
82.14
82.52
82.91
83.29
83.68
84.08
84.49
84.89
85.30
85.69
86.10
86.51
86.89
