# Beats
0.46
0.95
1.44
1.94
2.44
2.94
3.41
3.89
4.38
4.88
5.39
5.90
6.41
6.90
7.38
7.88
8.38
8.89
9.31
9.73
10.16
10.57
10.99
11.41
11.89
12.34
12.82
13.29
13.76
14.23
14.70
15.26
15.81
16.37
16.94
17.51
18.10
18.69
19.30
19.85
20.42
20.91
21.40
21.90
22.38
22.85
23.32
23.80
24.29
24.75
25.24
25.65
26.03
26.42
26.82
27.23
27.63
28.05
28.48
28.90
29.30
29.71
30.14
30.53
30.95
31.44
31.90
32.37
32.83
33.30
33.74
34.20
34.67
35.12
35.56
36.01
36.47
36.93
37.35
37.77
38.20
38.63
39.01
39.40
39.80
40.17
40.57
40.96
41.37
41.76
42.14
42.54
42.92
43.32
43.72
44.12
44.68
45.23
45.78
46.32
46.86
47.38
47.91
48.44
48.97
49.52
50.05
50.61
51.15
51.69
52.24
52.80
53.36
53.87
54.38
54.89
55.37
55.84
56.31
56.81
57.32
57.83
58.42
59.03
59.62
60.22
60.82
61.43
62.01
62.59
63.18
63.76
64.33
64.90
65.46
66.04
66.62
67.22
67.84
68.45
69.08
69.71
70.31
70.91
71.46
72.01
72.54
73.08
73.63
74.20
74.77
75.33
75.87
76.42
76.96
77.50
78.04
78.59
79.13
79.69
80.24
80.64
81.04
81.44
81.84
82.22
82.62
83.00
83.39
83.80
84.20
84.59
84.99
85.36
85.75
86.15
86.55
86.95
87.33
87.72
88.12
88.51
88.89
89.26
89.63
90.00
90.38
90.77
91.14
91.52
91.90
92.32
92.75
93.18
93.61
94.05
94.48
94.90
95.33
95.76
96.19
96.71
97.25
97.76
98.28
98.82
99.36
99.90
100.43
100.96
101.51
102.03
102.56
103.08
103.61
104.14
104.68
105.20
105.62
106.01
106.42
106.81
107.18
107.55
107.93
108.32
108.73
109.11
109.48
109.85
110.20
110.56
110.91
111.27
111.63
111.99
112.36
112.72
113.08
113.45
113.80
114.15
114.52
114.92
115.30
115.68
116.06
116.45
116.83
117.21
117.59
117.96
118.34
118.72
119.10
119.46
119.83
120.19
120.56
120.95
121.32
121.70
122.07
122.44
122.81
123.19
123.58
123.95
124.34
124.71
125.09
125.45
125.81
126.19
126.58
126.97
127.34
127.69
128.06
128.45
128.82
129.20
129.59
129.99
130.36
130.73
131.11
131.48
131.87
132.24
132.62
133.00
133.35
133.75
134.12
134.49
134.86
135.24
135.63
136.00
136.39
136.77
137.16
137.56
137.94
138.34
138.75
139.16
139.55
139.96
140.36
140.78
141.25
141.72
142.15
142.59
143.03
143.48
143.92
144.35
144.78
