# Beats
0.72
1.45
2.18
2.91
3.61
4.30
4.98
5.68
6.36
7.05
7.70
8.35
8.92
9.47
10.03
10.58
11.11
11.66
12.24
12.82
13.43
14.05
14.65
15.26
15.86
16.46
17.08
17.69
18.23
18.76
19.31
19.80
20.27
20.75
21.23
21.71
22.20
22.71
23.21
23.71
24.21
24.71
25.21
25.72
26.23
26.73
27.24
27.75
28.24
28.70
29.15
29.62
30.04
30.45
30.86
31.21
31.54
31.88
32.22
32.55
32.89
33.22
33.55
33.89
34.23
34.56
34.91
35.26
35.61
35.96
36.30
36.65
36.99
37.38
37.79
38.17
38.57
38.96
39.36
39.74
40.14
40.53
40.90
41.29
41.67
42.05
42.42
42.81
43.18
43.56
43.93
44.30
44.68
45.04
45.42
45.80
46.16
46.53
46.92
47.30
47.68
48.07
48.46
48.84
49.23
49.60
49.95
50.31
50.68
51.05
51.43
51.83
52.22
52.62
53.00
53.37
53.77
54.14
54.50
54.86
55.21
55.55
55.91
56.27
56.62
56.98
57.33
57.69
58.04
58.41
58.77
59.13
59.50
59.90
60.29
60.69
61.08
61.44
61.79
62.14
62.48
62.86
63.20
63.55
63.90
64.25
64.60
64.95
65.31
65.65
66.00
66.35
66.70
67.04
67.38
67.73
68.07
68.42
68.79
69.16
69.52
69.87
70.22
70.57
70.91
71.25
71.58
71.90
72.24
72.59
72.97
73.33
73.69
74.05
74.56
75.08
75.60
76.13
76.66
77.36
78.03
78.70
79.39
80.07
80.76
81.44
82.13
82.81
83.51
84.18
84.87
85.55
86.25
86.94
87.62
88.31
88.99
89.71
90.43
91.12
91.79
92.49
93.19
93.89
94.59
95.29
95.99
96.68
97.36
98.06
98.75
99.44
100.12
100.82
101.54
102.27
102.98
103.70
104.40
105.08
105.60
106.13
106.66
107.18
107.71
108.22
108.74
109.25
109.75
110.26
110.76
111.26
111.75
112.23
112.73
113.24
113.75
114.28
114.79
115.31
115.83
116.36
116.87
117.39
117.98
118.57
119.16
119.75
120.33
120.92
121.52
122.11
122.71
123.30
123.86
124.40
124.93
125.48
126.03
126.63
127.23
127.83
128.41
128.99
129.57
130.15
130.73
131.27
131.82
132.37
132.91
133.45
133.98
134.52
