# Beats
0.48
0.96
1.45
1.90
2.39
2.88
3.34
3.81
4.30
4.76
5.25
5.69
6.08
6.48
6.87
7.29
7.71
8.15
8.57
8.96
9.38
9.78
10.18
10.76
11.32
11.89
12.42
12.99
13.57
14.09
14.63
15.19
15.72
16.29
16.80
17.35
17.87
18.39
18.92
19.48
20.05
20.60
21.13
21.65
22.18
22.71
23.22
23.75
24.33
24.93
25.54
26.12
26.70
27.26
27.84
28.39
28.98
29.54
30.19
30.84
31.49
32.11
32.74
33.37
34.02
34.64
35.27
35.78
36.26
36.78
37.20
37.60
38.02
38.45
38.80
39.15
39.54
39.94
40.33
40.75
41.12
41.49
41.87
42.26
42.68
43.05
43.49
43.91
44.35
44.76
45.16
45.58
45.99
46.43
46.88
47.30
47.62
47.97
48.33
48.69
49.04
49.38
49.69
49.99
50.32
50.64
50.98
51.32
51.64
51.94
52.27
52.60
52.94
53.27
53.61
54.01
54.38
54.73
55.10
55.45
55.77
56.10
56.41
56.73
57.03
57.34
57.70
58.03
58.40
58.75
59.09
59.42
59.77
60.12
60.44
60.77
61.10
61.44
61.77
62.10
62.45
62.83
63.18
63.55
63.94
64.27
64.64
65.02
65.46
65.94
66.41
66.90
67.38
67.86
68.34
68.85
69.33
69.82
70.24
70.68
71.12
71.61
72.13
72.63
73.10
73.56
74.00
74.49
74.98
75.44
75.91
76.39
76.86
77.28
77.69
78.14
78.55
78.92
79.32
79.67
80.02
80.36
80.74
81.08
81.46
81.80
82.13
82.45
82.79
83.21
83.55
83.89
84.27
84.65
85.03
85.38
85.70
86.08
86.44
86.80
87.13
87.52
87.98
88.41
88.85
89.26
89.68
90.12
90.51
90.91
91.35
91.77
92.17
92.58
92.95
93.32
93.88
94.44
94.97
95.52
96.06
96.60
97.13
97.65
98.24
98.80
99.33
99.92
100.50
101.10
101.72
102.31
102.86
103.44
104.01
104.57
105.12
105.65
106.22
106.74
107.25
107.80
108.32
108.90
109.46
110.06
110.67
111.25
111.87
112.48
113.08
113.66
114.24
114.80
115.36
115.90
116.36
116.84
117.33
117.84
118.31
118.79
119.26
119.72
120.21
120.70
121.16
121.60
122.07
122.51
122.96
123.41
123.86
124.30
124.74
125.18
125.67
126.13
126.57
127.01
127.44
127.81
128.20
128.55
128.92
129.30
129.71
130.05
130.39
130.86
131.36
131.82
132.25
132.61
132.99
133.35
133.70
134.07
134.46
134.87
135.21
135.58
135.93
136.28
136.63
137.00
137.37
137.74
138.11
138.46
138.81
139.13
139.49
139.84
140.17
140.49
140.81
141.11
141.41
141.73
142.09
142.40
142.80
143.22
143.64
144.06
144.54
145.06
145.55
146.02
146.49
146.94
147.38
147.81
148.28
148.75
149.23
149.70
150.26
150.81
151.39
151.95
152.51
153.05
153.60
154.16
154.63
155.09
155.53
155.99
156.46
156.97
157.48
157.92
158.38
158.85
159.29
159.73
160.22
160.68
161.15
161.63
162.08
162.52
162.98
163.45
163.86
164.28
164.68
165.12
165.51
165.93
166.35
166.77
167.23
167.67
168.12
168.60
169.04
169.48
169.92
170.36
170.85
171.29
171.73
172.14
172.62
173.09
173.55
174.03
174.47
174.94
175.36
175.76
176.24
176.68
177.15
177.59
178.05
178.54
179.00
179.51
180.01
180.47
180.93
181.42
181.91
182.39
182.86
183.32
183.81
184.27
184.71
185.20
185.67
186.15
186.64
187.11
187.59
188.10
188.62
189.22
189.80
190.40
191.04
191.61
192.24
192.84
193.47
194.06
194.75
195.45
196.15
196.82
197.46
198.09
198.74
199.37
199.99
200.61
201.22
201.80
202.29
202.80
203.29
203.78
204.27
204.78
205.28
205.81
206.31
206.82
207.28
207.77
208.24
208.70
209.21
209.82
210.37
210.98
211.56
212.11
212.69
213.25
213.79
214.29
214.78
215.30
215.78
216.22
216.67
217.11
217.57
218.06
218.57
219.05
219.50
219.99
220.43
220.91
221.40
221.87
222.35
222.82
223.24
223.64
224.05
224.47
224.86
225.28
225.70
226.14
226.60
227.09
227.53
227.97
228.39
228.83
229.24
229.61
230.02
230.39
230.74
231.10
231.46
231.83
232.20
232.57
232.97
233.34
233.73
234.15
234.54
234.87
235.22
235.59
235.95
236.40
236.87
237.30
237.89
238.50
239.12
239.70
240.26
240.79
241.36
241.93
242.39
242.86
243.37
243.80
244.27
244.73
245.16
245.53
245.88
246.25
246.57
246.94
247.32
247.66
248.04
248.45
248.92
249.38
249.85
250.32
250.78
251.22
251.66
252.12
252.56
253.04
253.47
253.89
254.28
254.70
255.09
255.51
255.91
256.33
256.74
257.18
257.60
257.99
258.37
258.79
259.20
259.60
260.03
260.50
260.96
261.55
262.13
262.73
263.36
263.96
264.57
265.13
265.73
266.38
267.06
267.75
268.41
269.08
269.72
270.37
271.05
271.74
272.46
273.16
273.86
274.58
275.32
276.04
276.72
277.46
278.18
278.89
279.59
280.29
280.94
281.57
282.20
282.81
283.45
284.07
284.72
285.33
285.95
286.60
287.27
287.90
288.58
289.20
