# Beats
0.53
1.09
1.64
2.18
2.73
3.29
3.84
4.46
5.07
5.68
6.25
6.82
7.38
7.95
8.52
9.09
9.66
10.23
10.81
11.39
11.97
12.55
13.13
13.61
14.08
14.56
15.02
15.46
15.95
16.44
16.90
17.35
17.76
18.18
18.65
19.11
19.55
20.04
20.50
20.87
21.29
21.73
22.13
22.52
22.91
23.34
23.73
24.13
24.54
24.94
25.31
25.69
26.08
26.47
26.85
27.23
27.63
28.03
28.49
28.97
29.40
29.84
30.30
30.77
31.25
31.70
32.12
32.55
32.95
33.34
33.72
34.13
34.50
34.90
35.32
35.76
36.18
36.64
37.11
37.52
37.99
38.41
38.80
39.20
39.57
39.98
40.43
40.82
41.24
41.67
42.07
42.47
42.88
43.40
43.86
44.37
44.86
45.40
45.88
46.49
47.14
47.75
48.37
49.02
49.62
50.22
50.85
51.48
52.08
52.71
53.31
53.87
54.44
55.08
55.70
56.33
56.95
57.61
58.26
58.91
59.54
60.15
60.79
61.44
62.09
62.69
63.30
63.92
64.55
65.18
65.65
66.15
66.66
67.15
67.66
68.15
68.65
69.18
69.73
70.26
70.75
71.20
71.70
72.21
72.72
73.24
73.75
