# Beats
0.46
0.92
1.37
1.81
2.25
2.68
3.10
3.53
3.97
4.41
4.89
5.39
5.87
6.25
6.64
7.04
7.43
7.85
8.25
8.66
9.06
9.45
9.83
10.22
10.61
10.99
11.39
11.77
12.16
12.55
12.93
13.33
13.73
14.14
14.54
14.93
15.34
15.74
16.15
16.53
16.94
17.32
17.71
18.10
18.51
18.90
19.34
19.78
20.22
20.67
21.10
21.52
21.98
22.41
22.83
23.24
23.67
24.13
24.57
25.00
25.43
25.84
26.26
26.70
27.17
27.61
28.03
28.42
28.80
29.21
29.62
30.04
30.45
30.86
31.27
31.67
32.09
32.51
32.88
33.27
33.65
34.02
34.39
34.76
35.12
35.48
35.85
36.23
36.62
37.00
37.40
37.78
38.15
38.55
38.93
39.31
39.71
40.22
40.70
41.22
41.71
42.21
42.71
43.21
43.70
44.21
44.70
45.17
45.66
46.16
46.66
47.15
47.64
48.12
48.61
49.09
49.56
50.06
50.54
51.01
51.49
51.98
52.48
52.96
53.43
53.89
54.37
54.85
55.33
55.82
56.31
56.80
57.30
57.77
58.25
58.72
59.21
59.64
60.07
60.49
60.89
61.30
61.70
62.09
62.48
62.88
63.27
63.69
64.18
64.67
65.16
65.64
66.13
66.62
67.11
67.59
68.08
68.68
69.29
69.88
70.48
71.08
71.68
72.28
72.91
73.53
74.15
74.77
75.40
76.01
76.63
77.24
77.80
78.36
78.92
79.49
80.06
80.55
81.05
81.54
82.04
82.52
83.01
83.50
83.99
84.47
84.92
85.33
85.75
86.17
86.58
86.98
87.40
87.81
88.21
88.62
89.03
89.42
89.83
90.23
90.65
91.07
91.46
91.88
92.36
92.83
93.32
93.80
94.27
94.74
95.28
95.82
96.36
96.90
97.44
97.98
98.43
98.87
99.31
99.68
100.07
100.45
100.83
101.17
101.52
101.87
102.19
102.53
102.92
103.32
103.70
104.10
104.49
104.88
105.27
105.65
106.05
106.45
106.86
107.25
107.64
108.02
108.39
108.74
109.09
109.45
109.81
110.20
110.57
110.97
111.36
111.80
112.22
112.66
113.10
113.55
113.96
114.39
114.82
115.25
115.68
116.23
116.78
117.33
117.86
118.39
118.89
119.36
119.83
120.30
120.78
121.23
121.71
122.18
122.67
123.14
123.65
124.16
124.67
125.34
126.03
126.69
127.33
127.97
128.65
129.31
129.96
130.61
131.27
131.92
132.59
133.24
133.89
134.52
135.16
135.80
136.44
137.09
137.74
138.38
139.02
139.64
140.27
140.92
141.56
142.20
142.84
143.48
144.11
144.75
145.38
146.05
146.72
147.39
148.07
148.75
149.42
150.11
150.79
