# Beats
0.60
1.23
1.88
2.53
3.16
3.78
4.45
5.09
5.74
6.36
7.02
7.66
8.30
8.94
9.58
10.22
10.84
11.47
12.14
12.82
13.47
14.12
14.77
15.42
16.07
16.71
17.37
18.04
18.72
19.39
20.06
20.75
21.42
22.11
22.80
23.46
24.13
24.78
25.40
26.05
26.70
27.35
28.00
28.65
29.30
29.95
30.60
31.25
31.90
32.58
33.25
33.94
34.53
35.11
35.71
36.32
36.92
37.60
38.29
38.96
39.64
40.28
40.94
41.59
42.24
42.88
43.50
44.14
44.77
45.40
46.02
46.66
47.32
47.97
48.65
49.30
49.95
50.61
51.25
51.90
52.55
53.20
53.78
54.37
54.97
55.57
56.17
56.73
57.27
57.82
58.35
58.90
59.43
59.98
60.51
61.07
61.63
62.18
62.86
63.52
64.17
64.82
65.48
66.12
66.77
67.41
68.03
68.68
69.33
69.97
70.61
71.26
71.91
72.56
73.21
73.86
74.51
75.16
75.81
76.46
77.10
77.74
78.38
79.03
79.67
80.33
80.99
81.64
82.29
82.94
83.48
84.00
84.52
85.01
85.50
86.01
86.40
86.80
87.17
87.55
87.93
88.31
88.69
89.07
89.44
89.81
90.17
90.56
90.93
91.30
91.67
92.06
92.44
92.81
93.18
93.55
93.95
94.37
94.78
95.17
95.55
95.93
96.34
96.80
97.26
97.71
98.28
98.86
99.43
100.01
100.58
101.15
101.70
102.26
102.82
103.39
103.96
104.54
105.12
105.71
106.31
106.93
107.52
108.09
108.65
109.23
109.81
110.39
110.97
111.55
112.13
112.71
113.22
113.73
114.25
114.71
115.17
115.64
116.09
116.54
116.98
117.42
117.88
118.33
118.77
119.21
119.65
120.11
120.55
120.98
121.42
121.85
122.22
122.60
122.97
123.37
123.77
124.18
124.58
124.97
125.36
125.77
126.18
126.57
126.97
127.35
127.73
128.10
128.49
128.87
129.24
129.61
130.01
130.40
130.80
131.19
131.59
131.99
132.40
132.81
133.21
133.63
134.05
134.44
134.84
135.23
135.63
136.02
136.41
136.79
137.18
137.57
137.95
138.34
138.74
139.13
139.53
139.94
140.34
140.74
141.15
141.56
141.97
142.36
142.76
143.16
143.55
143.92
144.29
144.66
145.03
145.41
145.80
146.17
146.54
146.91
147.28
147.67
148.05
148.43
148.82
149.19
149.57
149.95
150.35
150.73
151.12
151.51
151.86
152.21
152.57
152.93
153.29
153.62
153.97
154.33
154.69
155.04
155.39
155.71
156.07
156.43
156.79
157.15
157.51
157.87
158.24
158.62
158.99
159.36
159.72
160.08
160.43
160.79
161.15
161.51
161.87
162.25
162.64
163.03
163.41
163.78
164.14
164.50
164.88
165.26
165.62
165.99
166.35
166.72
167.09
167.47
167.83
168.19
168.58
168.95
169.33
169.70
170.06
170.43
170.81
171.18
171.55
171.93
172.32
172.70
173.08
173.45
173.82
174.20
174.57
174.94
175.32
175.68
176.05
176.44
176.82
177.24
177.68
178.11
178.55
178.99
179.42
179.86
180.30
180.74
181.19
181.66
182.11
182.57
183.02
183.48
183.94
184.47
184.99
185.52
186.03
186.55
187.06
187.59
188.12
188.62
189.24
189.88
190.53
191.18
191.82
192.45
193.09
193.74
194.37
195.02
195.65
196.30
196.95
197.60
198.25
198.89
199.58
200.26
200.95
201.63
202.32
203.00
203.66
204.32
204.99
205.64
206.29
206.95
207.60
208.27
208.93
209.61
210.28
210.98
211.65
212.32
213.00
213.67
214.32
214.97
215.64
216.32
216.98
217.65
218.31
218.98
219.65
220.31
220.98
221.65
222.31
222.98
223.64
224.30
224.95
225.61
226.29
226.98
227.66
228.37
229.04
229.72
230.38
231.03
231.69
232.34
233.00
233.67
234.34
235.00
235.66
236.31
236.98
237.63
238.31
238.96
239.63
240.28
240.94
241.60
242.28
242.95
243.62
244.30
244.96
245.62
246.27
246.94
247.62
248.28
248.96
249.61
250.31
250.98
251.63
252.28
252.96
253.63
254.30
254.94
255.58
256.26
256.93
257.59
258.25
258.91
259.58
260.24
260.90
261.57
262.25
262.92
263.59
264.24
264.92
265.59
266.26
266.92
