# Beats
0.67
1.36
2.04
2.71
3.38
4.05
4.74
5.42
6.08
6.75
7.41
8.07
8.72
9.38
10.04
10.70
11.39
12.06
12.75
13.42
14.09
14.76
15.42
16.08
16.73
17.37
18.02
18.66
19.31
19.85
20.40
20.93
21.49
22.04
22.47
22.91
23.34
23.75
24.11
24.45
24.78
25.11
25.45
25.77
26.10
26.45
26.77
27.10
27.43
27.77
28.10
28.44
28.77
29.11
29.44
29.79
30.12
30.44
30.77
31.10
31.45
31.79
32.12
32.46
32.79
33.11
33.46
33.81
34.16
34.50
34.85
35.20
35.56
35.92
36.27
36.63
37.15
37.65
38.17
38.75
39.33
39.93
40.51
41.08
41.62
42.19
42.75
43.29
43.84
44.40
45.06
45.72
46.39
47.07
47.74
48.43
49.11
49.81
50.49
51.17
51.85
52.50
53.15
53.82
54.50
55.15
55.80
56.47
57.14
57.81
58.50
59.19
59.86
60.53
61.22
61.90
62.60
63.30
63.97
64.64
65.34
66.04
66.72
67.35
67.96
68.59
69.21
69.82
70.44
71.05
71.70
72.38
73.06
73.73
74.40
75.06
75.72
76.38
77.04
77.71
78.37
79.04
79.71
80.38
81.04
81.70
82.27
82.84
83.41
83.99
84.54
85.11
85.68
86.31
86.94
87.56
88.19
88.82
89.42
90.02
90.64
91.23
91.81
92.42
93.02
93.62
94.23
94.83
95.41
96.01
96.61
97.18
97.76
98.31
98.89
99.57
100.22
100.87
101.51
102.14
102.77
103.41
104.05
104.70
105.35
106.05
106.74
107.46
108.17
108.83
109.51
110.16
110.81
111.46
112.13
112.79
113.45
114.11
114.78
115.43
116.09
116.75
117.42
118.10
118.77
119.46
120.12
120.77
121.43
122.11
122.79
123.40
124.01
124.61
125.23
125.85
126.46
127.07
127.69
128.27
128.85
129.40
129.96
130.52
131.09
131.67
132.26
132.84
133.42
134.06
134.71
135.37
136.02
136.67
137.32
137.98
138.50
139.01
139.53
139.99
140.45
140.90
141.36
141.83
142.28
142.76
143.23
143.71
144.22
144.73
145.24
145.75
146.26
146.77
147.28
147.77
148.27
148.77
149.26
149.75
150.24
150.74
151.23
151.72
152.23
152.72
153.23
153.72
154.22
154.71
155.23
155.72
156.22
156.73
157.25
157.76
158.27
158.75
159.24
159.74
160.24
160.74
161.24
161.74
162.24
162.74
163.25
163.74
164.21
164.69
165.16
165.63
166.10
166.59
167.09
167.58
168.07
168.58
169.09
169.64
170.20
170.76
171.32
171.86
172.43
173.01
173.58
174.15
174.71
175.26
175.78
176.29
176.80
177.21
177.63
178.03
178.42
178.82
179.21
179.62
180.04
180.44
180.84
181.23
181.63
182.02
182.42
182.86
183.29
183.72
184.16
184.69
185.23
185.77
186.33
186.90
187.55
188.22
188.92
189.61
190.31
191.01
191.72
192.40
193.10
193.71
194.33
194.94
195.57
196.19
196.81
197.43
197.97
198.53
199.08
199.59
200.10
200.61
201.08
201.55
202.03
202.48
202.93
203.41
203.86
204.31
204.77
205.10
205.44
205.78
206.12
206.47
206.82
207.16
207.49
207.82
208.17
208.53
208.86
209.21
209.56
209.91
210.23
210.58
210.94
211.30
211.65
212.02
212.37
212.73
213.09
213.46
213.82
214.16
214.51
214.85
215.20
215.54
215.89
216.25
216.60
216.94
217.29
217.64
217.97
218.29
218.63
218.96
219.29
219.61
219.94
220.28
220.62
220.96
221.29
221.61
221.92
222.25
222.56
222.89
223.24
223.58
223.93
224.28
224.64
224.97
225.30
225.65
225.99
226.32
226.66
227.01
227.37
227.72
228.07
228.41
228.77
229.11
229.44
229.76
230.11
230.45
230.78
231.13
231.48
231.83
232.18
232.52
232.87
233.22
233.59
233.95
234.31
234.67
235.03
235.38
235.75
236.12
236.47
236.82
237.16
237.49
237.83
238.17
238.53
238.88
239.24
239.58
239.94
240.31
240.70
241.07
241.44
241.81
242.18
242.58
242.97
243.37
243.76
244.16
244.55
