# Beats
0.57
1.15
1.73
2.32
2.91
3.49
4.08
4.56
5.05
5.54
6.03
6.51
6.99
7.48
7.98
8.48
8.97
9.49
9.98
10.48
10.98
11.47
11.96
12.46
12.96
13.46
13.96
14.45
14.95
15.45
15.95
16.53
17.11
17.68
18.26
18.83
19.39
19.96
20.51
21.08
21.66
22.23
22.78
23.32
23.87
24.42
24.96
25.51
26.05
26.59
27.13
27.69
28.25
28.80
29.36
29.92
30.48
31.05
31.56
32.07
32.58
33.08
33.58
34.06
34.54
35.02
35.49
35.98
36.47
36.94
37.36
37.78
38.20
38.61
39.02
39.43
39.82
40.28
40.73
41.18
41.66
42.14
42.62
43.10
43.58
44.06
44.54
45.02
45.50
45.99
46.47
46.96
47.44
47.93
48.41
48.90
49.39
49.88
50.36
50.84
51.30
51.77
52.26
52.74
53.23
53.71
54.18
54.67
55.16
55.64
56.12
56.63
57.13
57.64
58.15
58.65
59.16
59.72
60.28
60.84
61.41
61.97
62.53
63.10
63.67
64.23
64.78
65.34
65.90
66.46
67.00
67.55
68.09
68.64
69.17
69.71
70.24
70.80
71.33
71.85
72.38
72.90
73.43
73.98
74.51
75.05
75.58
76.12
76.64
77.17
77.71
78.24
78.79
79.32
79.85
80.39
80.92
81.46
82.00
82.56
83.12
83.64
84.16
84.69
85.23
85.75
86.27
86.80
87.32
87.83
88.34
88.86
89.34
89.81
90.29
90.84
91.37
91.90
92.44
92.98
93.52
94.04
94.56
95.07
95.60
96.12
96.65
97.18
97.71
98.23
98.75
99.29
99.83
100.38
100.93
101.49
102.06
102.64
103.21
103.78
104.35
104.92
105.49
106.06
106.64
107.29
107.93
108.58
109.23
109.88
110.53
111.18
111.84
112.50
113.26
114.01
114.78
115.54
116.30
117.05
117.81
118.56
119.29
120.02
120.70
121.37
122.03
122.71
123.39
124.08
124.76
125.42
126.07
126.71
127.35
127.98
128.59
129.21
129.83
130.45
131.08
131.70
132.32
132.95
133.56
134.19
134.82
135.43
136.03
136.65
137.23
137.80
138.37
138.94
139.52
140.10
140.68
141.26
141.84
142.41
142.97
143.52
144.08
144.53
144.99
145.45
145.90
146.37
146.82
147.28
147.74
148.19
148.64
149.08
149.54
150.00
150.44
150.89
151.35
151.79
152.23
152.67
153.11
153.55
153.99
154.44
154.88
155.32
155.76
156.20
156.64
157.09
157.54
157.98
158.41
158.85
159.25
159.66
160.06
160.45
160.84
161.25
161.66
162.06
162.47
162.88
163.28
163.69
164.10
164.51
164.92
165.33
165.73
166.13
166.52
166.93
167.33
167.73
168.12
168.52
168.91
169.31
169.71
170.12
170.54
170.95
171.34
171.73
172.13
172.54
172.94
173.34
173.74
174.15
174.56
174.96
175.44
175.93
176.40
176.89
177.37
177.84
178.32
178.79
179.28
179.77
180.27
180.77
181.27
181.81
182.36
182.89
183.43
183.97
184.48
184.99
185.50
186.02
186.53
187.05
187.49
187.93
188.37
188.81
189.27
189.71
190.15
190.67
191.20
191.73
192.25
192.77
193.40
194.03
194.65
195.36
196.06
196.75
197.45
198.15
198.84
199.54
200.24
200.86
201.49
202.11
202.72
203.34
203.94
204.54
205.16
205.76
206.38
206.95
207.52
208.09
208.65
209.24
209.79
210.35
210.91
211.46
212.02
212.58
213.12
213.67
214.22
214.76
215.31
215.75
216.20
216.67
217.15
217.63
218.11
218.58
219.07
219.56
220.04
220.53
221.01
221.43
221.80
222.17
222.55
222.92
223.29
223.67
224.05
224.49
224.94
225.38
225.83
226.29
226.75
227.22
227.68
228.14
