# Beats
0.39
0.84
1.25
1.66
2.09
2.53
2.98
3.40
3.85
4.30
4.74
5.18
5.60
6.14
6.64
7.13
7.59
8.10
8.64
9.15
9.68
10.24
10.84
11.41
12.00
12.61
13.19
13.77
14.33
14.85
15.42
15.98
16.56
17.15
17.72
18.36
18.97
19.55
20.17
20.76
21.36
21.97
22.59
23.23
23.85
24.45
25.08
25.70
26.31
27.00
27.69
28.35
29.02
29.68
30.35
31.01
31.63
32.22
32.81
33.39
34.02
34.62
35.25
35.87
36.50
37.15
37.80
38.41
39.03
39.66
40.26
40.87
41.45
42.00
42.61
43.19
43.77
44.33
44.88
45.43
46.02
46.51
47.00
47.50
48.02
48.53
49.02
49.54
50.04
50.54
50.99
51.43
51.90
52.38
52.87
53.36
53.73
54.08
54.44
54.82
55.15
55.52
55.89
56.24
56.63
57.00
57.40
57.82
58.24
58.68
59.07
59.50
59.93
60.37
60.81
61.28
61.72
62.16
62.62
63.04
63.48
63.91
64.32
64.76
65.18
65.60
66.01
66.46
66.94
67.43
67.93
68.38
68.85
69.33
69.86
70.34
70.81
71.32
71.80
72.26
72.75
73.24
73.70
74.18
74.63
75.07
75.53
76.02
76.49
76.93
77.37
77.83
78.30
78.76
79.23
79.71
80.20
80.69
81.15
81.64
82.11
82.55
83.01
83.55
84.03
84.51
85.02
85.52
86.02
86.49
86.94
87.42
87.85
88.26
88.68
89.08
89.49
89.90
90.33
90.74
91.20
91.60
92.00
92.51
93.02
93.53
94.06
94.55
95.04
95.56
96.06
96.55
96.95
97.43
97.85
98.27
98.71
99.17
99.66
100.12
100.61
101.10
101.56
102.02
102.49
102.97
103.47
103.98
104.49
105.02
105.51
106.00
106.49
107.00
107.50
107.97
108.44
108.90
109.37
109.85
110.43
111.06
111.60
112.15
112.71
113.27
113.87
114.43
114.97
115.52
116.03
116.59
117.14
117.66
118.19
118.71
119.26
119.79
120.37
120.98
121.60
122.30
122.95
123.62
124.28
124.92
125.60
126.22
126.87
127.50
128.13
128.77
129.44
130.08
130.74
131.38
132.04
132.69
