# Beats
0.64
1.29
1.95
2.60
3.26
3.92
4.59
5.25
5.91
6.57
7.22
7.84
8.45
9.00
9.54
10.10
10.65
11.18
11.73
12.33
12.93
13.50
14.08
14.65
15.23
15.81
16.38
16.94
17.48
18.03
18.59
19.14
19.64
20.14
20.64
21.20
21.76
22.38
23.01
23.63
24.25
24.88
25.52
26.16
26.80
27.42
28.06
28.73
29.41
30.09
30.77
31.45
32.14
32.81
33.48
34.17
34.75
35.32
35.87
36.42
36.98
37.54
38.09
38.68
39.28
39.88
40.47
41.06
41.67
42.26
42.85
43.44
44.04
44.62
45.21
45.79
46.36
46.93
47.50
48.05
48.60
49.20
49.82
50.43
51.05
51.66
52.28
52.88
53.49
54.08
54.67
55.28
55.88
56.48
57.09
57.69
58.31
58.91
59.54
60.16
60.79
61.42
62.03
62.65
63.26
63.88
64.48
65.10
65.65
66.19
66.73
67.28
67.83
68.36
68.91
69.45
70.08
70.70
71.34
71.98
72.62
73.26
73.89
74.51
75.14
75.77
76.39
77.03
77.78
78.51
79.23
79.96
80.69
81.42
82.14
82.86
83.60
84.35
85.10
85.86
86.53
87.21
87.89
88.56
89.22
89.90
90.56
91.22
91.89
92.54
93.19
93.89
94.57
95.27
95.96
96.64
97.34
98.03
98.63
99.22
99.73
100.24
100.75
101.26
101.77
102.30
102.82
103.34
103.86
104.42
104.98
105.52
106.06
106.58
107.13
107.66
108.20
108.75
109.30
109.97
110.61
111.25
111.86
112.47
113.07
113.66
114.27
114.87
115.46
116.06
116.66
117.25
117.85
118.46
119.05
119.65
120.24
120.84
121.45
122.06
122.65
123.25
123.84
124.44
125.03
125.63
126.24
126.84
127.44
128.03
128.63
129.23
129.82
130.43
131.04
131.65
132.25
132.85
133.47
134.07
134.68
135.27
135.87
136.48
137.08
137.67
138.26
138.84
139.44
140.03
140.63
141.24
141.83
142.43
143.03
143.63
144.23
144.83
145.44
146.03
146.62
147.20
147.80
148.39
148.98
149.57
150.16
150.76
151.35
151.95
152.56
153.18
153.81
154.41
155.00
155.60
156.18
156.78
157.37
157.99
158.59
159.21
159.82
160.44
161.05
161.67
162.28
162.90
163.53
164.15
164.78
165.40
166.01
166.64
167.28
167.92
168.47
169.04
169.61
170.17
170.72
171.37
172.03
172.69
173.34
173.99
174.64
175.29
175.94
176.59
177.26
177.93
178.53
179.12
179.71
180.30
180.90
181.50
182.10
182.71
183.26
183.82
184.39
184.96
185.53
186.08
186.65
187.21
187.77
188.34
188.93
189.52
190.11
190.71
191.31
191.95
192.59
193.19
193.79
194.40
195.00
195.59
196.17
196.74
197.31
197.89
198.48
199.08
199.59
200.09
200.60
201.10
201.61
202.11
202.59
203.09
203.59
204.08
204.58
205.07
205.68
206.29
206.90
207.51
208.10
208.69
209.29
209.90
210.50
211.10
211.71
212.31
212.95
213.59
214.23
214.87
215.50
216.14
216.78
217.41
218.05
218.69
219.31
219.94
220.57
221.20
221.84
222.48
223.07
223.68
224.26
224.84
225.41
225.99
226.57
227.15
227.72
228.29
228.86
229.41
229.98
230.55
231.12
231.69
232.26
232.83
233.31
233.76
234.24
234.73
235.14
235.54
235.95
236.36
236.76
237.17
237.57
238.02
238.46
238.90
239.34
239.77
240.20
240.63
241.06
