# Beats
0.64
1.29
1.93
2.57
3.19
3.82
4.45
5.06
5.68
6.29
6.91
7.50
8.09
8.68
9.33
9.98
10.70
11.42
12.14
12.84
13.54
14.23
14.94
15.65
16.37
17.09
17.81
18.53
19.24
19.97
20.69
21.41
22.13
22.71
23.29
23.87
24.45
25.03
25.59
26.16
26.73
27.28
27.84
28.44
29.05
29.65
30.24
30.84
31.35
31.86
32.37
32.88
33.38
33.88
34.46
35.04
35.62
36.23
36.85
37.47
38.08
38.70
39.31
39.93
40.52
41.10
41.68
42.26
42.84
43.42
43.99
44.57
45.16
45.75
46.35
46.94
47.53
48.05
48.58
49.11
49.64
50.18
50.69
51.20
51.71
52.18
52.64
53.10
53.57
54.03
54.50
54.97
55.43
55.89
56.35
56.82
57.28
57.75
58.20
58.65
59.11
59.56
60.01
60.46
60.93
61.39
61.86
62.32
62.78
63.23
63.68
64.16
64.62
65.10
65.55
66.00
66.47
66.93
67.38
67.84
