# Beats
0.44
0.91
1.37
1.82
2.29
2.75
3.20
3.65
4.09
4.53
4.97
5.41
5.85
6.29
6.70
7.11
7.49
7.91
8.30
8.70
9.07
9.43
9.80
10.17
10.54
10.91
11.28
11.66
12.00
12.35
12.70
13.04
13.37
13.72
14.07
14.43
14.79
15.14
15.48
15.81
16.14
16.47
16.81
17.16
17.51
17.89
18.27
18.66
19.04
19.44
19.84
20.25
20.64
21.06
21.48
21.90
22.30
22.71
23.12
23.52
23.94
24.36
24.76
25.18
25.54
25.90
26.27
26.63
26.99
27.35
27.72
28.08
28.43
28.79
29.14
29.48
29.83
30.17
30.51
30.85
31.20
31.54
31.89
32.23
32.58
32.90
33.23
33.55
33.88
34.24
34.60
34.97
35.33
35.70
36.07
36.44
36.82
37.18
37.55
37.93
38.31
38.68
39.06
39.43
39.80
40.19
40.59
40.98
41.39
41.87
42.34
42.81
43.27
43.75
44.22
44.71
45.20
45.69
46.21
46.74
47.28
47.81
48.36
48.89
49.41
49.93
50.46
50.98
51.50
52.01
52.54
53.06
53.73
54.40
55.10
55.80
56.48
57.18
57.86
58.56
59.25
59.94
60.64
61.31
62.01
62.71
63.38
64.06
64.76
65.46
66.14
66.83
67.52
68.20
68.88
69.57
70.26
70.97
71.67
72.35
73.05
73.73
74.42
75.10
75.79
76.50
77.21
77.88
78.55
79.23
79.91
80.54
81.17
81.79
82.43
83.06
83.68
84.31
84.93
85.55
86.17
86.71
87.26
87.82
88.39
88.96
89.54
90.12
90.70
91.28
91.86
92.45
93.04
93.62
94.18
94.74
95.29
95.85
96.41
96.98
97.56
98.13
98.70
99.27
99.95
100.62
101.31
101.98
102.64
103.32
103.98
104.61
105.23
105.85
106.46
107.08
107.69
108.32
108.89
109.46
110.04
110.63
111.21
111.78
112.35
112.92
113.37
113.82
114.29
114.66
115.02
115.39
115.76
116.12
116.48
116.83
117.19
117.54
117.89
118.24
118.57
118.92
119.26
119.59
119.93
120.28
120.63
120.98
121.34
121.68
122.03
122.37
122.69
123.03
123.37
123.72
124.08
124.44
124.80
125.13
125.47
125.79
126.13
126.48
126.84
127.19
127.55
127.91
128.26
128.60
128.94
129.27
129.60
129.95
130.29
130.64
130.96
131.30
131.63
131.97
132.31
132.64
132.99
133.35
133.70
134.10
134.49
134.88
135.27
135.66
136.06
136.45
136.87
137.28
137.69
138.11
138.52
138.92
139.33
