# Beats
0.45
0.91
1.37
1.83
2.28
2.72
3.13
3.58
3.99
4.41
4.83
5.25
5.67
6.08
6.50
6.94
7.37
7.81
8.24
8.67
9.08
9.51
9.94
10.38
10.82
11.26
11.68
12.10
12.52
12.91
13.31
13.76
14.21
14.65
15.08
15.51
15.93
16.37
16.79
17.23
17.67
18.11
18.54
18.98
19.41
19.83
20.26
20.69
21.13
21.57
22.01
22.44
22.88
23.34
23.80
24.28
24.75
25.24
25.73
26.19
26.67
27.12
27.56
28.03
28.49
28.93
29.40
29.91
30.42
30.93
31.44
31.95
32.48
33.00
33.53
34.08
34.62
35.18
35.76
36.35
36.95
37.52
38.08
38.64
39.17
39.69
40.24
40.77
41.31
41.83
42.34
42.84
43.42
44.00
44.61
45.21
45.81
46.42
47.03
47.65
48.25
48.85
49.46
50.04
50.65
51.26
51.85
52.44
53.06
53.65
54.25
54.85
55.46
56.08
56.67
57.28
57.89
58.50
59.12
59.70
60.28
60.87
61.46
62.07
62.69
63.34
63.98
64.62
65.27
65.94
66.62
67.30
67.99
68.66
69.33
70.01
70.69
71.37
72.03
