# Beats
0.56
1.11
1.67
2.24
2.80
3.37
3.94
4.49
5.06
5.62
6.19
6.73
7.27
7.79
8.32
8.87
9.40
9.95
10.54
11.15
11.73
12.31
12.89
13.39
13.89
14.40
14.86
15.34
15.81
16.28
16.74
17.22
17.68
18.13
18.59
19.04
19.49
19.95
20.39
20.90
21.42
21.94
22.48
23.00
23.52
24.03
24.54
25.07
25.57
26.05
26.55
27.10
27.65
28.21
28.64
29.07
29.51
29.95
30.38
30.79
31.20
31.63
32.04
32.46
32.87
33.30
33.72
34.13
34.57
35.02
35.48
35.94
36.40
36.86
37.33
37.79
38.25
38.71
39.16
39.60
40.05
40.47
40.88
41.27
41.68
42.07
42.49
42.91
43.40
43.87
44.35
44.85
45.35
45.85
46.37
46.89
47.42
47.94
48.46
48.98
49.50
50.04
50.57
51.10
51.62
52.15
52.69
53.21
53.73
54.25
54.78
55.29
55.80
56.31
56.80
57.31
57.82
58.33
58.84
59.33
59.84
60.36
60.88
61.41
61.93
62.43
62.93
63.44
63.95
64.45
64.95
65.53
66.12
66.69
67.26
67.81
68.38
68.94
69.50
70.05
70.61
71.18
71.75
72.30
72.85
73.40
73.94
74.49
75.05
75.58
76.10
76.63
77.28
77.90
78.53
79.13
79.74
80.34
80.97
81.57
82.18
82.76
83.34
83.94
84.54
85.16
85.77
86.37
86.96
87.56
88.15
88.75
89.35
89.97
90.56
91.16
91.75
92.35
92.94
93.54
94.11
94.69
95.24
95.78
96.34
96.87
97.43
97.99
98.57
99.13
99.65
100.18
100.72
101.19
101.68
102.14
102.63
103.12
103.61
104.11
104.59
105.09
105.63
106.17
106.70
107.36
108.02
108.67
109.32
109.96
110.56
111.15
111.72
112.29
112.90
113.48
114.07
114.66
115.25
115.96
116.66
117.37
118.07
118.79
119.50
120.20
120.89
121.59
122.28
122.97
123.67
124.34
125.04
125.74
126.43
127.15
127.86
128.57
129.25
129.94
130.64
131.34
132.05
132.75
133.42
134.16
134.91
135.59
136.30
137.01
137.72
138.44
139.16
139.82
140.49
141.17
141.78
142.40
143.03
143.69
144.32
144.96
145.61
146.24
146.87
147.41
147.98
148.54
149.07
149.61
150.14
150.65
151.17
151.67
152.18
152.72
153.34
153.94
154.53
155.11
155.69
156.29
156.87
157.47
158.05
158.66
159.20
159.74
160.31
160.94
161.55
162.19
162.82
163.45
163.96
164.49
165.00
165.52
166.05
166.58
167.10
167.62
168.12
168.62
169.13
169.59
170.04
170.49
170.93
171.37
171.83
172.27
172.72
173.17
173.64
174.10
174.57
175.03
175.43
175.82
176.20
176.61
177.03
177.45
177.86
178.27
178.68
179.07
179.44
179.82
180.21
180.62
181.02
181.42
181.81
182.18
182.56
182.93
183.32
183.72
184.11
184.55
185.00
185.43
185.85
186.27
186.70
187.13
187.57
187.99
188.41
188.92
189.43
189.94
190.44
190.96
191.47
191.97
192.47
192.97
193.47
193.97
194.47
194.95
195.44
195.93
196.44
196.93
197.43
197.98
198.53
199.08
199.62
200.16
200.70
201.26
201.83
202.45
203.06
203.67
204.29
204.92
205.53
206.14
206.75
207.35
207.96
208.56
209.19
209.77
210.37
210.96
211.57
212.16
212.76
213.34
214.03
214.73
215.42
216.13
216.83
217.56
218.29
219.02
219.77
220.50
221.23
221.96
222.70
223.38
224.04
224.70
225.37
226.05
226.71
227.38
228.04
228.72
229.37
230.02
230.69
231.35
231.96
232.58
233.21
233.84
234.48
235.08
235.71
