# Beats
0.48
0.96
1.45
1.94
2.43
2.91
3.38
3.84
4.31
4.78
5.26
5.71
6.18
6.64
7.12
7.64
8.17
8.71
9.23
9.76
10.29
10.86
11.45
12.02
12.59
13.14
13.72
14.30
14.88
15.48
16.06
16.65
17.23
17.81
18.37
18.95
19.47
19.99
20.51
21.04
21.56
22.08
22.62
23.14
23.66
24.20
24.72
25.24
25.80
26.37
26.87
27.39
27.89
28.39
28.89
29.40
29.91
30.42
30.94
31.51
32.08
32.65
33.18
33.72
34.19
34.67
35.14
35.62
36.06
36.49
36.92
37.34
37.78
38.22
38.64
39.06
39.46
39.88
40.30
40.70
41.11
41.53
41.96
42.39
42.82
43.21
43.58
43.96
44.34
44.72
45.12
45.51
45.91
46.29
46.67
47.06
47.44
47.83
48.23
48.62
48.99
49.46
49.92
50.39
50.85
51.29
51.76
52.22
52.66
53.13
53.57
54.01
54.45
54.92
55.36
55.80
56.24
56.68
57.12
57.55
58.04
58.51
59.01
59.51
60.02
60.51
61.00
61.49
61.95
62.42
62.89
63.39
63.90
64.39
64.89
65.36
65.82
66.28
66.73
67.20
67.66
68.13
68.61
69.10
69.57
70.05
70.51
70.98
71.56
72.16
72.74
73.28
73.84
74.37
74.90
75.43
75.95
76.49
77.01
77.53
78.05
78.58
79.11
79.63
80.16
80.69
81.21
81.79
82.36
82.93
83.50
84.06
84.61
85.17
85.75
86.32
86.89
87.45
88.02
88.58
89.14
89.72
90.28
90.84
91.41
91.97
92.49
93.00
93.51
94.01
94.51
95.03
95.55
96.07
96.58
97.11
97.63
98.14
98.64
99.15
99.64
100.12
100.61
101.09
101.56
102.04
102.52
103.00
103.50
104.00
104.42
104.85
105.28
105.73
106.21
106.66
107.11
107.57
108.02
108.47
108.92
109.37
109.83
110.27
110.71
111.17
111.66
112.18
112.67
113.19
113.68
114.20
114.71
115.22
115.73
116.24
116.74
117.24
117.70
118.17
118.63
119.10
119.57
120.04
120.51
120.99
121.48
122.02
122.55
123.10
123.66
124.20
124.76
125.34
125.92
126.53
127.11
127.81
128.52
129.22
129.94
130.65
131.30
131.94
132.54
133.15
133.79
134.42
135.05
135.70
136.35
137.01
137.66
138.32
138.97
139.63
140.29
140.96
141.63
142.29
142.87
143.45
144.02
144.60
145.19
145.79
146.37
146.96
147.55
148.14
148.63
149.12
149.59
150.07
150.55
151.02
151.51
151.97
152.44
152.92
153.39
153.87
154.35
154.80
155.25
155.69
156.14
156.58
157.04
157.49
158.01
158.52
159.02
159.52
160.02
160.59
161.15
161.70
162.26
162.82
163.40
