# Beats
0.36
0.74
1.13
1.51
1.90
2.30
2.71
3.09
3.47
3.87
4.26
4.67
5.06
5.46
5.86
6.26
6.65
7.05
7.44
7.85
8.25
8.66
9.08
9.49
9.88
10.27
10.67
11.08
11.47
11.88
12.28
12.69
13.10
13.49
13.90
14.30
14.72
15.13
15.55
15.98
16.38
16.80
17.22
17.64
18.05
18.47
18.90
19.32
19.73
20.13
20.53
20.92
21.30
21.70
22.09
22.51
22.94
23.37
23.80
24.22
24.64
25.05
25.47
25.89
26.30
26.71
27.21
27.72
28.22
28.72
29.22
29.72
30.21
30.71
31.20
31.81
32.43
33.04
33.66
34.28
34.91
35.54
36.06
36.59
37.14
37.69
38.23
38.80
39.36
39.92
40.47
41.03
41.58
42.05
42.53
43.01
43.51
44.01
44.50
44.98
45.45
45.93
46.41
46.88
47.36
47.82
48.30
48.77
49.25
49.71
50.17
50.63
51.10
51.56
52.01
52.44
52.87
53.31
53.74
54.17
54.60
55.03
55.46
55.90
56.47
57.02
57.56
58.11
58.65
59.21
59.78
60.33
60.87
61.42
61.96
62.55
63.14
63.72
64.31
64.90
65.48
66.06
66.64
67.22
67.80
68.38
68.96
69.57
70.16
70.75
71.33
71.90
72.47
73.00
73.55
74.09
74.56
75.04
75.51
75.99
76.46
76.94
77.40
77.88
78.37
78.85
79.34
79.81
80.28
80.76
81.21
81.66
82.18
82.69
83.20
83.72
84.24
84.81
85.38
85.96
86.53
87.10
87.67
88.25
88.84
89.48
90.11
90.73
91.37
92.01
92.66
93.32
93.96
94.60
95.25
95.90
96.56
97.23
97.91
98.57
99.23
99.93
100.60
101.29
101.96
102.64
103.32
103.99
104.66
105.34
106.01
106.68
107.37
108.05
108.73
109.41
110.10
110.79
111.50
112.22
112.94
113.65
114.37
115.10
115.82
116.45
117.08
117.76
118.43
119.10
119.76
120.42
121.08
121.74
122.40
123.07
123.76
124.46
125.18
125.90
126.63
127.35
128.06
128.77
129.54
130.33
131.10
131.87
132.62
133.38
134.12
134.86
135.60
136.34
137.07
137.80
138.53
139.26
140.00
140.75
141.42
142.11
142.80
143.50
144.20
144.89
145.58
146.27
146.96
147.66
148.34
149.03
149.70
150.36
151.02
151.65
152.29
152.92
153.46
153.99
154.54
155.16
155.76
156.37
156.99
157.59
158.21
158.81
159.44
160.06
160.67
161.30
