# Beats
0.37
0.78
1.18
1.60
2.01
2.41
2.82
3.23
3.65
4.06
4.48
4.89
5.31
5.72
6.14
6.57
6.99
7.41
7.84
8.24
8.67
9.11
9.54
9.97
10.40
10.84
11.28
11.73
12.24
12.76
13.26
13.75
14.25
14.74
15.26
15.77
16.28
16.79
17.30
17.80
18.27
18.74
19.21
19.69
20.17
20.64
21.12
21.59
22.08
22.65
23.21
23.79
24.38
25.00
25.61
26.23
26.87
27.49
28.24
28.96
29.69
30.42
31.16
31.90
32.64
33.37
34.10
34.83
35.55
36.26
36.99
37.74
38.50
39.22
39.94
40.65
41.35
42.07
42.79
43.49
44.19
44.88
45.58
46.29
46.99
47.68
48.38
49.04
49.70
50.34
50.98
51.62
52.23
52.87
53.52
54.15
54.79
55.36
55.94
56.54
57.17
57.77
58.35
58.94
59.54
60.14
60.74
61.35
61.94
62.51
63.10
63.69
64.28
64.88
65.49
66.10
66.69
67.27
67.86
68.48
69.06
69.66
70.24
70.84
71.45
72.05
72.66
73.26
73.86
74.47
75.08
75.66
76.27
76.88
77.51
78.09
78.67
79.27
79.88
80.48
81.07
81.66
82.25
82.85
83.49
84.08
84.66
85.22
85.77
86.36
86.95
87.54
88.11
88.65
89.19
89.72
90.26
90.80
91.37
91.93
92.35
92.74
93.15
93.55
93.99
94.41
94.82
95.23
95.63
96.04
96.43
96.83
97.22
97.59
97.99
98.38
98.78
99.17
99.58
99.94
100.32
100.70
101.06
101.44
101.82
102.23
102.63
103.04
103.44
103.87
104.30
104.73
105.16
105.58
