# Beats
0.49
1.00
1.50
2.00
2.50
2.97
3.45
3.91
4.46
4.99
5.53
6.06
6.59
7.12
7.64
8.16
8.68
9.20
9.71
10.22
10.72
11.22
11.71
12.23
12.72
13.21
13.76
14.30
14.85
15.42
15.98
16.53
17.09
17.65
18.22
18.77
19.34
19.90
20.46
21.00
21.56
22.12
22.67
23.23
23.80
24.36
24.92
25.43
25.95
26.47
26.92
27.38
27.82
28.26
28.70
29.14
29.57
30.01
30.45
30.89
31.35
31.79
32.23
32.67
33.18
33.70
34.18
34.63
35.09
35.54
36.04
36.52
37.02
37.54
38.03
38.55
39.02
39.50
39.97
40.46
40.94
41.42
41.90
42.38
42.85
43.33
43.80
44.29
44.88
45.48
46.06
46.65
47.25
47.73
48.20
48.67
49.15
49.63
50.11
50.60
51.08
51.57
52.05
52.52
52.99
53.46
53.94
54.40
54.90
55.41
55.95
56.44
56.92
57.40
57.90
58.41
58.90
59.40
59.88
60.40
60.91
61.41
61.89
62.40
62.91
63.41
63.90
64.40
64.89
65.41
65.92
66.43
66.94
67.47
67.98
68.48
68.96
69.45
69.96
70.47
70.97
71.46
71.95
72.45
72.95
73.43
73.93
74.42
74.92
75.43
75.93
76.44
76.95
77.44
77.94
78.43
78.90
79.37
79.83
80.28
80.72
81.18
81.64
82.11
82.57
83.03
83.50
83.97
84.45
84.94
85.43
85.93
86.41
86.90
87.40
87.90
88.40
88.89
89.37
89.86
90.34
90.80
91.28
91.75
92.38
93.01
93.63
94.26
94.90
95.54
96.18
96.83
97.48
98.13
98.78
99.43
100.07
100.70
101.34
101.98
102.60
103.21
103.84
104.47
105.09
105.73
106.37
107.06
107.75
108.54
109.34
110.14
110.93
111.72
112.50
113.29
