# Beats
0.50
1.01
1.52
2.03
2.54
3.05
3.56
4.06
4.56
5.06
5.56
6.08
6.61
7.13
7.60
8.08
8.56
8.99
9.42
9.85
10.27
10.70
11.12
11.53
11.94
12.33
12.72
13.13
13.54
13.93
14.33
14.72
15.13
15.52
15.92
16.32
16.73
17.12
17.54
17.97
18.40
18.82
19.25
19.69
20.13
20.55
20.96
21.36
21.76
22.15
22.55
22.94
23.35
23.74
24.15
24.54
24.95
25.34
25.74
26.15
26.55
26.96
27.35
27.76
28.17
28.56
28.96
29.36
29.76
30.15
30.55
30.94
31.35
31.75
32.16
32.57
32.97
33.38
33.77
34.17
34.56
34.97
35.36
35.76
36.15
36.56
36.97
37.36
37.76
38.16
38.57
38.97
39.37
39.76
40.16
40.55
40.94
41.33
41.73
42.13
42.54
42.96
43.36
43.76
44.16
44.57
44.97
45.37
45.77
46.16
46.57
46.96
47.37
47.76
48.16
48.55
48.96
49.35
49.76
50.17
50.58
50.99
51.41
51.82
52.21
52.60
53.00
53.39
53.79
54.17
54.56
54.94
55.34
55.74
56.15
56.54
56.94
57.33
57.74
58.13
58.54
58.94
59.35
59.74
60.14
60.53
60.93
61.34
61.74
62.15
62.57
62.97
63.38
63.79
64.19
64.60
64.99
65.39
65.79
66.19
66.58
66.99
67.38
67.78
68.16
68.56
68.94
69.33
69.72
70.11
70.51
70.90
71.30
71.71
72.13
72.54
72.95
73.34
73.75
74.14
74.54
74.93
75.34
75.74
76.08
76.41
76.74
77.08
77.42
77.74
78.08
78.43
78.83
79.24
79.64
80.04
