# Beats
0.50
1.01
1.52
2.03
2.54
3.01
3.46
3.92
4.39
4.85
5.32
5.77
6.22
6.69
7.16
7.59
8.03
8.48
8.90
9.35
9.79
10.23
10.67
11.11
11.54
11.98
12.42
12.86
13.31
13.64
13.98
14.32
14.64
14.98
15.31
15.65
16.00
16.37
16.74
17.11
17.48
17.90
18.32
18.74
19.16
19.54
19.92
20.32
20.71
21.11
21.50
21.90
22.29
22.70
23.09
23.48
23.86
24.25
24.65
25.04
25.46
25.89
26.31
26.75
27.19
27.64
28.10
28.55
29.00
29.44
29.88
30.33
30.77
31.21
31.65
32.09
32.53
32.94
33.34
33.75
34.16
34.57
35.00
35.42
35.83
36.23
36.64
37.15
37.65
38.15
38.65
39.16
39.67
40.12
40.57
40.99
41.44
41.88
42.32
42.77
43.20
43.63
44.06
44.49
44.92
45.35
45.78
46.21
46.64
47.07
47.50
47.96
48.43
48.88
49.34
49.81
50.27
50.69
51.11
51.53
51.94
52.36
52.78
53.20
53.70
54.20
54.69
55.19
55.68
56.17
56.67
57.16
57.66
58.11
58.56
59.01
59.54
60.06
60.58
61.11
61.65
62.18
62.75
63.32
63.89
64.44
64.98
65.53
66.08
66.64
67.19
67.73
68.28
68.77
69.27
69.76
70.26
70.76
71.26
71.73
72.19
72.66
73.14
73.63
74.12
74.59
75.07
75.55
75.94
76.34
76.73
77.13
77.51
77.89
78.27
78.65
79.03
79.41
79.78
80.16
80.52
80.88
81.25
81.62
82.00
82.38
82.77
83.22
83.66
84.11
84.57
84.96
85.36
85.75
86.13
86.53
86.92
87.32
87.70
88.08
88.47
88.85
89.22
89.61
89.99
90.37
90.74
91.12
91.49
91.85
92.23
92.60
92.97
93.37
93.76
94.16
94.54
94.92
95.29
95.67
96.04
96.41
96.79
97.18
97.56
97.94
98.32
98.71
99.09
99.47
99.86
100.24
100.62
101.01
101.38
101.76
102.14
102.52
102.89
103.27
103.65
104.03
104.41
104.79
105.17
105.55
105.93
106.30
106.68
107.07
107.45
107.83
108.20
108.58
108.96
109.34
109.73
110.10
110.48
110.85
111.22
111.60
111.98
112.36
112.74
113.13
113.51
113.89
114.27
114.64
115.02
115.40
115.77
116.15
116.53
116.92
117.32
117.71
118.11
118.49
118.87
119.26
119.64
120.02
120.41
120.79
121.17
121.56
121.95
122.35
122.75
123.16
123.58
123.98
124.40
