# Beats
0.46
0.93
1.39
1.86
2.32
2.79
3.24
3.69
4.13
4.60
5.06
5.49
5.93
6.39
6.83
7.27
7.70
8.13
8.57
9.01
9.43
9.86
10.29
10.77
11.25
11.74
12.35
12.96
13.58
14.19
14.79
15.41
16.02
16.52
17.02
17.53
18.05
18.58
19.08
19.57
20.07
20.58
21.11
21.62
22.13
22.63
23.15
23.66
24.15
24.66
25.15
25.65
26.15
26.64
27.12
27.61
28.10
28.56
29.04
29.51
29.99
30.46
30.95
31.40
31.86
32.32
32.84
33.37
33.89
34.44
34.97
35.51
36.07
36.62
37.15
37.69
38.23
38.80
39.36
39.89
40.45
40.98
41.55
42.12
42.68
43.19
43.70
44.21
44.72
45.26
45.77
46.28
46.80
47.32
47.83
48.34
48.85
49.35
49.85
50.34
50.83
51.32
51.80
52.29
52.77
53.23
53.64
54.03
54.43
54.85
55.26
55.68
56.10
56.52
56.94
57.33
57.75
58.15
58.58
58.99
59.40
59.81
60.26
60.69
61.10
61.51
61.93
62.37
62.74
63.11
63.49
63.88
64.26
64.64
65.03
65.46
65.88
66.32
66.76
67.20
67.62
68.03
68.45
68.87
69.31
69.76
70.22
70.65
71.06
71.47
71.88
72.28
72.68
73.10
73.51
73.93
74.42
74.91
75.42
75.91
76.39
76.89
77.37
77.86
78.34
78.83
79.32
79.81
80.26
80.71
81.17
81.62
82.06
82.50
82.93
83.37
83.81
84.27
84.72
85.17
85.62
86.09
86.54
87.01
87.47
87.93
88.40
88.86
89.30
89.76
90.21
90.67
91.13
91.58
92.03
92.49
92.93
93.37
93.81
94.25
94.69
95.12
95.57
96.01
96.44
96.89
97.31
97.76
98.22
98.66
99.10
99.54
99.99
100.43
100.87
101.31
101.75
102.19
102.60
102.98
103.38
103.78
104.28
104.79
105.29
105.81
106.34
106.86
107.39
107.93
108.46
108.99
109.52
110.04
