# Beats
0.42
0.85
1.27
1.68
2.10
2.52
2.94
3.36
3.77
4.19
4.61
5.03
5.45
5.94
6.41
6.87
7.43
7.99
8.54
9.11
9.69
10.26
10.94
11.59
12.21
12.86
13.51
14.18
14.83
15.49
16.14
16.80
17.48
18.15
18.85
19.53
20.20
20.89
21.52
22.18
22.85
23.52
24.22
24.89
25.54
26.16
26.83
27.47
28.12
28.72
29.32
29.91
30.51
31.09
31.70
32.30
32.88
33.51
34.11
34.71
35.32
35.90
36.47
37.01
37.57
38.13
38.66
39.17
39.71
40.22
40.73
41.25
41.77
42.26
42.77
43.28
43.77
44.23
44.72
45.23
45.72
46.24
46.83
47.42
48.04
48.65
49.25
49.85
50.43
51.01
51.59
52.29
52.99
53.59
54.21
54.76
55.29
55.84
56.35
56.85
57.33
57.79
58.31
58.84
59.36
59.91
60.42
60.93
61.42
61.93
62.46
63.00
63.53
64.06
64.59
65.13
65.67
66.20
66.70
67.22
67.73
68.22
68.75
69.29
69.80
70.36
70.89
71.38
71.85
72.33
72.81
73.42
74.03
74.63
75.21
75.77
76.35
76.93
77.51
78.09
78.69
79.20
79.71
80.27
80.78
81.29
81.80
82.30
82.85
83.36
83.85
84.37
84.85
85.33
85.84
86.34
86.84
87.33
87.84
88.32
88.82
89.33
89.81
90.35
90.84
91.34
91.83
92.37
92.86
93.37
93.88
94.37
94.85
95.39
95.90
96.41
96.97
97.50
98.06
98.71
99.37
99.97
100.64
101.29
101.94
102.59
103.28
103.98
104.63
105.28
105.88
106.49
107.11
107.74
108.34
108.95
109.53
110.16
110.76
111.39
111.98
112.63
113.26
113.87
114.50
115.10
115.68
116.26
116.84
117.45
118.05
118.68
119.30
119.95
120.59
121.18
121.79
122.39
122.98
123.61
124.20
124.83
125.42
126.05
126.62
127.20
127.79
128.34
128.89
129.45
130.03
130.58
131.17
131.74
132.27
132.86
133.46
134.03
134.62
135.19
135.80
136.44
137.06
137.62
138.21
138.76
139.34
139.88
140.39
140.90
141.43
141.97
142.48
142.94
143.39
143.89
144.38
144.87
145.38
145.84
146.31
146.77
147.26
147.77
148.25
148.75
149.23
149.72
150.26
150.77
151.32
151.88
152.39
152.95
153.51
154.04
154.55
155.09
155.60
156.14
156.67
157.20
157.76
158.31
158.86
159.38
159.89
160.45
160.94
161.45
161.91
162.37
162.84
163.31
163.74
164.17
164.61
165.06
165.49
165.96
166.42
167.00
167.56
168.11
168.67
169.23
169.77
170.33
170.90
171.43
171.97
172.50
173.06
173.59
174.13
174.67
175.24
175.84
176.46
177.10
177.75
178.41
179.06
179.75
180.44
181.16
181.81
182.49
183.07
183.64
184.17
184.74
185.32
185.91
186.48
187.04
187.61
188.17
188.72
189.20
189.68
190.19
190.62
191.01
191.43
191.82
192.21
192.63
193.07
193.53
193.93
194.30
194.72
195.14
195.54
195.93
196.35
196.74
197.16
197.56
197.95
198.33
198.76
199.13
199.51
199.88
200.25
200.62
201.02
201.41
201.80
202.20
202.59
202.99
203.41
203.80
204.22
204.64
205.01
205.40
205.80
206.22
206.65
207.05
207.47
207.89
208.28
208.70
209.07
209.47
209.86
210.23
210.63
211.00
211.37
211.74
212.09
212.46
212.81
213.18
213.55
213.93
214.30
214.67
215.04
215.41
215.83
216.25
216.62
217.01
217.43
217.87
218.28
218.67
219.10
219.53
219.94
220.36
220.74
221.19
221.59
222.01
222.42
222.87
223.28
223.70
224.12
224.54
224.95
225.35
225.74
226.16
226.56
226.95
227.35
227.69
228.09
228.44
228.83
229.20
229.58
