# Beats
0.46
0.93
1.40
1.86
2.31
2.76
3.16
3.55
3.92
4.30
4.69
5.06
5.43
5.80
6.19
6.57
6.94
7.34
7.73
8.10
8.48
8.87
9.31
9.75
10.21
10.66
11.12
11.56
12.02
12.48
12.93
13.37
13.78
14.19
14.62
14.98
15.33
15.67
16.02
16.37
16.72
17.07
17.43
17.83
18.23
18.63
19.02
19.50
19.97
20.46
20.93
21.41
21.88
22.35
22.83
23.30
23.78
24.25
24.73
25.19
25.67
26.15
26.64
27.14
27.63
28.10
28.57
29.05
29.55
30.05
30.53
31.02
31.45
31.89
32.33
32.79
33.25
33.70
34.14
34.57
35.00
35.43
35.86
36.30
36.73
37.23
37.71
38.17
38.75
39.32
39.89
40.54
41.19
41.84
42.49
43.15
43.80
44.45
45.05
45.63
46.22
46.81
47.39
47.89
48.39
48.88
49.37
49.86
50.36
50.87
51.39
51.87
52.38
52.88
53.39
53.91
54.43
54.94
55.43
55.94
56.45
56.91
57.36
57.82
58.24
58.64
59.05
59.44
59.86
60.28
60.70
61.09
61.45
61.83
62.21
62.58
62.93
63.27
63.63
63.99
64.37
64.73
65.07
65.43
65.76
66.11
66.46
66.83
67.27
67.70
68.14
68.68
69.22
69.73
70.26
70.80
71.33
71.87
72.38
72.91
73.43
73.96
74.43
74.93
75.42
75.91
76.39
76.88
77.36
77.86
78.36
78.87
79.35
79.87
80.36
80.85
81.35
81.85
82.35
82.87
83.36
83.85
84.35
84.94
85.52
86.10
86.73
87.34
87.95
88.56
89.16
89.78
90.40
91.01
91.61
92.21
92.80
93.39
93.99
94.60
95.20
95.83
96.43
97.01
97.62
98.21
98.81
99.39
100.01
100.64
101.24
101.84
102.43
102.98
103.54
104.11
104.68
105.23
105.79
106.35
107.00
107.65
108.30
108.95
109.60
110.26
110.91
111.56
112.22
112.87
113.57
114.27
114.94
115.62
116.31
117.01
117.70
118.40
119.07
119.72
120.36
120.96
121.56
122.15
122.74
123.33
123.88
124.41
125.04
125.65
126.26
126.86
127.48
128.08
128.68
129.28
129.83
130.39
130.97
131.54
132.11
132.66
133.19
133.70
134.22
134.75
135.26
135.77
136.29
136.81
137.33
137.88
138.32
138.77
139.23
139.67
140.09
140.50
140.91
141.33
141.73
142.15
142.58
142.99
143.39
143.82
144.24
144.66
145.06
145.43
145.84
146.25
146.66
147.08
147.52
147.95
148.38
148.79
149.22
149.68
150.12
150.53
150.98
151.42
151.86
152.30
152.75
153.15
153.54
153.94
154.34
154.73
155.11
155.50
155.90
156.29
156.69
157.07
157.45
157.83
158.20
158.57
158.95
159.43
159.89
160.36
160.82
161.31
161.79
162.26
162.71
163.17
163.61
164.07
164.52
165.02
165.51
166.01
166.51
167.00
167.49
167.97
168.44
168.91
169.39
169.88
170.34
170.83
171.29
171.76
172.22
172.64
173.06
173.48
173.94
174.41
174.87
175.36
175.83
176.31
176.80
177.28
177.73
178.18
178.63
179.10
179.56
180.09
180.62
181.14
181.71
182.28
182.86
183.44
184.02
184.61
185.18
185.76
186.36
186.96
187.50
188.04
188.57
189.11
189.68
190.22
190.78
191.33
191.91
192.48
193.06
193.63
194.21
194.80
195.38
195.95
196.52
197.08
197.64
198.11
198.59
199.06
199.58
200.07
200.57
201.00
201.46
201.90
202.34
202.78
203.22
203.62
204.03
204.44
204.86
205.28
205.68
206.09
206.56
207.05
207.52
207.98
208.47
208.94
209.43
209.91
210.38
210.87
211.38
211.91
212.44
212.95
213.46
213.96
214.46
214.96
215.46
