# Beats
0.52
1.06
1.59
2.12
2.66
3.22
3.77
4.33
4.92
5.51
6.12
6.72
7.33
7.92
8.49
9.03
9.57
10.10
10.65
11.18
11.71
12.25
12.78
13.33
13.89
14.43
14.99
15.55
16.10
16.65
17.18
17.73
18.29
18.83
19.37
19.91
20.46
21.00
21.54
22.07
22.63
23.16
23.70
24.24
24.80
25.37
25.95
26.53
27.07
27.62
28.26
28.87
29.50
30.13
30.74
31.37
32.00
32.62
33.25
33.88
34.45
35.02
35.58
36.15
36.71
37.26
37.80
38.35
38.89
39.44
39.98
40.55
41.12
41.70
42.28
42.86
43.35
43.84
44.33
44.71
45.08
45.46
45.85
46.22
46.59
46.96
47.33
47.73
48.12
48.51
48.88
49.25
49.62
49.99
50.38
50.75
51.13
51.51
51.90
52.28
52.67
53.07
53.44
53.82
54.20
54.57
54.93
55.30
55.67
56.03
56.39
56.76
57.12
57.49
57.85
58.22
58.58
58.96
59.33
59.69
60.05
60.41
60.77
61.13
61.49
61.85
62.19
62.54
62.89
63.25
63.61
63.97
64.33
64.69
65.05
65.41
65.77
66.13
66.50
66.89
67.27
67.65
68.02
68.41
68.80
69.20
69.59
70.00
70.39
70.79
71.18
71.58
71.96
72.35
72.76
73.15
73.54
73.93
74.32
74.70
75.08
75.46
75.85
76.22
76.60
76.97
77.35
77.71
78.08
78.44
78.81
79.17
79.55
79.93
80.32
80.71
81.11
81.50
81.95
82.40
82.84
83.34
83.84
84.33
84.92
85.51
86.09
86.67
87.26
87.88
88.49
89.11
89.72
90.34
90.88
91.44
91.99
92.55
93.11
93.67
94.23
94.78
95.33
95.88
96.42
96.97
97.52
98.07
98.62
99.17
99.74
100.30
100.86
101.42
101.99
102.54
103.06
103.58
104.12
104.65
105.17
105.71
106.23
106.77
107.31
107.87
108.41
108.97
109.53
110.09
110.63
111.18
111.71
112.27
112.81
113.35
113.89
114.44
114.99
115.52
116.05
116.61
117.14
117.68
118.22
118.77
119.32
119.86
120.41
120.95
121.50
122.06
122.60
123.15
123.69
124.24
124.80
125.36
125.95
126.51
127.07
127.64
128.14
128.63
129.13
129.67
130.23
130.77
131.31
131.87
132.44
133.00
133.57
134.20
134.83
135.47
136.10
136.73
137.37
138.01
138.54
139.08
139.61
140.14
140.68
141.21
141.73
142.26
142.80
143.34
143.88
144.43
144.97
145.52
146.07
146.61
147.14
147.69
148.22
148.77
149.32
149.86
150.42
150.96
151.51
152.04
152.58
153.14
153.68
154.22
154.76
155.31
155.85
156.40
156.94
157.50
158.06
158.60
159.15
159.70
160.24
160.79
161.33
161.88
162.42
162.97
163.53
164.08
164.64
165.20
165.76
166.32
166.88
167.45
168.02
168.59
169.15
169.69
170.25
170.79
171.25
171.70
172.15
172.54
172.92
173.30
173.69
174.06
174.43
174.80
175.17
175.54
175.90
176.26
176.67
177.08
177.47
177.86
