# Beats
0.50
1.01
1.52
2.03
2.55
3.09
3.62
4.17
4.71
5.25
5.78
6.32
6.86
7.41
7.95
8.50
9.04
9.59
10.12
10.66
11.20
11.75
12.29
12.84
13.39
13.93
14.47
15.00
15.53
16.08
16.63
17.16
17.69
18.23
18.77
19.32
19.86
20.41
20.94
21.48
22.01
22.55
23.08
23.61
24.15
24.68
25.22
25.75
26.28
26.82
27.34
27.86
28.40
28.93
29.47
30.00
30.53
31.07
31.59
32.14
32.68
33.23
33.76
34.30
34.83
35.36
35.90
36.43
36.98
37.52
38.06
38.60
39.15
39.68
40.22
40.75
41.27
41.81
42.35
42.86
43.42
43.96
44.50
45.05
45.59
46.14
46.67
47.22
47.76
48.30
48.83
49.37
49.91
50.46
51.00
51.55
52.08
52.62
53.16
53.71
54.24
54.79
55.33
55.87
56.41
56.96
57.52
58.13
58.76
59.39
60.02
60.65
61.28
61.90
62.48
63.07
63.65
64.23
64.81
65.39
65.97
66.55
67.19
67.83
68.51
69.20
69.88
70.57
71.25
71.94
72.61
73.29
73.98
74.66
75.35
76.03
76.72
77.38
78.04
78.69
79.27
79.85
80.45
81.04
81.63
82.19
82.74
83.31
83.88
84.45
85.02
85.59
86.16
