# Beats
0.48
0.98
1.47
1.97
2.47
2.96
3.40
3.84
4.28
4.73
5.15
5.58
6.01
6.46
6.90
7.33
7.77
8.21
8.66
9.06
9.45
9.85
10.23
10.62
11.03
11.42
11.82
12.23
12.62
13.01
13.43
13.85
14.27
14.69
15.20
15.71
16.23
16.73
17.23
17.73
18.24
18.74
19.25
19.75
20.26
20.76
21.26
21.76
22.26
22.67
23.08
23.50
23.92
24.33
24.76
25.19
25.61
26.03
26.45
26.87
27.28
27.70
28.12
28.53
28.93
29.34
29.74
30.16
30.57
30.98
31.38
31.78
32.17
32.58
32.96
33.34
33.74
34.12
34.50
34.89
35.27
35.65
36.04
36.42
36.80
37.33
37.84
38.35
38.86
39.37
39.88
40.38
40.89
41.39
41.88
42.36
42.85
43.32
43.79
44.27
44.73
45.20
45.66
46.13
46.59
47.04
47.50
48.03
48.56
49.17
49.76
50.36
50.96
51.55
52.01
52.44
52.88
53.34
53.79
54.24
54.69
55.15
55.58
56.02
56.47
56.94
57.40
57.85
58.32
58.77
59.23
59.68
60.12
60.53
60.96
61.38
61.80
62.23
62.65
63.08
63.49
63.92
64.34
64.78
65.21
65.65
66.10
66.54
66.98
67.41
67.84
68.26
68.67
69.09
69.52
69.94
70.36
70.77
71.19
71.62
72.04
72.47
72.90
73.33
73.76
74.19
74.62
75.05
75.48
75.91
76.34
76.77
77.19
77.62
78.05
78.48
78.91
79.34
79.77
80.20
80.63
81.06
81.48
81.91
82.34
82.77
83.20
83.63
84.07
84.51
84.94
85.37
85.80
86.23
86.65
87.07
87.50
87.92
88.34
88.77
89.21
89.65
90.08
90.51
90.94
91.37
91.79
92.21
92.64
93.07
93.50
93.91
94.34
94.77
95.20
95.63
96.06
96.48
96.90
97.33
97.76
98.17
98.60
99.03
99.46
99.89
100.32
100.75
101.18
101.61
102.04
102.47
102.90
103.33
103.76
104.20
104.65
105.08
105.51
105.94
106.38
106.81
107.23
107.66
108.09
108.51
108.94
109.37
109.80
110.21
110.64
111.07
111.51
111.94
112.37
112.81
113.27
113.71
114.15
114.72
115.29
115.86
116.42
116.99
117.55
118.11
118.67
119.23
119.80
120.38
120.96
121.53
122.11
122.67
123.23
123.80
124.37
124.96
125.56
126.15
126.69
127.22
127.76
128.29
128.82
129.36
129.89
130.43
131.00
131.56
132.12
132.77
133.43
134.08
134.72
135.36
135.99
136.63
137.25
137.89
138.55
139.23
139.90
140.57
141.25
141.91
142.57
143.23
