# Beats
0.71
1.44
2.16
2.87
3.48
4.12
4.76
5.39
5.99
6.59
7.22
7.83
8.43
8.94
9.45
9.96
10.46
10.95
11.45
11.95
12.46
12.96
13.44
13.94
14.44
14.94
15.43
15.92
16.42
16.90
17.40
17.90
18.41
18.90
19.34
19.78
20.22
20.65
21.07
21.50
21.94
22.35
22.76
23.17
23.59
24.00
24.40
24.82
25.24
25.66
26.09
26.52
26.94
27.35
27.77
28.26
28.73
29.23
29.81
30.39
30.98
31.58
32.16
32.74
33.32
33.90
34.48
35.03
35.58
36.06
36.55
37.02
37.51
38.01
38.50
38.96
39.45
39.94
40.43
40.94
41.42
41.88
42.34
42.82
43.31
43.79
44.28
44.70
45.12
45.53
45.95
46.45
46.95
47.44
48.01
48.56
49.11
49.66
50.20
50.64
51.11
51.55
52.00
52.43
52.87
53.31
53.74
54.17
54.62
55.07
55.51
55.94
56.38
56.89
57.40
57.91
58.42
58.92
59.48
60.02
60.58
61.14
61.70
62.25
62.75
63.25
63.76
64.27
64.80
65.29
65.74
66.15
66.56
66.97
67.36
67.77
68.17
68.57
68.99
69.40
69.81
70.22
70.61
71.01
71.42
71.85
72.28
72.70
73.13
73.56
73.97
74.40
74.81
75.23
75.65
76.07
76.49
76.90
77.30
77.72
78.15
78.58
79.04
79.51
79.97
80.48
81.01
81.53
82.07
82.62
83.15
83.68
84.22
84.75
85.28
85.80
86.32
86.84
87.38
87.93
88.48
89.03
89.57
90.14
90.67
91.20
91.72
92.25
92.78
93.31
93.82
94.33
94.83
95.34
95.84
96.34
96.83
97.34
97.84
98.29
98.75
99.21
99.66
100.11
100.57
101.03
101.49
101.95
102.40
102.84
103.28
103.72
104.15
104.58
105.02
105.47
105.91
106.34
106.74
107.16
107.60
108.02
108.44
108.87
109.30
109.75
110.18
110.62
111.06
111.48
111.91
112.34
112.76
113.17
113.59
114.01
114.44
114.87
115.29
115.71
116.08
116.45
116.83
117.21
117.59
117.97
118.33
118.72
119.11
119.49
119.88
120.27
120.63
121.00
121.36
121.72
122.08
122.45
122.83
123.21
123.56
123.92
124.30
124.67
125.07
125.48
125.90
126.32
126.73
127.14
127.55
127.94
128.34
128.73
129.13
129.51
129.90
130.30
130.71
131.16
131.63
132.26
132.86
133.47
134.10
134.75
135.40
136.05
136.67
137.31
137.95
138.53
139.13
139.71
140.29
140.88
141.43
141.99
142.57
143.15
143.72
144.28
144.85
145.41
145.96
146.52
147.06
147.52
147.97
148.45
148.93
149.42
149.91
150.51
151.10
151.71
152.30
152.88
153.47
154.06
154.67
155.28
155.90
156.51
157.13
157.70
158.26
158.82
159.38
159.93
160.48
160.98
161.47
161.95
162.45
162.93
163.43
163.89
164.35
164.82
165.29
165.77
166.21
166.66
167.11
167.57
168.03
168.48
168.94
169.39
169.85
170.33
170.82
171.26
171.69
172.12
172.50
172.88
173.27
173.65
174.08
174.51
174.94
175.40
175.88
176.36
176.84
177.31
177.77
178.25
178.63
179.01
179.40
179.77
180.15
180.52
180.91
181.28
181.63
182.00
182.38
182.75
183.14
183.53
183.91
184.46
185.00
185.56
186.11
186.63
187.18
187.80
188.43
189.10
189.80
190.51
191.22
191.92
192.63
193.34
194.05
194.75
195.44
196.14
196.85
197.56
198.28
198.97
199.67
200.39
201.10
201.78
202.50
203.20
203.91
204.61
205.31
206.03
206.73
207.44
208.14
208.86
209.56
210.28
210.98
211.67
212.39
213.09
213.79
214.48
215.19
215.89
216.60
217.30
218.01
218.73
219.45
220.17
220.89
221.56
222.24
222.89
223.61
224.33
225.05
225.77
226.48
227.18
227.90
228.62
229.32
230.04
230.77
231.49
232.16
232.85
233.52
234.22
234.93
235.64
236.36
237.08
237.77
238.48
239.19
239.92
240.63
241.32
242.04
242.76
243.46
244.16
244.87
245.56
246.27
246.98
247.69
248.38
249.08
249.80
250.51
251.21
251.94
252.63
253.33
254.03
254.75
255.48
256.21
256.93
257.65
258.37
259.09
259.83
260.45
261.05
261.67
262.27
262.87
263.48
264.07
264.66
265.26
265.89
266.52
267.15
267.80
268.48
269.15
