# Beats
0.48
0.98
1.45
1.95
2.46
2.97
3.47
3.97
4.46
4.96
5.45
5.93
6.42
6.92
7.43
7.94
8.45
8.95
9.44
9.94
10.40
10.86
11.30
11.74
12.18
12.61
13.04
13.48
13.91
14.34
14.77
15.20
15.62
16.03
16.46
16.89
17.32
17.75
18.18
18.61
19.04
19.46
19.89
20.33
20.77
21.33
21.87
22.51
23.15
23.80
24.45
25.10
25.76
26.42
27.07
27.74
28.39
29.04
29.69
30.28
30.87
31.46
32.04
32.62
33.19
33.76
34.34
34.91
35.48
36.06
36.64
37.22
37.81
38.41
38.97
39.54
40.11
40.62
41.13
41.61
42.07
42.53
42.99
43.43
43.87
44.30
44.78
45.27
45.75
46.24
46.74
47.23
47.73
48.23
48.72
49.21
49.71
50.22
50.71
51.19
51.68
52.06
52.44
52.81
53.19
53.56
53.95
54.33
54.72
55.10
55.50
55.90
56.47
57.00
57.54
58.05
58.56
59.08
59.59
60.10
60.60
61.10
61.60
62.10
62.60
63.10
63.61
64.11
64.62
65.14
65.69
66.22
66.75
67.35
67.95
68.56
69.16
69.76
70.37
70.97
71.56
72.16
72.75
73.32
73.87
74.44
75.00
75.56
76.21
76.86
77.51
78.16
78.76
79.35
79.96
80.60
81.22
81.85
82.47
83.08
83.73
84.38
85.04
85.69
86.36
87.01
87.67
88.28
88.90
89.52
90.14
90.74
91.35
91.95
92.58
93.22
93.83
94.44
95.04
95.65
96.26
96.85
97.44
98.03
98.53
99.04
99.56
100.07
100.58
101.09
101.60
102.11
102.63
103.14
103.65
104.22
104.79
105.36
105.98
106.60
107.25
107.90
108.55
109.19
109.84
110.49
111.14
111.83
112.49
113.14
113.80
114.45
115.11
115.76
116.41
117.06
117.62
118.18
118.74
119.30
119.86
120.42
120.96
121.51
122.08
122.64
123.21
123.72
124.23
124.73
125.20
125.69
126.18
126.66
127.15
127.64
128.13
128.62
129.11
129.63
130.15
130.67
131.12
131.58
132.03
132.47
132.90
133.33
133.77
134.21
134.66
135.12
135.60
136.08
136.54
137.07
137.59
138.11
138.62
139.12
139.62
140.13
140.63
141.12
141.61
142.11
142.61
143.10
143.62
144.13
144.63
145.12
145.61
146.12
146.63
147.12
147.60
148.09
148.57
149.07
149.57
150.07
150.57
151.07
151.58
152.08
152.58
153.09
153.60
154.10
154.60
155.11
155.62
156.12
156.62
157.12
157.62
158.12
158.62
159.11
159.60
160.10
160.60
161.10
161.59
162.05
162.52
162.97
163.42
163.85
164.28
164.71
165.12
165.52
165.94
166.36
166.78
167.18
167.60
168.01
168.41
168.84
169.26
169.68
170.10
170.52
170.93
171.35
171.78
172.21
172.64
173.07
173.50
173.92
174.34
174.76
175.19
175.62
176.05
176.48
176.91
177.34
177.77
178.20
178.63
179.05
179.47
179.88
180.31
180.74
181.17
181.59
182.02
182.45
182.88
183.31
183.74
184.16
184.59
185.02
185.45
185.86
186.28
186.71
187.13
187.56
187.99
188.43
188.86
189.29
189.72
190.12
190.55
190.97
191.39
191.81
192.23
192.66
193.07
193.49
193.92
194.35
194.77
195.20
195.63
196.06
196.48
196.91
197.33
197.76
198.19
198.62
199.04
199.47
199.90
200.33
200.76
201.19
201.62
202.05
202.48
202.91
203.34
203.76
204.17
204.60
205.02
205.44
205.87
206.29
206.72
207.15
207.57
208.00
208.43
208.85
209.28
209.71
210.13
210.56
210.99
211.41
211.84
212.27
212.71
213.14
213.57
214.01
214.45
214.88
215.31
215.74
216.17
216.60
217.03
217.45
217.88
218.31
218.74
219.17
219.59
220.02
220.44
220.86
221.27
221.69
222.11
222.52
222.93
