# Beats
0.41
0.81
1.23
1.65
2.07
2.48
2.90
3.33
3.76
4.19
4.61
5.04
5.47
5.89
6.30
6.73
7.16
7.59
8.02
8.44
8.87
9.32
9.78
10.22
10.66
11.09
11.52
11.95
12.38
12.81
13.25
13.69
14.13
14.58
15.08
15.58
16.07
16.51
16.95
17.39
17.83
18.26
18.70
19.14
19.59
20.03
20.48
20.94
21.40
21.85
22.29
22.71
23.13
23.53
23.95
24.38
24.80
25.23
25.65
26.06
26.48
26.91
27.34
27.76
28.19
28.62
29.04
29.47
29.90
30.33
30.77
31.21
31.65
32.08
32.51
32.94
33.36
33.77
34.20
34.63
35.06
35.49
35.92
36.34
36.77
37.20
37.64
38.08
38.52
38.95
39.38
39.81
40.23
40.66
41.08
41.49
41.91
42.34
42.78
43.22
43.65
44.08
44.51
44.93
45.36
45.78
46.21
46.64
47.06
47.50
47.91
48.33
48.76
49.19
49.62
50.04
50.47
50.90
51.33
51.75
52.18
52.60
53.03
53.46
53.89
54.31
54.74
55.17
55.60
56.03
56.46
56.89
57.32
57.76
58.20
58.64
59.08
59.51
59.94
60.37
60.80
61.22
61.64
62.07
62.48
62.91
63.34
63.77
64.20
64.62
65.05
65.48
65.92
66.35
66.78
67.22
67.66
68.09
68.52
68.96
69.39
69.82
70.25
70.67
71.10
71.53
71.97
72.41
72.86
73.31
73.75
74.19
74.66
75.14
75.63
76.10
76.59
77.07
77.51
77.95
78.39
78.82
79.25
79.68
80.11
80.54
80.96
81.39
81.82
82.25
82.67
83.10
83.55
84.00
84.45
84.87
85.28
85.68
86.10
86.52
86.92
87.34
87.75
88.15
88.56
88.96
89.35
89.75
90.15
90.56
91.00
91.45
91.89
92.36
92.81
93.26
93.72
94.18
94.64
95.12
95.60
96.06
96.51
96.97
97.44
97.91
98.43
98.95
99.49
100.07
100.64
101.20
101.78
102.35
102.93
103.51
104.03
104.52
105.01
105.50
105.95
106.41
106.86
107.30
107.74
108.17
108.60
109.04
109.48
109.92
110.42
110.91
111.40
111.96
112.51
113.06
113.60
114.15
114.64
115.12
115.61
116.10
116.60
117.10
117.59
118.07
118.56
119.11
119.65
120.20
120.84
121.46
122.09
122.72
123.33
123.99
124.69
125.35
126.01
126.63
127.23
127.80
128.37
128.94
129.47
130.01
130.53
131.04
131.55
132.05
132.48
132.91
133.33
133.76
134.19
134.62
135.05
135.53
136.02
136.50
136.99
137.47
137.96
138.46
138.96
139.46
139.85
140.25
140.63
141.01
141.41
141.80
142.20
142.58
142.98
143.36
143.74
144.14
144.53
144.93
145.33
145.75
146.17
146.58
146.99
147.40
147.81
148.21
148.63
149.06
149.48
149.90
150.30
150.72
151.14
151.56
151.97
152.39
152.80
153.29
153.77
154.26
154.76
155.26
155.76
156.26
156.75
157.25
157.76
158.27
158.79
159.30
159.81
160.32
160.84
161.37
161.88
162.37
162.85
163.33
163.82
164.30
164.79
165.28
165.77
166.24
166.75
167.28
167.80
168.32
168.84
169.35
169.88
170.41
170.95
171.47
171.99
172.51
173.02
173.53
174.05
174.56
175.07
175.55
176.05
176.56
177.08
177.57
178.07
178.56
179.04
179.53
180.04
180.56
181.08
181.61
182.14
182.66
183.16
183.65
184.13
184.62
185.11
185.60
186.08
186.56
187.05
187.54
188.02
188.51
189.00
189.47
189.95
190.45
190.95
191.45
191.95
192.46
192.97
193.48
193.99
194.50
195.01
195.52
196.02
196.52
197.02
197.53
198.04
198.54
199.04
199.58
200.12
200.67
201.21
201.76
202.30
202.85
203.41
203.98
204.52
205.08
205.64
206.18
206.66
207.13
207.61
208.07
208.55
209.03
209.50
209.99
210.48
210.95
211.45
211.94
212.43
213.04
213.66
214.27
214.89
215.48
216.06
216.64
217.15
217.66
218.17
218.67
219.17
219.67
220.18
220.71
221.23
221.75
222.27
222.80
223.32
223.83
224.34
224.85
225.36
225.87
226.51
227.15
227.79
228.41
229.04
229.67
230.30
230.91
231.54
232.04
232.56
233.07
233.58
234.09
234.59
235.09
235.60
236.11
236.53
236.95
237.35
237.77
238.19
238.62
239.04
239.47
239.87
240.28
240.69
241.10
241.52
241.93
242.37
242.81
243.25
243.71
244.16
244.62
245.08
245.64
246.21
246.85
247.47
248.08
248.74
249.41
250.04
250.68
251.32
251.95
252.59
253.21
253.84
254.48
255.12
255.74
256.37
257.00
257.64
258.28
258.90
259.53
260.09
260.66
261.22
261.79
262.36
262.93
263.36
263.80
264.23
264.66
265.09
265.52
265.95
266.37
266.79
267.20
