# Beats
0.52
1.04
1.57
2.09
2.61
3.13
3.60
4.08
4.55
5.03
5.50
5.98
6.46
6.93
7.42
7.85
8.28
8.72
9.15
9.58
10.01
10.46
10.91
11.38
11.84
12.27
12.69
13.11
13.51
13.92
14.33
14.73
15.15
15.57
15.99
16.42
16.85
17.26
17.67
18.08
18.48
18.89
19.31
19.74
20.17
20.58
21.10
21.59
22.09
22.57
23.06
23.53
24.01
24.50
24.98
25.52
26.04
26.58
27.13
27.68
28.24
28.79
29.35
29.97
30.57
31.17
31.79
32.40
33.02
33.65
34.26
34.88
35.49
36.10
36.70
37.30
37.91
38.52
39.16
39.80
40.54
41.29
42.04
42.79
43.55
44.32
45.08
45.82
46.58
47.33
48.09
48.83
49.59
50.35
51.06
51.76
52.52
53.28
54.02
54.76
55.50
56.23
56.95
57.67
58.36
59.05
59.72
60.40
61.08
61.77
62.44
63.12
63.81
64.48
65.14
65.81
66.46
67.12
67.78
68.46
69.15
69.85
70.54
71.25
71.96
72.68
73.33
73.98
74.51
75.05
75.57
76.09
76.61
77.13
77.75
78.39
79.08
79.76
80.45
81.13
81.83
82.54
83.24
83.94
84.64
85.26
85.89
86.49
87.11
87.74
88.36
88.99
89.61
90.21
90.82
91.43
92.03
92.59
93.15
93.70
94.27
94.84
95.40
95.96
96.51
97.08
97.65
98.17
98.70
99.22
99.74
100.25
100.77
101.30
101.82
102.33
102.84
103.35
103.85
104.36
104.88
105.41
105.93
106.45
106.99
107.55
108.12
108.68
109.24
109.80
110.34
110.89
111.44
112.00
112.56
113.13
113.71
114.28
114.83
115.40
115.96
116.53
117.10
117.66
118.21
118.78
119.37
119.97
120.56
121.15
121.73
122.31
122.89
123.47
124.05
124.63
125.20
125.77
126.37
126.98
127.58
128.19
128.80
129.40
130.01
130.61
131.20
131.80
132.38
132.96
133.54
134.12
134.70
135.29
135.87
136.46
137.06
137.65
138.21
138.76
139.31
139.82
140.32
140.82
141.32
141.80
142.29
142.78
143.27
143.75
144.27
144.79
145.31
145.81
146.30
146.80
147.28
147.78
148.27
148.76
149.25
149.75
150.26
150.77
151.28
151.79
152.29
152.79
153.25
153.72
154.19
154.66
155.13
155.61
156.13
156.65
157.18
157.72
158.26
158.79
159.34
159.89
160.45
161.03
161.61
162.18
162.75
163.32
163.90
164.47
165.08
165.69
166.29
166.88
167.47
167.96
168.46
168.96
169.45
169.94
170.42
170.91
171.39
171.87
172.37
172.87
173.36
173.85
174.29
174.73
175.18
175.59
176.00
176.40
176.81
177.21
177.61
178.00
178.39
178.77
179.17
179.56
179.98
180.38
180.81
181.23
181.64
182.03
182.45
182.88
183.30
183.73
184.16
184.60
185.03
185.47
185.91
186.35
186.79
187.23
187.66
188.09
188.53
189.07
189.61
190.16
190.72
191.27
191.84
192.42
192.99
193.55
194.11
194.66
195.24
195.81
196.38
196.95
197.53
198.11
198.69
199.27
199.84
200.41
200.97
201.54
202.15
202.77
203.37
203.98
204.58
205.17
205.75
206.33
206.92
207.52
208.09
208.67
209.25
209.80
210.36
210.92
211.48
212.03
212.60
213.17
213.74
214.23
214.71
215.21
215.71
216.21
216.71
217.20
217.70
218.17
218.69
219.21
219.73
220.26
220.80
221.32
221.84
222.37
222.89
223.40
223.90
224.40
224.90
225.41
225.91
226.41
226.91
227.42
227.93
228.44
228.94
229.45
229.96
230.49
231.02
231.54
232.04
232.54
233.05
233.56
234.07
234.59
235.07
235.54
236.02
236.50
236.97
237.45
237.96
238.47
238.98
239.49
240.00
240.50
240.95
241.41
241.86
242.25
242.65
243.04
243.44
243.89
244.34
244.80
245.20
245.59
245.97
246.36
246.74
247.10
247.46
247.83
248.20
248.57
248.94
249.31
249.70
250.07
250.42
250.79
251.16
251.52
251.87
252.23
252.56
252.89
253.21
253.55
253.90
254.28
254.68
255.07
255.45
255.91
256.36
256.81
257.29
257.76
258.24
258.73
259.23
259.73
260.25
260.77
261.29
261.75
262.20
262.66
263.13
263.59
264.06
264.52
264.97
265.43
265.90
266.38
266.86
267.33
267.83
268.33
268.83
269.32
269.80
270.29
270.78
271.27
