# Beats
0.62
1.24
1.87
2.51
3.13
3.76
4.40
4.99
5.57
6.15
6.71
7.27
7.83
8.37
8.96
9.59
10.21
10.81
11.42
12.05
12.65
13.27
13.80
14.34
14.86
15.39
15.93
16.51
17.10
17.67
18.25
18.83
19.40
19.98
20.55
21.13
21.69
22.27
22.84
23.41
24.01
24.60
25.19
25.80
26.39
26.98
27.59
28.18
28.77
29.36
29.95
30.53
31.11
31.72
32.32
32.95
33.58
34.20
34.85
35.49
36.11
36.71
37.30
37.89
38.50
39.16
39.83
40.47
41.09
41.69
42.27
42.86
43.46
44.03
44.61
45.19
45.75
46.30
46.83
47.35
47.87
48.39
48.91
49.34
49.78
50.22
50.67
51.10
51.51
51.92
52.34
52.76
53.19
53.61
54.06
54.50
54.93
55.41
55.89
56.38
56.88
57.35
57.84
58.33
58.79
59.28
59.76
60.24
60.73
61.14
61.53
61.93
62.32
62.74
63.16
63.60
64.04
64.48
64.93
65.35
65.76
66.20
66.64
67.06
67.47
67.87
68.36
68.84
69.31
69.80
70.21
70.62
71.03
71.45
71.88
72.31
72.74
73.12
73.51
73.91
74.32
74.75
75.15
75.56
75.93
76.30
76.70
77.07
77.47
77.88
78.30
78.72
79.12
79.52
79.91
80.32
80.74
81.15
81.56
81.99
82.41
82.81
83.22
83.64
84.06
84.47
84.89
85.31
85.72
86.15
86.55
86.96
87.38
87.82
88.25
88.68
89.11
89.57
90.02
90.48
90.98
91.48
91.96
92.45
92.94
93.44
93.95
94.46
94.97
95.48
95.99
96.50
97.01
97.50
97.99
98.50
98.99
99.47
99.96
100.47
100.96
101.42
101.88
102.35
102.81
103.27
103.71
104.16
104.63
105.08
105.58
106.06
106.53
107.01
107.47
107.95
108.41
108.88
109.34
109.80
110.27
110.75
111.21
111.69
112.15
112.62
113.08
113.57
114.04
114.53
115.00
115.47
115.93
116.38
116.84
117.31
117.71
118.13
118.54
118.94
119.37
119.79
120.21
120.62
121.05
121.46
121.88
122.29
122.69
123.11
123.53
123.95
124.37
124.83
125.29
125.76
126.22
126.69
127.13
127.59
128.05
128.48
128.92
129.45
129.99
130.50
131.01
131.53
132.03
132.54
133.03
133.54
134.04
134.54
135.04
135.56
136.09
136.63
137.14
137.65
138.17
138.69
139.23
139.74
140.26
140.77
141.28
141.80
142.32
142.83
143.33
143.85
144.36
144.87
145.38
145.91
146.45
146.98
147.45
147.91
148.39
148.85
149.30
149.75
150.20
150.65
151.12
151.63
152.15
152.67
153.18
153.70
154.24
154.75
155.25
155.76
156.27
156.76
157.26
157.73
158.22
158.69
159.22
159.75
160.30
160.77
161.26
161.75
162.26
162.77
163.28
163.82
164.34
164.86
165.38
165.91
166.43
166.97
167.51
168.04
168.59
169.13
169.68
170.20
170.74
171.29
171.83
172.36
172.90
