# Beats
0.53
1.08
1.65
2.21
2.76
3.34
3.90
4.47
5.04
5.60
6.16
6.73
7.29
7.86
8.43
9.01
9.58
10.16
10.66
11.16
11.66
12.21
12.77
13.33
13.87
14.42
14.98
15.53
16.08
16.63
17.18
17.73
18.29
18.85
19.39
19.91
20.45
20.98
21.52
22.06
22.62
23.17
23.73
24.29
24.85
25.38
25.91
26.45
26.99
27.54
28.10
28.63
29.16
29.68
30.23
30.79
31.34
31.89
32.46
33.02
33.56
34.11
34.66
35.20
35.74
36.27
36.80
37.36
37.92
38.48
39.02
39.57
40.11
40.66
41.20
41.75
42.28
42.82
43.35
43.91
44.45
45.02
45.58
46.11
46.66
47.21
47.74
48.29
48.82
49.37
49.90
50.43
50.99
51.55
52.11
52.65
53.20
53.63
54.07
54.49
54.92
55.36
55.79
56.19
56.60
56.99
57.40
57.79
58.24
58.69
59.14
59.61
60.07
60.52
61.02
61.53
62.04
62.54
63.04
63.54
64.04
64.54
65.04
65.60
66.15
66.71
67.26
67.81
68.38
68.95
69.53
70.10
70.68
71.26
71.84
72.40
73.02
73.63
74.23
74.81
75.40
75.98
76.56
77.14
77.72
78.27
78.81
79.35
79.90
80.46
81.00
81.55
82.08
82.62
83.15
83.68
84.25
84.80
85.33
85.89
86.45
87.01
87.56
88.10
88.64
89.21
89.77
90.30
90.82
91.37
91.90
92.46
93.02
93.58
94.10
94.63
95.18
95.72
96.25
96.78
97.34
97.90
98.45
99.01
99.57
100.11
100.68
101.24
101.78
102.33
102.86
103.40
103.93
104.47
105.00
105.56
106.09
106.63
107.17
107.73
108.27
108.83
109.38
109.92
110.47
111.00
111.55
112.08
112.62
113.15
113.71
114.24
114.78
115.33
115.88
116.42
116.98
117.54
118.09
118.64
119.19
119.73
120.29
120.84
121.38
121.93
122.47
123.02
123.56
124.11
124.64
125.19
125.74
126.29
126.84
127.38
127.92
128.45
129.00
129.57
130.11
130.66
131.18
131.73
132.28
132.84
133.41
133.96
134.50
135.05
135.59
136.14
136.68
137.21
137.74
138.27
138.83
139.39
139.94
140.47
141.00
141.55
142.09
142.64
143.19
143.74
144.31
144.87
145.43
146.01
146.59
147.17
147.75
148.33
148.91
149.50
150.09
150.67
151.25
151.82
152.39
152.95
153.51
154.06
154.61
155.16
155.71
156.27
156.82
157.37
157.92
158.46
159.01
159.58
160.15
160.75
161.36
162.05
162.74
163.40
164.07
164.75
165.28
165.83
166.38
166.91
167.42
167.96
168.50
169.03
169.56
170.10
