# Beats
0.74
1.49
2.25
3.04
3.84
4.63
5.41
6.19
6.98
7.77
8.56
9.31
10.09
10.89
11.68
12.46
13.21
13.98
14.77
15.49
16.23
17.02
17.81
18.59
19.34
20.10
20.84
21.58
22.34
23.06
23.80
24.54
25.30
26.05
26.78
27.54
28.29
29.01
29.74
30.46
31.21
31.95
32.72
33.44
34.18
34.92
35.64
36.41
37.20
37.99
38.70
39.40
40.10
40.82
41.56
42.31
43.08
43.82
44.54
45.27
45.96
46.72
47.48
48.25
48.99
49.74
50.48
51.22
51.98
52.70
53.42
54.20
54.94
55.68
56.40
57.14
57.90
58.65
59.40
60.15
60.91
61.61
62.32
63.07
63.81
64.54
65.27
66.01
66.78
67.52
68.28
69.01
69.75
70.59
71.42
72.26
73.07
73.87
74.63
75.36
76.07
76.79
77.51
78.23
78.92
79.62
80.32
81.03
81.72
82.43
83.13
83.87
84.61
85.36
86.09
86.82
87.54
88.28
89.03
89.77
90.50
91.23
91.97
92.71
93.45
94.18
94.91
95.67
96.40
97.13
97.87
98.64
99.40
100.14
100.86
101.49
102.14
102.77
103.40
104.01
104.62
105.23
105.79
106.35
106.90
107.42
107.93
108.43
108.92
109.42
109.92
110.43
110.94
111.46
111.97
112.48
113.00
113.52
114.03
114.57
115.09
115.61
116.13
116.66
117.17
117.70
118.24
118.75
119.29
119.86
120.42
120.98
121.53
122.18
122.83
123.51
124.18
124.85
125.54
126.20
126.85
127.50
128.09
128.70
129.31
129.94
130.57
131.10
131.63
132.17
132.56
132.96
133.36
133.76
134.14
134.51
134.88
135.28
135.67
136.05
136.43
136.81
137.20
137.58
137.97
138.37
138.77
139.18
139.70
140.24
140.78
141.32
141.85
142.38
142.92
143.46
144.00
144.53
145.07
145.59
146.05
146.54
147.03
147.54
148.05
148.56
149.07
149.58
150.07
