# Beats
0.66
1.34
1.96
2.60
3.27
3.92
4.61
5.26
5.97
6.64
7.43
8.21
8.96
9.73
10.48
11.24
12.03
12.77
13.49
14.21
14.95
15.73
16.50
17.23
17.88
18.58
19.25
19.81
20.33
20.90
21.46
22.01
22.55
23.08
23.61
24.17
24.68
25.18
25.70
26.24
26.80
27.35
27.90
28.44
29.01
29.57
30.13
30.64
31.14
31.67
32.21
32.79
33.38
33.97
34.52
35.11
35.69
36.27
36.83
37.41
37.99
38.56
39.08
39.61
40.16
40.75
41.31
41.82
42.33
42.86
43.31
43.72
44.12
44.55
44.98
45.40
45.81
46.25
46.68
47.11
47.51
47.95
48.36
48.83
49.25
49.67
50.09
50.55
51.04
51.53
52.02
52.50
52.96
53.46
53.99
54.49
54.98
55.45
55.94
56.45
56.98
57.54
58.04
58.56
59.05
59.51
59.98
60.46
60.95
61.44
61.90
62.37
62.83
63.25
63.65
64.11
64.59
65.06
65.49
65.92
66.37
66.80
67.24
67.69
68.13
68.55
68.96
69.38
69.81
70.33
70.84
71.34
71.84
72.35
72.88
73.40
73.89
74.35
74.86
75.36
75.79
76.25
76.70
77.14
77.51
77.87
78.29
78.72
79.13
79.53
79.92
80.33
80.69
81.05
81.46
81.91
82.31
82.73
83.19
83.59
84.03
84.43
84.83
85.24
85.66
86.08
86.48
86.94
87.35
87.84
88.31
88.77
89.19
89.65
90.12
90.56
91.05
91.54
92.01
92.50
93.01
93.46
93.96
94.44
94.91
95.38
95.88
96.36
96.98
97.56
98.10
98.65
99.20
99.75
100.31
100.88
101.58
102.28
103.03
103.76
104.56
105.36
106.16
106.92
107.55
108.23
108.91
109.64
110.39
111.10
