# Beats
0.50
1.01
1.52
2.03
2.54
3.05
3.56
4.08
4.59
5.10
5.60
6.11
6.62
7.13
7.65
8.17
8.68
9.15
9.60
10.07
10.47
10.88
11.27
11.67
12.06
12.45
12.83
13.22
13.61
13.98
14.36
14.74
15.12
15.50
15.86
16.23
16.60
16.99
17.36
17.74
18.12
18.51
18.88
19.25
19.62
19.99
20.35
20.72
21.10
21.48
21.87
22.24
22.63
23.01
23.38
23.75
24.11
24.47
24.85
25.23
25.61
25.98
26.37
26.74
27.11
27.47
27.85
28.22
28.61
28.98
29.36
29.73
30.10
30.46
30.84
31.20
31.58
31.95
32.33
32.72
33.09
33.46
33.83
34.20
34.57
34.95
35.32
35.69
36.06
36.43
36.82
37.20
37.57
37.94
38.31
38.70
39.08
39.45
39.82
40.21
40.59
40.96
41.34
41.71
42.09
42.46
42.83
43.20
43.56
43.93
44.30
44.69
45.06
45.44
45.82
46.21
46.58
46.96
47.35
47.73
48.10
48.47
48.85
49.23
49.60
49.97
50.34
50.72
51.10
51.48
51.85
52.22
52.59
52.96
53.34
53.71
54.09
54.47
54.85
55.21
55.57
55.94
56.31
56.73
57.14
57.57
58.03
58.47
58.91
59.36
59.74
60.12
60.49
60.87
61.25
61.63
61.99
62.35
62.71
63.08
63.45
63.83
64.20
64.59
64.97
65.35
65.74
66.13
66.51
66.91
67.30
67.71
68.12
68.53
68.96
69.39
69.81
70.23
70.64
71.05
71.45
71.84
72.23
72.62
73.03
73.44
73.85
74.26
74.66
75.07
75.46
75.86
76.24
76.64
77.03
77.42
77.80
78.17
78.54
78.91
79.27
79.63
80.00
80.38
80.74
81.11
81.48
81.85
82.21
82.58
82.95
83.34
83.71
84.08
84.45
84.83
85.22
85.59
85.97
86.34
86.71
87.10
87.48
87.86
88.24
88.60
88.97
89.34
89.71
90.09
90.48
90.87
91.28
91.67
92.08
92.57
93.04
93.53
94.02
94.51
95.00
95.49
95.98
96.47
96.97
97.47
97.96
98.39
98.84
99.27
99.71
100.16
100.60
101.05
101.49
101.94
102.38
102.81
103.25
103.69
104.12
104.55
104.98
105.41
105.85
106.29
106.73
107.17
107.60
108.03
108.47
108.91
109.34
109.78
110.21
110.64
111.08
111.53
111.97
112.41
112.84
113.28
113.72
114.17
114.61
115.05
115.50
115.94
116.37
116.80
117.21
117.63
118.07
118.53
118.97
119.41
119.85
120.30
120.76
121.21
121.66
122.13
122.57
123.01
123.45
123.89
124.33
124.77
125.20
125.62
126.05
126.49
126.92
127.34
127.76
128.19
128.62
129.04
129.49
129.94
130.39
130.83
131.27
131.73
132.18
132.63
133.07
133.51
133.94
134.37
134.82
135.26
135.71
136.15
136.60
137.04
137.49
137.93
138.36
138.79
139.22
139.63
140.05
140.48
140.91
141.34
141.77
142.20
142.62
143.05
143.48
143.92
144.35
144.78
145.22
145.65
146.09
146.52
146.95
147.38
147.81
148.24
148.67
149.10
149.54
149.98
150.42
150.86
151.30
151.79
152.26
152.73
153.19
153.65
154.11
154.55
154.99
155.45
155.89
156.32
156.75
157.18
157.61
158.04
158.46
158.91
159.34
159.76
160.21
160.64
161.07
161.49
161.91
162.34
162.76
163.19
163.61
164.04
164.47
164.91
165.34
165.77
166.20
166.63
167.04
167.49
167.92
168.33
168.75
169.18
169.60
170.03
170.46
170.89
171.31
171.73
172.15
172.58
173.02
173.46
173.89
174.34
174.75
175.19
175.62
176.07
176.49
176.92
177.35
177.77
178.19
178.61
179.03
179.44
179.88
180.33
180.77
181.21
181.68
182.16
182.64
183.08
183.48
183.89
184.30
184.70
185.11
185.52
