# Beats
0.44
0.85
1.23
1.61
2.01
2.39
2.79
3.18
3.58
3.98
4.39
4.79
5.20
5.61
6.00
6.40
6.79
7.19
7.57
7.95
8.35
8.74
9.15
9.54
9.93
10.32
10.72
11.10
11.49
11.90
12.29
12.70
13.10
13.48
13.86
14.26
14.65
15.05
15.44
15.85
16.24
16.64
17.04
17.44
17.83
18.24
18.63
19.03
19.44
19.83
20.24
20.64
21.03
21.42
21.80
22.20
22.59
22.99
23.38
23.78
24.17
24.57
24.96
25.36
25.75
26.15
26.53
26.92
27.32
27.72
28.12
28.51
28.92
29.33
29.73
30.14
30.55
30.94
31.34
31.72
32.11
32.51
32.91
33.32
33.73
34.11
34.50
34.90
35.31
35.71
36.11
36.51
36.91
37.33
37.76
38.19
38.63
39.04
39.45
39.87
40.28
40.69
41.11
41.53
41.94
42.35
42.76
43.17
43.57
43.97
44.35
44.73
45.13
45.52
45.92
46.31
46.71
47.10
47.50
47.90
48.31
48.72
49.12
49.53
49.92
50.32
50.72
51.13
51.55
51.97
52.37
52.79
53.21
53.64
54.07
54.51
54.94
55.36
55.79
56.22
56.62
57.03
57.43
57.84
58.24
58.64
59.03
59.42
59.80
60.19
60.57
60.96
61.37
61.79
62.21
62.64
63.07
63.49
63.92
64.37
64.80
65.24
65.65
66.07
66.48
66.90
67.31
67.73
68.15
68.55
68.95
69.36
69.76
70.17
70.57
70.95
71.34
71.74
72.13
72.54
72.93
73.33
73.72
74.11
74.50
74.88
75.27
75.66
76.06
76.44
76.82
77.22
77.61
78.01
78.40
78.80
79.18
79.57
79.98
80.39
80.78
81.18
81.57
81.97
82.36
82.77
83.17
83.58
83.97
84.37
84.76
85.16
85.57
85.96
86.36
86.75
87.13
87.53
87.92
88.32
88.71
89.11
89.50
89.91
90.31
90.72
91.13
91.53
91.94
92.36
92.79
93.22
93.66
94.09
94.52
94.95
95.35
95.75
96.15
96.55
96.94
97.34
97.73
98.13
98.52
98.92
99.31
99.71
100.10
100.51
100.91
101.31
101.70
102.11
102.50
102.90
103.29
103.69
104.08
104.49
104.91
105.33
105.74
106.15
106.54
106.94
107.33
107.73
108.14
108.53
108.92
109.33
109.74
110.13
110.52
110.91
111.29
111.69
112.08
112.48
112.86
113.24
113.65
114.04
114.44
114.83
115.24
115.65
116.04
116.44
116.83
117.23
117.62
118.03
118.42
118.83
119.22
119.63
120.02
120.42
120.81
121.21
121.60
122.01
122.42
122.81
123.21
123.60
124.01
124.40
124.80
125.19
125.59
125.97
126.36
126.76
127.15
127.55
127.94
128.34
128.73
129.13
129.53
129.94
130.35
130.75
131.13
131.52
131.91
132.31
132.70
133.11
133.51
133.91
134.32
134.71
135.12
135.51
135.89
136.29
136.67
137.06
137.44
137.82
138.23
138.63
139.03
139.44
139.84
140.25
140.64
141.04
141.43
141.83
142.23
142.63
143.02
143.43
143.84
144.23
144.63
145.02
145.41
145.81
146.20
146.60
146.99
147.39
147.78
148.17
148.56
148.96
149.34
149.72
150.11
150.50
150.89
151.29
151.70
152.09
152.49
152.88
153.29
153.69
154.10
154.49
154.90
155.31
155.71
156.11
156.50
156.89
157.28
157.68
158.07
158.46
158.86
159.25
159.65
160.03
160.43
160.82
161.23
161.62
162.02
162.41
162.81
163.21
163.61
164.00
164.41
164.82
165.21
165.60
166.01
166.43
166.88
167.33
167.79
168.30
168.80
169.30
169.82
170.34
170.85
171.36
171.87
