# Beats
0.53
1.07
1.61
2.15
2.68
3.22
3.76
4.32
4.85
5.39
5.92
6.46
7.01
7.57
8.12
8.67
9.23
9.80
10.37
10.92
11.48
11.99
12.52
13.03
13.50
13.98
14.47
14.99
15.52
16.04
16.58
17.11
17.65
18.22
18.80
19.38
19.97
20.56
21.16
21.76
22.34
22.92
23.50
24.08
24.65
25.22
25.79
26.35
26.91
27.47
28.01
28.54
29.08
29.62
30.19
30.75
31.30
31.83
32.38
32.88
33.39
33.90
34.46
35.02
35.56
36.10
36.63
37.20
37.77
38.34
38.89
39.46
40.02
40.58
41.16
41.73
42.30
42.86
43.42
43.98
44.54
45.09
45.66
46.34
47.00
47.66
48.32
48.99
49.68
50.35
51.03
51.70
52.29
52.88
53.48
54.06
54.65
55.23
55.81
56.39
56.96
57.52
58.07
58.63
59.19
59.74
60.31
60.87
61.46
62.04
62.62
63.20
63.79
64.24
64.70
65.16
65.57
65.99
66.41
66.82
67.16
67.51
67.86
68.20
68.52
68.86
69.20
69.52
69.85
70.17
70.51
70.84
71.33
71.78
72.24
72.69
73.24
73.79
74.34
74.87
75.43
75.99
76.53
77.08
77.64
78.18
78.74
79.31
79.87
80.41
80.96
81.51
82.06
82.60
83.16
83.71
84.25
84.80
85.34
85.90
86.45
86.98
87.52
88.05
88.60
89.13
89.68
90.21
90.76
91.30
91.85
92.39
92.91
93.46
94.02
94.56
95.11
95.64
96.18
96.72
97.28
97.83
98.36
98.91
99.47
100.03
100.59
101.17
101.73
102.30
102.86
103.42
103.98
104.48
104.98
105.48
105.92
106.36
106.79
107.23
107.66
108.09
108.52
108.95
109.37
109.78
110.21
110.64
111.07
111.50
111.92
112.35
112.78
113.21
113.64
114.07
114.49
114.92
115.35
115.76
116.18
116.60
117.03
117.46
117.89
118.31
118.74
119.16
119.59
120.04
120.59
121.15
121.70
122.26
122.82
123.36
123.89
124.44
125.00
125.56
126.11
126.65
127.19
127.73
128.29
128.84
129.37
129.92
130.45
130.98
131.51
132.04
132.60
133.15
133.70
134.25
134.78
135.33
135.87
136.43
136.99
137.54
138.09
138.62
139.16
139.70
140.26
140.81
141.35
141.90
142.44
142.99
143.52
144.07
144.63
145.17
145.72
146.25
146.80
147.34
147.88
148.41
148.97
149.52
150.07
150.63
151.20
151.85
152.50
153.16
153.81
154.46
155.11
155.75
156.40
157.05
157.72
158.42
159.08
159.75
160.42
161.05
161.70
162.33
162.97
163.60
164.23
164.87
165.37
165.87
166.37
166.79
167.20
167.60
168.02
168.44
168.86
169.27
169.69
170.11
170.53
170.96
171.39
171.82
172.26
172.70
173.13
173.56
173.99
174.42
174.83
175.26
175.69
176.11
176.54
176.97
177.40
177.83
178.26
178.68
179.11
179.54
179.97
180.40
180.83
181.24
181.66
182.09
182.52
182.96
183.39
183.83
184.27
184.69
185.12
185.55
185.99
186.43
186.86
187.28
187.71
188.13
188.56
188.98
189.39
189.82
190.25
190.68
191.11
191.54
191.96
192.39
192.82
193.25
193.69
194.12
194.54
194.95
195.40
195.83
196.26
196.68
197.11
197.54
197.97
198.40
198.83
199.26
199.69
200.13
200.57
201.02
201.46
201.90
202.33
202.76
203.19
203.62
204.03
204.45
204.88
205.31
205.73
206.14
206.55
206.97
207.39
207.81
208.24
208.67
209.10
209.51
209.94
210.37
210.80
211.23
211.66
212.09
212.56
213.02
213.48
213.95
214.42
214.91
