# Beats
0.53
1.08
1.63
2.18
2.74
3.20
3.66
4.11
4.55
4.99
5.45
5.91
6.37
6.83
7.27
7.70
8.13
8.56
8.99
9.42
9.85
10.26
10.69
11.12
11.55
11.98
12.41
12.84
13.27
13.70
14.13
14.56
14.99
15.42
15.86
16.29
16.72
17.14
17.57
18.00
18.43
18.85
19.30
19.73
20.15
20.57
21.00
21.43
21.86
22.29
22.72
23.15
23.58
24.01
24.44
24.87
25.30
25.73
26.16
26.58
26.99
27.41
27.82
28.22
28.67
29.09
29.51
29.94
30.37
30.84
31.25
31.70
32.14
32.58
33.02
33.45
33.89
34.34
34.77
35.20
35.62
36.05
36.48
36.91
37.35
37.79
38.24
38.71
39.17
39.62
40.08
40.53
40.98
41.42
41.88
42.32
42.76
43.21
43.65
44.11
44.55
44.99
45.44
45.88
46.31
46.74
47.17
47.60
48.03
48.46
48.89
49.31
49.73
50.14
50.57
51.00
51.43
51.86
52.31
52.76
53.19
53.60
54.02
54.44
54.86
55.26
55.68
56.10
56.53
56.96
57.35
57.76
58.20
58.64
59.08
59.52
59.95
60.41
60.85
61.29
61.73
62.17
62.60
63.03
63.46
63.88
64.30
64.73
65.16
65.57
65.99
66.41
66.84
67.27
67.70
68.13
68.56
68.97
69.40
69.83
70.28
70.69
71.13
71.56
71.99
72.42
72.85
73.28
73.71
74.14
74.57
74.99
75.42
75.85
76.28
76.71
77.13
77.55
77.98
78.41
78.85
79.28
79.73
80.17
80.60
81.04
81.48
81.90
82.33
82.74
83.17
83.60
84.03
84.45
84.87
85.30
85.72
86.15
86.58
87.01
87.43
87.86
88.28
88.71
89.14
89.57
90.00
90.43
90.86
91.29
91.72
92.15
92.58
93.01
93.44
93.87
94.31
94.74
95.16
95.57
96.00
96.43
96.86
97.29
97.72
98.14
98.56
98.98
99.40
99.82
100.25
100.69
101.12
101.55
101.98
102.41
102.83
103.26
103.68
104.11
104.54
104.97
105.40
105.82
106.25
106.68
107.11
107.54
107.96
108.39
108.82
109.25
109.68
110.12
110.55
110.98
111.41
111.85
112.27
112.69
113.12
113.56
113.99
114.42
114.83
115.26
115.69
116.12
116.55
116.99
117.43
117.88
118.31
118.75
119.18
119.63
120.07
120.49
120.91
121.34
121.75
122.17
122.58
123.00
123.41
123.84
124.27
124.69
125.12
125.55
125.98
126.43
126.87
127.30
127.73
128.15
128.58
129.00
129.43
129.86
130.29
130.73
131.16
131.59
132.02
132.46
132.90
133.33
133.76
134.19
134.62
135.06
135.50
135.95
136.41
136.85
137.29
137.73
138.17
138.61
139.06
139.52
139.99
140.47
140.93
141.39
141.83
142.26
142.69
143.12
143.55
143.99
144.43
144.87
145.31
145.74
146.18
146.61
147.04
147.48
147.92
148.35
148.78
149.21
149.64
150.08
150.43
150.77
151.10
151.45
151.78
152.13
152.45
152.76
153.08
153.40
153.73
154.05
154.38
154.70
155.03
155.34
155.67
155.99
156.31
156.62
156.94
157.27
157.70
158.14
158.58
159.03
159.49
159.94
160.40
160.87
161.34
161.80
162.26
162.73
163.19
163.64
164.08
164.52
164.97
165.41
165.85
166.28
166.70
167.13
167.56
167.98
168.41
168.84
169.27
169.69
170.12
170.54
170.96
171.39
171.82
172.25
172.69
173.14
173.57
173.99
174.42
174.85
175.28
175.71
176.13
176.56
176.99
177.42
177.85
178.28
178.71
179.14
179.58
180.01
180.44
180.87
181.30
181.72
182.15
182.57
183.00
183.43
183.86
184.29
184.73
185.16
185.57
186.00
186.44
186.87
187.30
187.73
188.17
188.60
189.03
189.46
189.89
190.31
190.73
191.16
191.59
192.02
192.44
192.84
193.26
193.69
194.11
194.51
194.95
195.41
195.86
196.28
196.71
197.13
197.54
197.97
198.40
198.83
199.26
199.69
200.12
200.55
200.99
201.42
201.85
202.27
202.69
203.10
203.52
203.96
204.41
204.85
205.28
205.71
206.12
206.54
206.97
207.40
207.83
208.27
208.70
209.12
209.53
209.99
210.45
210.92
211.37
211.82
212.28
212.73
213.18
213.64
214.10
214.56
215.04
215.64
216.24
216.83
217.42
218.01
218.62
219.22
219.82
220.45
221.08
221.70
222.32
222.96
223.58
224.22
