# Beats
0.46
0.94
1.42
1.89
2.37
2.84
3.25
3.67
4.09
4.49
4.90
5.31
5.71
6.15
6.59
7.04
7.48
7.92
8.36
8.80
9.22
9.61
10.00
10.38
10.76
11.15
11.53
11.92
12.31
12.69
13.07
13.47
13.85
14.23
14.62
15.00
15.39
15.78
16.16
16.53
16.93
17.32
17.73
18.11
18.51
18.90
19.30
19.69
20.09
20.48
20.87
21.26
21.64
22.02
22.42
22.81
23.22
23.61
24.03
24.45
24.87
25.27
25.68
26.10
26.52
26.96
27.39
27.83
28.31
28.77
29.23
29.71
30.19
30.65
31.11
31.58
32.03
32.48
32.93
33.37
33.81
34.26
34.71
35.17
35.62
36.05
36.48
36.91
37.34
37.78
38.23
38.68
39.14
39.58
40.03
40.48
40.95
41.40
41.89
42.38
42.86
43.32
43.77
44.21
44.76
45.30
45.85
46.50
47.16
47.83
48.48
49.13
49.78
50.46
51.13
51.80
52.38
52.96
53.55
54.13
54.72
55.29
55.86
56.42
57.03
57.63
58.29
58.96
59.62
60.28
60.94
61.61
62.28
62.95
63.63
64.30
64.97
65.55
66.15
66.77
67.36
67.96
68.57
69.16
69.74
70.32
70.91
71.54
72.16
72.77
73.38
73.98
74.58
75.19
75.81
76.43
77.04
77.67
78.27
78.88
79.47
80.09
80.70
81.29
81.89
82.48
83.08
83.75
84.43
85.12
85.81
86.49
87.18
87.86
88.54
89.21
89.90
90.58
91.23
91.88
92.57
93.25
93.91
94.57
95.18
95.78
96.39
97.00
97.61
98.21
98.81
99.40
99.99
100.59
101.18
101.78
102.38
102.98
103.58
104.19
104.79
105.40
106.01
106.63
107.09
107.53
108.00
108.47
108.86
109.25
109.62
110.02
110.42
110.83
111.22
111.62
112.02
112.43
112.83
113.22
113.62
114.01
114.40
114.80
115.19
115.59
115.97
116.37
116.77
117.17
117.56
117.97
118.36
118.75
119.14
119.54
119.93
120.33
120.73
121.16
121.58
121.99
122.42
122.83
123.25
123.68
124.11
124.54
124.92
125.33
125.71
126.11
126.50
126.90
127.29
127.66
128.07
128.48
128.89
129.30
129.73
130.15
130.57
131.00
131.40
131.80
132.21
132.61
133.00
133.42
133.84
134.26
134.69
135.12
135.63
136.12
136.61
137.15
137.68
138.30
138.91
139.53
140.16
140.78
141.39
141.98
142.57
143.14
143.71
144.30
144.89
145.50
146.09
146.70
147.39
148.07
148.77
149.44
150.12
150.79
151.46
152.14
152.82
153.39
153.95
154.51
155.07
155.63
156.18
156.73
157.29
157.88
158.48
159.01
159.54
160.09
160.61
161.13
161.66
162.19
162.73
163.26
163.79
