# Beats
0.53
1.07
1.61
2.16
2.68
3.17
3.66
4.14
4.64
5.13
5.63
6.11
6.59
7.08
7.57
8.06
8.54
9.04
9.53
10.02
10.51
10.99
11.47
11.95
12.43
12.92
13.41
13.90
14.38
14.87
15.36
15.85
16.34
16.82
17.30
17.79
18.27
18.76
19.25
19.75
20.24
20.72
21.21
21.69
22.18
22.66
23.15
23.64
24.13
24.61
25.10
25.59
26.09
26.59
27.07
27.56
28.05
28.54
29.02
29.51
30.00
30.49
30.98
31.45
31.94
32.43
32.91
33.40
33.89
34.37
34.85
35.34
35.83
36.32
36.80
37.28
37.77
38.25
38.74
39.23
39.72
40.22
40.70
41.19
41.68
42.17
42.66
43.14
43.64
44.14
44.63
45.12
45.62
46.10
46.60
47.09
47.57
48.04
48.53
49.02
49.49
49.97
50.46
50.93
51.41
51.87
52.35
52.81
53.29
53.77
54.24
54.72
55.18
55.67
56.15
56.60
57.04
57.49
57.95
58.40
58.85
59.30
59.77
60.24
60.72
61.21
61.70
62.17
62.66
63.14
63.61
64.08
64.54
65.00
65.47
65.93
66.40
66.86
67.33
67.79
68.24
68.70
69.16
69.63
70.10
70.57
71.03
71.51
71.97
72.45
72.92
73.41
73.90
74.37
74.86
75.34
75.81
76.29
76.77
77.24
77.71
78.16
78.62
79.09
79.55
80.02
80.47
80.92
81.39
81.85
82.31
82.78
83.24
83.70
84.15
84.61
85.08
85.54
86.01
86.47
86.94
87.41
87.90
88.39
88.87
89.43
89.98
90.53
91.09
91.65
92.14
92.59
93.05
93.52
93.98
94.45
94.91
95.40
95.89
96.37
96.86
97.35
97.84
98.31
98.79
99.27
99.81
100.36
100.90
101.46
102.03
102.67
103.32
103.96
104.61
105.26
105.89
106.54
107.17
107.80
108.41
109.03
109.66
110.28
110.91
111.53
112.14
112.77
113.38
114.00
114.54
115.10
115.65
116.15
116.63
117.12
117.61
118.10
118.58
119.04
119.48
119.92
120.35
120.79
121.24
121.71
122.16
122.62
123.09
123.54
123.99
124.45
124.90
125.35
125.81
126.26
126.71
127.15
127.61
128.06
128.50
128.95
129.40
129.87
130.32
130.79
131.25
131.72
132.18
132.63
133.09
133.55
134.00
134.46
134.91
135.36
135.81
136.25
136.71
137.15
137.60
138.05
138.61
139.16
139.71
140.28
140.84
141.40
141.96
142.50
143.09
143.69
144.29
144.89
145.50
146.17
146.83
147.50
148.18
148.85
149.52
150.19
150.86
151.53
152.23
152.94
153.59
154.24
154.90
155.56
156.19
156.82
157.43
158.06
158.69
159.31
159.94
160.55
161.17
161.79
162.30
162.80
163.29
163.83
164.36
164.90
165.43
165.96
166.49
167.01
167.52
168.03
168.55
169.06
169.52
169.98
170.43
170.89
171.29
171.70
172.11
172.57
173.02
173.49
173.98
174.46
174.95
175.44
175.91
176.39
176.88
177.37
177.85
178.33
178.79
179.26
179.72
180.19
180.65
181.12
181.58
182.04
182.52
182.97
183.43
183.88
184.35
184.84
185.31
185.76
186.21
186.68
187.14
187.61
188.07
188.53
189.00
189.46
189.94
190.40
190.87
191.34
191.81
192.27
192.71
193.17
193.62
194.08
194.55
195.01
195.47
195.92
196.42
196.93
197.44
197.93
198.43
198.91
199.40
199.90
200.40
200.88
201.35
201.83
202.29
202.76
203.22
203.65
204.08
204.52
204.95
205.38
205.81
206.23
206.66
207.09
207.52
207.93
208.38
208.81
209.24
209.61
209.99
210.37
210.74
211.12
211.49
211.86
212.24
212.60
212.97
213.36
213.74
214.13
214.53
214.92
215.32
215.68
216.03
216.39
216.75
217.08
217.43
217.77
218.09
218.43
218.77
219.09
219.42
219.75
220.09
220.42
220.74
221.07
221.40
221.79
222.16
222.53
222.90
223.31
223.72
224.14
224.60
225.05
225.50
225.95
226.42
226.87
227.33
227.79
228.25
228.73
229.13
229.53
229.92
230.32
230.71
231.10
231.48
231.86
232.25
232.63
233.01
233.41
233.80
234.20
234.59
234.99
235.38
235.78
236.17
236.54
236.91
237.28
237.67
238.04
238.42
238.79
239.18
239.56
