# Beats
0.80
1.61
2.43
3.22
4.01
4.77
5.54
6.30
7.07
7.84
8.60
9.33
10.07
10.80
11.53
12.28
13.04
13.77
14.51
15.26
16.00
16.70
17.39
17.98
18.58
19.17
19.76
20.36
20.97
21.57
22.18
22.78
23.38
23.99
24.58
25.17
25.76
26.35
26.95
27.55
28.14
28.70
29.26
29.81
30.36
30.91
31.49
32.07
32.64
33.22
33.81
34.39
34.97
35.55
36.10
36.64
37.18
37.72
38.27
38.82
39.37
39.92
40.47
41.03
41.59
42.14
42.70
43.26
43.82
44.37
44.93
45.49
46.05
46.58
47.11
47.65
48.17
48.70
49.24
49.76
50.29
50.82
51.34
51.86
52.36
52.86
53.36
53.86
54.36
54.86
55.25
55.65
56.04
56.44
56.82
57.21
57.61
58.00
58.39
58.78
59.16
59.56
59.95
60.35
60.74
61.15
61.56
61.97
62.38
62.74
63.09
63.44
63.79
64.13
64.48
64.83
65.18
65.57
65.97
66.36
66.76
67.15
67.54
67.92
68.31
68.71
69.10
69.50
69.89
70.29
70.69
71.09
71.51
71.94
72.35
72.82
73.28
73.76
74.30
74.83
75.36
75.89
76.43
76.96
77.50
78.04
78.58
79.16
79.74
80.33
80.92
81.51
82.11
82.70
83.32
83.95
84.58
85.22
85.86
86.49
87.13
87.79
88.46
89.12
89.70
90.28
90.88
91.49
92.09
92.68
93.27
93.87
94.46
95.04
95.62
96.20
96.78
97.35
97.92
98.46
99.01
99.56
100.04
100.53
101.01
101.49
101.98
102.47
102.92
103.38
103.83
104.39
104.94
105.50
106.06
106.61
107.17
107.73
108.29
108.83
109.38
109.92
110.48
111.03
111.53
112.02
112.54
113.03
113.55
114.06
114.56
115.05
115.57
116.05
116.54
117.03
117.54
118.05
118.56
119.06
119.56
120.06
120.58
121.10
121.63
122.16
122.69
123.34
123.99
124.64
125.31
125.96
126.62
127.28
127.97
128.64
129.29
129.94
130.60
131.16
131.73
132.30
132.86
133.43
134.00
134.56
135.12
135.58
136.06
136.53
137.04
137.56
138.07
138.58
139.09
139.60
140.11
140.62
141.18
141.72
142.28
142.84
143.41
143.98
144.53
145.10
145.72
146.33
146.94
147.54
148.14
148.62
149.11
149.59
150.07
150.47
150.86
151.24
151.64
152.02
152.40
152.79
153.18
153.57
153.95
154.33
154.73
155.12
155.50
155.90
156.29
156.69
157.08
157.48
157.87
158.27
158.66
159.11
159.57
160.03
160.50
160.96
161.43
161.89
162.35
162.81
163.26
163.72
164.19
164.65
165.12
165.58
166.05
166.51
166.97
167.44
167.90
168.36
168.80
169.25
169.78
170.32
170.85
171.39
171.92
172.51
173.09
173.67
174.25
174.83
175.36
175.87
176.39
176.91
177.44
177.96
178.43
178.91
179.39
179.86
180.34
180.81
181.29
181.70
182.09
182.49
182.88
183.28
183.67
184.06
184.46
184.85
185.26
185.67
186.04
186.41
186.78
187.16
187.55
187.93
188.33
188.71
189.09
189.47
189.86
190.32
190.79
191.25
191.72
192.18
192.64
193.11
193.57
194.04
194.50
195.08
195.66
196.24
196.82
197.40
197.97
198.54
199.11
199.68
200.25
200.78
201.33
201.86
202.40
202.93
203.46
203.99
204.52
205.06
205.53
206.02
206.51
206.98
207.46
207.93
208.45
208.96
209.47
209.98
210.49
211.00
211.50
212.00
212.50
213.00
213.50
214.00
214.49
214.99
215.48
215.98
216.48
216.97
217.45
217.94
218.43
218.92
219.41
219.89
220.37
220.84
221.31
221.77
222.23
222.69
223.17
223.64
224.12
224.56
225.00
225.44
225.88
226.32
226.77
227.21
227.65
228.08
228.51
228.94
229.37
229.80
230.23
230.64
231.06
231.49
231.92
232.36
232.78
233.20
233.64
234.07
234.50
234.87
235.24
235.61
236.00
236.41
236.83
237.25
237.67
238.07
238.48
238.89
239.29
239.70
240.11
240.51
240.92
241.32
241.72
242.11
242.51
242.90
243.30
243.76
244.23
244.70
245.18
245.66
246.13
246.62
