# Beats
0.50
1.01
1.51
2.01
2.51
3.07
3.62
4.18
4.75
5.32
5.94
6.55
7.15
7.76
8.35
8.94
9.53
10.12
10.82
11.52
12.26
13.00
13.73
14.48
15.22
15.95
16.68
17.41
18.08
18.72
19.32
19.90
20.49
21.08
21.68
22.27
22.86
23.45
24.03
24.60
25.16
25.73
26.30
26.95
27.59
28.24
28.87
29.51
30.08
30.66
31.21
31.73
32.25
32.76
33.27
33.79
34.30
34.81
35.33
35.83
36.33
36.84
37.35
37.85
38.35
38.84
39.32
39.82
40.30
40.77
41.25
41.76
42.27
42.78
43.26
43.75
44.22
44.69
45.15
45.62
46.09
46.57
47.04
47.53
48.08
48.62
49.15
49.67
50.19
50.72
51.29
51.85
52.42
52.98
53.50
54.01
54.52
55.02
55.52
56.02
56.52
57.00
57.49
57.98
58.46
58.93
59.42
59.91
60.40
60.88
61.36
61.85
62.32
62.80
63.29
63.77
64.26
64.74
65.21
65.69
66.17
66.63
67.09
67.57
68.05
68.52
69.01
69.50
69.98
70.47
70.96
71.45
71.92
72.40
72.88
73.35
73.83
74.32
74.79
75.28
75.77
76.24
76.72
77.19
77.67
78.16
78.65
79.15
79.63
80.12
80.61
81.10
81.58
82.06
82.54
83.01
83.49
83.96
84.44
84.93
85.41
85.91
86.41
86.90
87.40
87.91
88.42
88.93
89.42
89.91
90.40
90.94
91.49
92.02
92.52
93.02
93.52
94.06
94.60
95.11
95.62
96.13
96.64
97.15
97.66
98.08
98.48
98.86
99.24
99.63
100.02
100.41
100.80
101.18
101.56
101.95
102.32
102.69
103.07
103.44
103.83
104.20
104.57
104.94
105.33
105.70
106.07
106.44
106.82
107.19
107.58
107.96
108.34
108.73
109.12
109.53
109.93
110.49
111.06
111.72
112.40
113.15
113.89
114.65
115.40
116.16
116.89
117.64
118.40
119.14
119.90
120.64
121.37
122.14
122.90
123.66
124.42
125.18
125.93
126.69
127.44
128.21
128.99
129.78
130.57
131.37
132.16
132.95
133.74
134.44
135.15
135.74
136.32
136.90
137.49
138.07
138.65
139.23
139.81
140.39
140.97
141.63
142.28
142.93
143.57
144.22
144.88
145.54
