# Beats
0.43
0.85
1.28
1.74
2.21
2.67
3.15
3.62
4.05
4.52
4.99
5.43
5.87
6.30
6.71
7.13
7.51
7.93
8.34
8.74
9.15
9.57
9.97
10.38
10.90
11.46
11.98
12.48
12.99
13.49
14.00
14.51
15.05
15.49
15.99
16.44
16.90
17.40
17.87
18.29
18.69
19.12
19.53
19.95
20.36
20.78
21.18
21.57
21.97
22.43
22.89
23.36
23.85
24.33
24.82
25.31
25.80
26.28
26.78
27.21
27.70
28.21
28.72
29.22
29.71
30.19
30.66
31.11
31.68
32.26
32.81
33.39
33.94
34.49
35.06
35.64
36.13
36.61
37.08
37.49
37.95
38.36
38.82
39.31
39.76
40.19
40.65
41.08
41.52
41.95
42.36
42.78
43.25
43.62
44.00
44.34
44.71
45.12
45.49
45.87
46.24
46.61
46.99
47.36
47.74
48.13
48.52
48.92
49.35
49.78
50.19
50.61
51.03
51.43
51.86
52.26
52.65
53.06
53.49
53.91
54.35
54.75
55.14
55.50
55.88
56.24
56.60
56.98
57.35
57.76
58.11
58.46
58.82
59.15
59.54
59.93
60.29
60.65
61.01
61.39
61.78
62.14
62.51
62.88
63.26
63.65
64.02
64.42
64.88
65.28
65.68
66.06
66.44
66.85
67.23
67.59
67.96
68.35
68.72
