# Beats
0.43
0.87
1.31
1.75
2.19
2.61
3.07
3.49
3.95
4.37
4.78
5.20
5.64
6.11
6.54
6.97
7.43
7.92
8.41
8.87
9.40
9.94
10.40
10.86
11.28
11.75
12.28
12.83
13.33
13.84
14.33
14.84
15.33
15.81
16.30
16.70
17.09
17.47
17.90
18.33
18.85
19.37
19.86
20.36
20.86
21.35
21.84
22.36
22.88
23.41
23.96
24.52
25.08
25.61
26.15
26.68
27.18
27.68
28.18
28.69
29.20
29.72
30.24
30.77
31.31
31.85
32.38
32.93
33.47
34.02
34.56
35.11
35.65
36.19
36.72
37.27
37.81
38.36
38.91
39.45
40.00
40.52
41.04
41.56
42.06
42.56
43.06
43.56
44.05
44.54
45.07
45.56
46.02
46.51
47.00
47.52
47.93
48.33
48.69
49.09
49.48
49.86
50.25
50.67
51.08
51.53
51.94
52.36
52.76
53.12
53.53
53.99
54.43
54.87
55.33
55.77
56.22
56.67
57.12
57.56
58.05
58.50
58.98
59.44
59.86
60.30
60.77
61.20
61.64
62.04
62.46
62.88
63.30
63.74
64.06
64.38
64.69
65.03
65.35
65.68
66.01
66.34
66.69
67.01
67.34
67.66
68.00
68.34
68.68
69.03
69.38
69.73
70.12
70.52
70.89
71.24
71.56
71.89
72.24
72.59
72.96
73.31
73.68
74.03
74.42
74.81
75.21
75.60
76.01
76.42
76.82
77.23
77.64
78.04
78.44
78.84
79.23
79.60
79.97
80.32
80.69
81.08
81.43
81.78
82.13
82.49
82.81
83.17
83.59
83.99
84.43
84.85
85.28
85.68
86.11
86.52
86.91
87.33
87.74
88.14
88.56
88.96
89.35
89.77
90.19
90.63
91.09
91.53
92.00
92.49
92.95
93.41
93.95
94.51
95.04
95.62
96.22
96.80
97.41
97.99
98.50
99.01
99.57
100.15
100.70
101.26
101.77
102.31
102.86
103.33
103.87
104.33
104.81
105.26
105.77
106.25
106.74
107.21
107.67
108.11
108.60
109.06
109.55
109.97
110.41
110.85
111.29
111.76
112.22
112.71
113.08
113.50
113.89
114.30
114.66
115.03
115.38
115.75
116.19
116.66
117.12
117.59
118.05
118.51
119.00
119.49
119.98
120.49
121.01
121.49
121.97
122.44
122.91
123.39
123.86
124.35
124.83
125.31
125.78
126.27
126.69
127.15
127.62
128.03
128.48
128.89
129.31
129.73
130.15
130.55
130.96
131.38
131.80
132.26
132.70
133.17
133.61
134.10
134.58
135.07
135.59
136.07
136.56
137.06
137.53
138.02
138.51
139.03
139.58
140.09
140.60
141.11
141.60
142.08
142.58
143.06
143.57
144.08
144.59
145.08
145.59
146.12
146.61
147.12
147.61
148.09
148.60
149.03
149.46
149.84
150.23
150.65
151.05
151.44
151.81
152.18
152.57
152.95
153.32
153.72
154.11
154.52
154.98
155.41
155.85
156.26
156.69
157.12
157.57
158.02
158.48
159.03
159.56
160.09
160.54
161.03
161.49
161.98
162.47
162.96
163.45
163.93
164.42
164.93
165.49
166.02
166.53
167.08
