# Beats
0.35
0.71
1.06
1.36
1.68
2.02
2.37
2.71
3.05
3.39
3.73
4.08
4.41
4.76
5.11
5.46
5.79
6.14
6.48
6.83
7.19
7.53
7.88
8.24
8.59
8.95
9.33
9.72
10.10
10.47
10.84
11.22
11.59
11.96
12.32
12.68
13.03
13.37
13.72
14.07
14.42
14.77
15.13
15.49
15.85
16.22
16.60
17.00
17.39
17.79
18.19
18.59
18.97
19.32
19.66
19.99
20.33
20.67
21.01
21.36
21.71
22.05
22.40
22.74
23.09
23.43
23.75
24.08
24.40
24.74
25.08
25.40
25.74
26.08
26.42
26.77
27.12
27.47
27.82
28.17
28.51
28.87
29.21
29.55
29.88
30.22
30.56
30.89
31.24
31.59
31.94
32.28
32.62
33.05
33.48
33.91
34.35
34.78
35.21
35.65
36.17
36.68
37.33
37.96
38.61
39.26
39.92
40.57
41.23
41.80
42.35
42.91
43.47
44.03
44.59
45.16
45.73
46.38
47.02
47.66
48.30
48.94
49.57
50.21
50.86
51.51
52.16
52.80
53.45
54.10
54.75
55.41
56.08
56.70
57.32
57.93
58.55
59.15
59.76
60.35
61.00
61.65
62.31
62.96
63.61
64.26
64.91
65.55
66.19
66.84
67.48
68.12
68.75
69.39
70.04
70.68
71.33
71.98
72.62
73.26
73.91
74.56
75.20
75.85
76.51
77.18
77.87
78.54
79.20
79.87
80.52
81.17
81.80
82.43
83.06
83.68
84.31
84.94
85.58
86.20
86.84
87.47
