# Beats
0.62
1.27
1.92
2.58
3.29
3.99
4.79
5.60
6.39
7.16
7.94
8.71
9.46
10.22
10.97
11.74
12.34
12.95
13.55
14.15
14.76
15.35
15.95
16.54
17.14
17.71
18.29
18.85
19.42
19.99
20.57
21.14
21.71
22.28
22.86
23.44
24.00
24.56
25.12
25.60
26.08
26.56
26.97
27.38
27.78
28.20
28.58
28.97
29.35
29.72
30.09
30.46
30.85
31.22
31.59
31.96
32.33
32.72
33.09
33.46
33.83
34.20
34.57
34.95
35.32
35.70
36.07
36.46
36.84
37.21
37.58
37.95
38.32
38.70
39.08
39.45
39.83
40.21
40.58
40.96
41.33
41.70
42.07
42.46
42.84
43.22
43.60
43.98
44.35
44.72
45.09
45.48
45.86
46.23
46.60
46.97
47.35
47.72
48.09
48.47
48.84
49.21
49.59
49.96
50.33
50.71
51.08
51.46
51.84
52.21
52.58
52.96
53.34
53.72
54.10
54.50
54.89
55.31
55.73
56.13
56.59
57.03
57.47
57.92
58.36
58.79
59.22
59.64
60.06
60.48
60.91
61.34
61.74
62.15
62.55
62.95
63.36
63.74
64.12
64.52
64.93
65.33
65.71
66.11
66.49
66.89
67.29
67.69
68.10
68.60
69.11
69.63
70.21
70.77
71.52
72.24
72.98
73.72
74.47
75.22
75.95
76.66
77.38
78.10
78.82
79.55
80.29
81.03
81.76
82.51
83.22
83.91
84.59
85.19
85.80
86.29
86.77
87.27
87.68
88.06
88.44
88.82
89.19
89.55
89.92
90.29
90.66
91.02
91.38
91.74
92.10
92.46
92.83
93.20
93.58
93.94
94.30
94.66
95.03
95.40
95.77
96.14
96.53
96.90
97.27
97.63
97.99
98.35
98.72
99.08
99.44
99.81
100.17
100.53
100.90
101.26
101.63
102.01
102.38
102.74
103.11
103.47
103.83
104.19
104.56
104.93
105.30
105.67
106.03
106.39
106.75
107.13
107.50
107.86
108.23
108.60
108.96
109.32
109.68
110.05
110.41
110.78
111.15
111.53
111.89
112.25
112.62
112.98
113.34
113.70
114.07
114.44
114.81
115.17
115.53
115.89
116.25
116.62
116.99
117.37
117.73
118.09
118.46
118.83
119.19
119.55
119.92
120.29
120.66
121.02
121.39
121.77
122.15
122.54
122.94
123.32
123.75
124.18
124.60
125.00
125.41
125.81
126.20
126.61
127.01
127.42
127.83
128.23
128.64
