# Beats
0.64
1.28
1.93
2.58
3.23
3.88
4.53
5.19
5.84
6.52
7.21
7.77
8.32
8.88
9.35
9.80
10.26
10.72
11.18
11.63
12.09
12.54
12.98
13.46
13.93
14.41
14.88
15.36
15.84
16.32
16.76
17.21
17.65
18.10
18.55
19.02
19.47
19.92
20.39
20.85
21.32
21.77
22.22
22.69
23.16
23.63
24.10
24.58
25.05
25.55
26.05
26.55
27.05
27.55
28.05
28.55
29.05
29.55
30.06
30.56
31.06
31.56
32.06
32.55
33.07
33.58
34.10
34.61
35.12
35.63
36.12
36.61
37.09
37.57
38.06
38.55
38.93
39.31
39.68
40.12
40.57
41.01
41.45
41.92
42.40
42.88
43.37
43.87
44.37
44.92
45.46
46.01
46.52
47.03
47.54
48.02
48.49
48.97
49.45
49.88
50.31
50.76
51.22
51.69
52.16
52.64
53.12
53.58
54.04
54.52
54.98
55.47
55.96
56.44
56.92
57.40
57.88
58.35
58.82
59.29
59.72
60.15
60.58
61.02
61.46
61.89
62.32
62.78
63.23
63.67
64.13
64.60
65.06
65.53
65.99
66.46
66.92
67.38
67.85
68.31
68.81
69.32
69.83
70.33
70.82
71.31
71.75
72.19
72.63
73.07
73.51
73.96
74.40
74.84
75.28
75.72
76.16
76.60
77.04
77.47
77.90
78.32
78.74
79.09
79.42
79.76
80.10
80.43
80.78
81.13
81.48
81.85
82.25
82.63
83.01
83.39
83.77
84.15
84.54
84.92
85.29
85.66
86.02
86.40
86.78
87.17
87.55
87.91
88.28
88.64
89.00
89.36
89.72
90.08
90.44
90.81
91.18
