# Beats
0.81
1.64
2.46
3.26
4.06
4.88
5.70
6.52
7.36
8.20
9.00
9.81
10.61
11.40
12.07
12.75
13.37
14.00
14.63
15.26
15.88
16.44
17.00
17.55
18.13
18.72
19.30
19.76
20.24
20.70
21.12
21.52
21.94
22.34
22.73
23.13
23.52
23.92
24.35
24.75
25.18
25.59
25.98
26.38
26.80
27.17
27.56
27.98
28.40
28.80
29.23
29.65
30.07
30.49
30.91
31.34
31.78
32.21
32.65
33.08
33.51
33.92
34.35
34.78
35.22
35.65
36.00
36.37
36.73
37.08
37.43
37.78
38.10
38.44
38.75
39.08
39.40
39.74
40.08
40.40
40.73
41.06
41.41
41.77
42.11
