# Beats
0.41
0.82
1.23
1.63
2.00
2.37
2.76
3.18
3.60
3.99
4.39
4.76
5.14
5.51
5.90
6.26
6.64
7.01
7.40
7.78
8.15
8.54
8.92
9.29
9.67
10.05
10.43
10.80
11.16
11.52
11.88
12.24
12.61
12.97
13.33
13.69
14.07
14.47
14.85
15.23
15.62
16.00
16.36
16.74
17.12
17.50
17.88
18.26
18.62
18.99
19.35
19.74
20.11
20.48
20.85
21.23
21.62
21.99
22.36
22.73
23.10
23.49
23.86
24.23
24.61
25.01
25.39
25.77
26.13
26.49
26.87
27.24
27.60
27.98
28.35
28.72
29.09
29.47
29.86
30.26
30.65
31.05
31.42
31.79
32.18
32.55
32.94
33.32
33.69
34.06
34.42
34.78
35.17
35.55
35.91
36.29
36.69
37.08
37.47
37.85
38.24
38.61
39.01
39.38
39.75
40.14
40.52
40.89
41.29
41.66
42.00
42.39
42.77
43.14
43.53
43.91
44.27
44.63
45.00
45.37
45.74
46.11
46.49
46.86
47.23
47.62
48.00
48.37
48.74
49.11
49.48
49.85
50.24
50.62
50.99
51.37
51.75
52.11
52.48
52.85
53.23
53.59
53.97
54.36
54.75
55.12
55.50
55.87
56.24
56.61
57.00
57.38
57.76
58.14
58.51
58.89
59.26
59.64
60.02
60.40
60.77
61.14
61.51
61.88
62.25
62.62
63.00
63.37
63.74
64.11
64.47
64.84
65.25
65.62
66.00
66.36
66.73
67.09
67.48
67.87
68.24
68.64
69.03
69.42
69.80
70.21
70.59
70.97
71.47
71.98
72.48
73.07
73.69
74.29
74.90
75.46
76.03
76.58
77.11
77.71
78.31
78.88
79.48
80.09
80.69
81.27
81.84
82.41
82.96
83.55
84.11
84.68
85.26
85.84
86.42
87.01
87.59
88.17
88.75
89.33
89.88
90.46
91.03
91.58
92.15
92.72
93.29
93.86
94.44
95.00
95.57
96.15
96.73
97.30
97.87
98.43
99.01
99.59
100.17
100.75
101.30
101.84
102.41
102.96
103.51
104.05
104.58
105.13
105.69
106.23
106.77
107.32
107.88
108.45
109.01
109.59
110.13
110.69
111.25
111.85
112.45
113.07
113.68
114.30
114.92
115.54
116.13
116.72
117.31
117.89
118.44
119.01
119.58
120.16
120.74
121.34
121.88
122.42
122.95
123.46
123.95
124.44
124.92
125.39
125.88
126.46
127.05
127.64
128.23
128.82
129.40
129.97
130.55
131.13
131.72
132.31
132.89
133.48
134.07
134.68
135.23
135.77
136.31
136.78
137.25
137.72
138.19
138.67
139.16
139.64
140.11
140.57
141.05
141.53
142.01
