# Beats
0.34
0.67
1.00
1.34
1.68
2.03
2.38
2.73
3.08
3.44
3.78
4.14
4.49
4.85
5.21
5.57
5.93
6.29
6.65
7.01
7.37
7.73
8.08
8.43
8.79
9.15
9.50
9.86
10.22
10.58
10.92
11.28
11.64
12.00
12.35
12.70
13.06
13.41
13.76
14.12
14.48
14.83
15.20
15.58
15.96
16.40
16.85
17.28
17.69
18.13
18.58
19.02
19.47
19.92
20.38
20.90
21.42
21.94
22.45
22.96
23.48
23.99
24.50
25.01
25.51
25.99
26.49
27.04
27.60
28.15
28.64
29.12
29.59
29.94
30.29
30.65
31.01
31.38
31.75
32.12
32.48
32.83
33.20
33.56
33.92
34.31
34.69
35.05
35.41
35.78
36.14
36.50
36.87
37.23
37.60
37.98
38.35
38.71
39.08
39.44
39.80
40.16
40.52
40.88
41.23
41.58
41.95
42.31
42.68
43.06
43.43
43.82
44.20
44.57
44.92
45.28
45.64
46.00
46.37
46.74
47.10
47.45
47.80
48.15
48.51
48.87
49.24
49.61
49.97
50.34
50.72
51.11
51.50
51.90
52.30
52.71
53.12
53.51
53.92
54.31
54.71
