# Beats
0.34
0.68
1.03
1.37
1.70
2.02
2.35
2.67
3.01
3.33
3.66
3.99
4.32
4.64
4.98
5.32
5.64
5.98
6.34
6.70
7.06
7.43
7.78
8.15
8.52
8.89
9.22
9.54
9.87
10.19
10.54
10.87
11.19
11.52
11.83
12.17
12.50
12.84
13.17
13.50
13.86
14.22
14.58
14.95
15.31
15.67
16.04
16.40
16.76
17.12
17.48
17.86
18.22
18.58
18.92
19.27
19.64
20.02
20.38
20.85
21.32
21.78
22.24
22.71
23.17
23.61
24.06
24.52
24.97
25.51
26.05
26.58
27.12
27.68
28.22
28.77
29.30
29.84
30.37
30.89
31.43
31.97
32.52
33.00
33.46
33.92
34.41
34.90
35.39
35.89
36.39
36.90
37.41
37.92
38.43
38.94
39.43
39.92
40.47
41.04
41.61
42.19
42.75
43.25
43.77
44.28
44.79
45.30
45.81
46.30
46.81
47.32
47.83
48.32
48.81
49.31
49.80
50.29
50.78
51.28
51.77
52.27
52.76
53.23
53.71
54.20
54.67
55.09
55.51
55.93
56.35
56.77
57.19
57.62
58.05
58.47
58.87
59.28
59.69
60.09
60.51
60.95
61.39
61.85
62.43
62.98
63.54
64.10
64.64
65.18
65.71
66.25
66.78
67.33
67.88
68.45
69.01
69.57
70.10
70.66
71.22
71.75
72.32
72.88
73.43
