# Beats
0.59
1.18
1.74
2.30
2.86
3.37
3.89
4.38
4.84
5.34
5.85
6.30
6.82
7.31
7.79
8.24
8.73
9.21
9.71
10.18
10.65
11.08
11.52
12.07
12.63
13.19
13.72
14.27
14.94
15.60
16.28
16.97
17.65
18.32
18.98
19.64
20.29
20.94
21.61
22.21
22.84
23.50
24.15
24.78
25.43
26.03
26.66
27.21
27.72
28.26
28.83
29.40
29.98
30.55
31.16
31.80
32.39
33.03
33.67
34.30
34.92
35.53
36.06
36.59
37.13
37.60
38.09
38.64
39.15
39.64
40.15
40.68
41.19
41.75
42.26
42.76
43.19
43.65
44.14
44.65
45.12
45.60
46.08
46.57
47.09
47.58
48.04
48.49
48.99
49.46
49.95
50.45
50.87
51.29
51.72
52.11
52.52
52.94
53.38
53.73
54.08
54.40
54.73
55.03
55.38
55.73
56.05
56.47
56.92
57.33
57.77
58.33
58.91
59.56
60.16
60.77
61.37
62.00
62.65
63.30
63.90
64.48
65.09
65.69
66.29
66.87
67.48
68.06
68.66
69.24
69.80
70.38
70.95
71.53
72.09
72.68
73.31
73.92
74.54
75.14
75.72
76.30
76.90
77.53
78.16
78.85
79.51
80.18
80.85
81.53
82.11
82.72
83.31
83.87
84.45
84.95
85.40
85.87
86.33
86.80
87.24
87.75
88.24
88.72
89.18
89.59
90.07
90.55
91.01
