# Beats
0.45
0.91
1.36
1.79
2.23
2.67
3.11
3.56
4.02
4.55
5.11
5.64
6.27
6.90
7.56
8.22
8.87
9.52
10.17
10.84
11.49
12.09
12.68
13.27
13.86
14.44
14.95
15.46
15.96
16.46
16.97
17.47
17.98
18.51
19.04
19.62
20.18
20.74
21.29
21.85
22.41
22.96
23.52
24.15
24.75
25.38
26.03
26.68
27.28
27.86
28.44
29.02
29.63
30.16
30.69
31.23
31.76
32.30
32.86
33.44
34.03
34.60
35.18
35.76
36.35
36.93
37.51
38.10
38.78
39.45
40.12
40.77
41.46
42.14
42.79
43.47
44.13
44.71
45.30
45.88
46.41
46.93
47.44
47.97
48.51
49.03
49.55
50.06
50.55
51.04
51.53
52.01
52.50
52.99
53.52
54.03
54.56
55.08
55.61
56.13
56.52
56.89
57.27
57.66
58.03
58.40
58.78
59.16
59.56
59.95
60.35
60.77
61.16
61.56
61.93
62.31
62.69
63.09
63.46
63.84
64.24
64.62
65.02
65.40
65.78
66.15
66.53
66.94
67.36
67.80
68.23
68.68
69.13
69.56
69.98
70.38
70.80
71.22
71.66
72.05
72.47
72.89
73.32
73.75
74.16
74.61
75.05
75.49
75.93
76.37
76.81
77.23
77.72
78.22
78.72
79.25
79.77
80.27
80.78
81.27
81.78
82.29
82.80
83.34
83.85
84.36
84.78
85.19
85.59
86.00
86.33
86.67
87.02
87.37
87.70
88.03
88.35
88.69
89.04
89.37
89.72
90.06
90.40
90.80
91.21
91.63
92.03
92.51
93.00
93.46
93.92
94.39
94.85
95.34
95.84
96.34
96.76
97.18
97.58
98.00
98.43
98.85
99.29
99.71
100.11
100.54
100.96
101.36
101.75
102.16
102.61
103.06
103.54
104.00
104.47
104.93
105.37
105.81
106.25
106.70
107.18
107.66
108.14
108.70
109.28
109.85
110.43
111.00
111.57
112.14
112.71
113.29
113.87
114.50
115.14
115.77
116.41
117.05
117.70
118.33
118.98
119.61
120.26
120.91
121.56
122.21
122.86
123.47
124.09
124.73
125.41
126.06
126.71
127.36
128.02
128.68
