# Beats
0.64
1.20
1.79
2.38
3.10
3.81
4.52
5.22
5.94
6.65
7.36
8.08
8.80
9.52
10.23
10.94
11.66
12.38
13.08
13.80
14.51
15.23
15.94
16.66
17.38
18.09
18.80
19.52
20.22
20.93
21.65
22.37
23.09
23.81
24.52
25.24
25.96
26.67
27.38
28.08
28.80
29.52
30.23
30.94
31.66
32.37
33.08
33.79
34.49
35.20
35.89
36.58
37.15
37.67
38.21
38.74
39.28
39.81
40.36
40.90
41.42
41.99
42.57
43.17
43.76
44.36
44.95
45.56
46.15
46.75
47.35
47.95
48.54
49.15
49.75
50.35
50.96
51.57
52.19
52.80
53.41
54.01
54.60
55.21
55.80
56.40
56.99
57.60
58.19
58.78
59.39
59.99
60.59
61.20
61.79
62.38
62.97
63.58
64.17
64.77
65.36
65.97
66.56
67.16
67.77
68.37
68.96
69.56
70.16
70.76
71.37
71.97
72.57
73.18
73.78
74.39
74.99
75.59
76.18
76.79
77.39
78.00
78.59
79.19
79.80
80.39
80.98
81.58
82.19
82.78
83.36
83.94
84.53
85.12
85.72
86.31
86.90
87.50
88.11
88.71
89.30
89.91
90.51
91.10
91.70
92.15
92.60
93.05
93.50
93.95
94.40
94.87
95.33
95.77
96.21
96.65
97.09
97.54
97.99
98.43
98.88
99.33
99.79
100.24
