# Beats
0.35
0.71
1.07
1.44
1.76
2.09
2.41
2.73
3.07
3.39
3.70
4.03
4.37
4.70
5.04
5.39
5.75
6.11
6.46
6.78
7.13
7.48
7.80
8.14
8.48
8.97
9.47
9.98
10.47
10.96
11.42
11.91
12.42
12.93
13.54
14.14
14.74
15.39
16.04
16.70
17.35
18.00
18.65
19.30
19.98
20.67
21.32
21.95
22.59
23.24
23.89
24.53
25.17
25.81
26.45
27.07
27.70
28.33
28.97
29.61
30.23
30.86
31.50
32.15
32.79
33.44
34.06
34.71
35.36
36.03
36.68
37.34
37.99
38.64
39.26
39.89
40.54
41.19
41.83
42.47
43.11
43.73
44.35
44.99
45.63
46.30
46.95
47.60
48.25
48.91
49.55
50.18
50.83
51.48
52.06
52.64
53.22
53.78
54.35
54.92
55.37
55.84
56.32
56.66
56.98
57.31
57.63
57.95
58.26
58.58
58.90
59.23
59.56
59.87
60.21
60.53
60.85
61.16
61.47
61.79
62.10
62.44
62.79
63.12
63.48
63.85
64.18
64.53
64.85
65.17
65.50
65.85
66.18
66.49
66.82
67.13
67.44
67.76
68.09
68.43
68.78
69.10
69.45
69.80
70.19
70.59
70.98
71.37
71.75
72.14
72.54
72.92
