# Beats
0.81
1.64
2.46
3.23
3.99
4.75
5.51
6.28
7.05
7.81
8.58
9.33
10.09
10.82
11.55
12.19
12.83
13.48
14.13
14.78
15.42
16.04
16.63
17.22
17.80
18.36
18.92
19.55
20.18
20.79
21.42
22.06
22.70
23.32
23.87
24.42
24.96
25.57
26.18
26.80
27.42
28.05
28.68
29.30
29.92
30.52
31.13
31.72
32.31
32.90
33.49
34.10
34.66
35.21
35.77
36.32
36.87
37.40
37.91
38.43
38.92
39.40
39.89
40.38
40.87
41.35
41.84
42.33
42.82
43.27
43.71
44.15
44.63
45.10
45.58
46.07
46.54
47.03
47.52
48.00
48.47
48.95
49.44
49.91
50.40
50.94
51.49
52.08
52.67
53.27
53.89
54.52
55.15
55.77
56.40
57.02
57.63
58.17
58.71
59.26
59.79
60.31
60.85
61.38
61.92
62.42
62.91
63.40
63.89
64.38
64.85
65.33
65.82
66.30
66.79
67.33
67.86
68.37
68.88
69.38
69.92
70.45
71.00
71.54
72.07
72.61
73.22
73.84
74.55
75.26
75.95
76.65
77.28
77.89
78.50
79.09
79.69
80.33
80.97
81.59
82.22
82.85
83.44
84.04
84.65
85.25
85.86
86.37
86.88
87.40
87.91
88.42
88.93
89.44
89.95
90.45
90.95
91.45
91.96
92.49
93.01
93.53
94.05
94.56
95.07
95.60
96.12
96.60
97.06
97.51
97.96
98.43
98.89
99.36
99.88
100.40
100.93
101.46
101.98
102.50
103.03
103.55
