# Beats
0.55
1.10
1.66
2.23
2.79
3.30
3.80
4.30
4.74
5.19
5.63
6.10
6.56
7.04
7.55
8.03
8.53
9.04
9.56
10.05
10.57
11.08
11.60
12.09
12.57
13.06
13.56
14.06
14.56
15.05
15.52
16.00
16.47
16.96
17.45
17.93
18.40
18.89
19.37
19.84
20.33
20.81
21.28
21.77
22.27
22.76
23.23
23.71
24.18
24.66
25.15
25.62
26.11
26.61
27.10
27.59
28.08
28.56
29.04
29.52
30.00
30.46
30.93
31.39
31.86
32.32
32.81
33.30
33.79
34.26
34.74
35.21
35.69
36.17
36.64
37.13
37.62
38.10
38.59
39.07
39.54
40.01
40.48
40.96
41.44
41.90
42.38
42.86
43.35
43.85
44.33
44.80
45.27
45.74
46.22
46.71
47.17
47.64
48.12
48.60
49.06
49.53
49.98
50.43
50.90
51.36
51.83
52.36
52.90
53.43
54.03
54.65
55.28
55.91
56.54
57.17
57.81
58.37
58.93
59.50
60.07
60.64
61.21
61.78
62.35
62.91
63.49
64.05
64.61
65.17
65.75
66.32
66.94
67.57
68.20
68.91
69.60
70.31
71.02
71.73
72.43
73.06
73.68
74.29
74.91
75.51
76.03
76.56
77.09
77.61
78.14
78.66
79.12
79.59
80.05
80.53
81.00
81.48
81.94
82.40
82.85
83.30
83.75
84.21
84.67
85.10
85.53
85.97
86.39
86.82
87.25
87.67
88.08
88.50
88.92
89.35
89.78
90.20
90.63
91.09
91.56
92.14
92.68
93.24
93.90
94.56
95.21
95.88
96.53
97.16
97.79
98.43
99.06
99.64
100.23
100.82
101.39
101.96
102.53
103.12
103.70
104.34
104.98
105.62
106.25
106.90
107.54
108.19
108.82
109.46
110.09
110.71
111.34
111.99
112.64
113.28
113.89
114.51
115.12
115.75
116.37
116.99
117.48
117.97
118.46
118.90
119.33
119.76
120.19
120.59
121.00
121.42
121.85
122.26
122.69
123.11
123.53
123.94
124.35
124.77
125.19
125.62
126.04
126.51
127.01
127.51
127.99
128.48
128.95
129.44
129.93
130.41
130.93
131.42
131.94
132.38
132.81
133.24
133.67
134.11
134.56
134.99
135.41
135.83
136.25
136.70
137.13
137.54
137.97
138.40
138.82
139.25
139.67
140.09
140.49
140.91
141.36
141.79
142.21
142.63
143.05
143.48
143.91
144.32
144.75
145.17
145.60
146.03
146.46
146.89
147.31
147.74
148.15
148.58
149.00
149.42
149.84
150.27
150.70
151.13
151.56
151.96
152.37
152.78
153.18
153.60
154.02
154.44
154.98
155.53
156.15
156.78
157.41
158.05
158.67
159.31
159.94
160.59
161.24
161.89
162.55
163.20
163.85
164.51
165.18
165.84
166.46
167.09
167.73
168.37
168.99
169.62
170.25
170.88
171.50
172.14
172.76
173.37
173.99
174.60
175.23
175.86
176.48
177.02
177.54
178.06
178.58
179.11
179.63
180.14
180.66
181.17
181.67
182.18
182.69
183.19
183.69
184.20
184.62
185.03
185.43
185.83
186.22
186.62
187.01
187.42
187.83
188.23
188.63
189.02
189.42
189.81
190.21
190.64
191.05
191.46
191.92
192.38
192.83
193.29
193.76
194.22
194.70
195.19
195.66
196.15
196.64
197.14
197.64
198.11
198.60
199.08
199.55
200.02
200.49
