# Beats
0.30
0.65
1.03
1.37
1.72
2.04
2.39
2.72
3.04
3.37
3.72
4.06
4.41
4.78
5.13
5.51
5.85
6.20
6.52
6.84
7.17
7.52
7.83
8.15
8.52
8.85
9.22
9.57
9.95
10.29
10.66
11.05
11.42
11.89
12.36
12.82
13.26
13.73
14.16
14.58
15.09
15.65
16.21
16.72
17.23
17.74
18.23
18.73
19.27
19.71
20.15
20.64
21.11
21.57
22.06
22.52
22.96
23.41
23.82
24.24
24.65
25.01
25.33
25.70
26.08
26.45
26.84
27.24
27.63
28.00
28.42
28.86
29.28
29.69
30.12
30.51
30.94
31.32
31.74
32.16
32.58
33.04
33.46
33.88
34.39
34.90
35.41
36.01
36.59
37.14
37.64
38.15
38.61
39.13
39.65
40.12
40.59
41.04
41.54
42.05
42.56
43.05
43.51
44.00
44.50
44.95
45.42
45.89
46.44
46.97
47.48
48.00
48.51
49.06
49.68
50.21
50.83
51.48
52.08
52.70
53.31
53.96
54.57
55.17
55.80
56.45
56.95
57.41
57.90
58.37
58.84
59.30
59.79
60.23
60.70
61.09
61.44
61.83
62.23
62.61
63.02
63.41
63.83
64.25
64.66
65.04
65.43
65.82
66.22
66.62
67.01
67.43
67.83
68.19
68.61
69.03
69.45
69.87
70.25
70.66
71.05
71.51
71.94
72.38
72.77
73.17
73.57
73.98
74.40
74.79
75.16
75.58
75.95
76.32
76.72
77.11
77.48
77.86
78.20
78.60
78.97
79.37
79.76
80.13
80.48
80.81
81.14
81.53
81.94
82.36
82.78
83.24
83.71
84.15
84.61
85.12
85.68
86.19
86.73
87.24
87.72
88.19
88.70
89.19
89.65
90.12
90.62
91.12
91.61
92.09
92.55
93.00
93.48
93.99
94.51
94.99
95.46
95.91
96.36
96.83
97.31
97.80
98.32
98.82
99.36
99.94
100.50
101.05
101.56
102.10
102.61
103.14
103.68
104.19
104.70
105.23
105.88
106.51
107.14
107.76
108.51
109.23
109.92
110.63
111.32
111.94
112.57
113.20
113.88
114.52
115.17
115.82
116.49
117.12
117.79
118.44
119.14
119.81
120.51
121.16
121.84
122.51
123.21
123.77
124.39
124.99
125.57
126.15
126.73
127.33
127.95
128.52
129.10
129.73
130.37
131.03
131.68
132.28
132.90
133.54
134.10
134.63
135.19
135.74
136.30
136.86
137.37
137.90
138.45
139.03
139.59
140.13
140.65
141.21
141.73
142.27
142.83
143.38
143.92
144.40
144.94
145.43
145.89
146.38
146.91
147.40
147.88
148.40
148.91
149.42
149.94
150.35
150.77
151.21
151.72
152.22
152.67
153.14
153.60
154.09
154.59
155.05
155.50
155.95
156.35
156.80
157.25
157.69
158.10
158.56
159.02
159.46
159.89
160.52
161.12
161.73
162.35
162.98
163.58
164.21
164.86
165.51
166.14
166.67
167.21
167.74
168.25
168.76
169.25
169.76
170.23
170.72
171.18
171.67
172.13
172.64
173.13
173.60
174.11
174.59
175.08
175.46
175.82
176.20
176.58
176.96
177.35
177.73
178.10
178.47
178.86
179.25
179.66
180.05
180.42
180.80
181.21
181.61
182.02
182.45
182.83
183.24
183.60
