# Beats
0.48
0.94
1.39
1.83
2.29
2.73
3.18
3.62
4.08
4.52
4.97
5.41
5.85
6.29
6.73
7.17
7.62
8.07
8.51
8.95
9.40
9.86
10.31
10.77
11.23
11.68
12.13
12.57
13.03
13.48
13.92
14.36
14.81
15.27
15.72
16.16
16.60
17.06
17.51
17.95
18.40
18.85
19.30
19.74
20.19
20.64
21.10
21.54
21.99
22.43
22.88
23.34
23.78
24.22
24.67
25.12
25.57
26.01
26.46
26.90
27.35
27.81
28.25
28.69
29.13
29.58
30.04
30.49
30.94
31.38
31.83
32.28
32.73
33.17
33.62
34.08
34.52
34.97
35.42
35.86
36.32
36.76
37.21
37.66
38.10
38.56
39.00
39.45
39.90
40.34
40.80
41.25
41.70
42.14
42.60
43.05
43.49
43.94
44.40
44.85
45.30
45.74
46.20
46.64
47.08
47.52
47.97
48.43
48.88
49.33
49.77
50.22
50.68
51.12
51.56
52.01
52.47
52.92
53.36
53.80
54.24
54.69
55.15
55.60
56.04
56.49
56.95
57.39
57.83
58.28
58.73
59.19
59.64
60.08
60.53
60.98
61.42
61.86
62.31
62.75
63.19
63.65
64.09
64.54
64.99
65.45
65.89
66.34
66.79
67.24
67.70
68.14
68.59
69.03
69.49
69.93
70.38
70.83
71.29
71.73
72.18
72.62
73.07
73.53
73.97
74.42
74.86
75.31
75.77
76.22
76.67
77.11
77.57
78.01
78.46
78.91
79.37
79.81
80.25
80.70
81.15
81.61
82.05
82.50
82.94
83.39
83.85
84.30
84.74
85.19
85.65
86.09
86.54
86.98
87.42
87.88
88.33
88.78
89.22
89.68
90.12
90.57
91.02
91.48
91.92
92.37
92.81
93.26
93.70
94.16
94.60
95.05
95.50
95.96
96.41
96.86
97.30
97.76
98.20
98.65
99.10
99.54
99.99
100.44
100.88
101.33
101.77
102.23
102.68
103.12
103.57
104.03
104.48
104.93
105.37
105.81
106.27
106.72
107.16
107.60
108.05
108.51
108.96
109.40
109.84
110.29
110.74
111.18
111.63
112.08
112.54
112.99
113.44
113.88
114.32
114.78
115.23
115.68
116.13
116.58
117.03
117.47
117.92
118.36
118.80
119.25
119.70
120.15
120.60
121.05
121.49
121.94
122.38
122.83
123.29
123.74
124.18
124.63
125.07
125.53
125.97
126.42
126.87
127.33
127.77
128.22
128.66
129.10
129.54
130.00
130.45
130.90
131.36
131.81
132.25
132.69
133.14
133.58
134.04
134.49
134.93
135.37
135.83
136.28
136.73
137.18
137.62
138.07
138.52
138.97
139.41
139.87
140.31
140.75
141.19
141.64
142.09
142.55
142.99
143.44
143.89
144.35
144.79
145.24
145.68
146.13
146.58
147.03
147.47
147.92
148.38
148.82
149.27
149.71
150.16
150.60
151.06
151.51
151.95
152.40
152.85
153.30
153.74
154.19
154.61
155.04
155.47
155.91
156.44
156.98
157.52
158.07
158.60
159.15
