# Beats
0.52
1.04
1.56
2.04
2.53
3.03
3.52
4.02
4.50
4.99
5.48
5.97
6.46
6.94
7.44
7.94
8.43
8.92
9.40
9.89
10.38
10.87
11.35
11.84
12.33
12.82
13.32
13.80
14.30
14.79
15.28
15.77
16.25
16.74
17.24
17.74
18.23
18.72
19.19
19.69
20.18
20.67
21.15
21.64
22.13
22.62
23.10
23.59
24.08
24.57
25.05
25.55
26.04
26.54
27.03
27.52
28.00
28.49
28.98
29.47
29.95
30.44
30.94
31.42
31.90
32.39
32.89
33.39
33.88
34.37
34.85
35.34
35.84
36.34
36.83
37.31
37.80
38.28
38.78
39.26
39.75
40.24
40.73
41.22
41.71
42.21
42.70
43.19
43.68
44.16
44.65
45.14
45.64
46.13
46.60
47.09
47.59
48.09
48.58
49.06
49.55
50.04
50.53
51.01
51.50
51.99
52.49
52.98
53.48
53.96
54.45
54.94
55.43
55.91
56.40
56.89
57.38
57.86
58.35
58.84
59.33
59.83
60.33
60.81
61.30
61.79
62.28
62.76
63.25
63.75
64.24
64.74
65.22
65.71
66.20
66.69
67.18
67.66
68.15
68.64
69.13
69.61
70.10
70.59
71.08
71.58
72.07
72.56
73.05
73.54
74.03
74.51
75.00
75.49
75.98
76.46
76.95
77.45
77.95
78.44
78.92
79.41
79.90
80.39
80.89
81.39
81.87
82.35
82.83
83.31
83.80
84.30
84.79
85.29
85.77
86.26
86.76
87.26
87.75
88.24
88.72
89.21
89.70
90.19
90.67
91.15
91.63
92.11
92.60
93.09
93.59
94.09
94.57
95.07
95.57
96.06
96.56
97.04
97.51
98.00
98.50
98.99
99.47
99.96
100.45
100.94
101.42
101.92
102.41
102.91
103.40
103.89
104.37
104.86
105.35
105.84
106.32
106.81
107.31
107.81
108.30
108.79
109.28
109.78
110.27
110.76
111.25
111.73
112.21
112.69
113.17
113.67
114.16
114.66
115.15
115.64
116.12
116.61
117.11
117.61
118.10
118.58
119.07
119.56
120.06
120.56
121.06
121.56
122.04
122.53
123.02
123.51
124.01
124.49
124.98
125.47
125.96
126.46
126.94
127.43
127.92
128.41
128.89
129.38
129.87
130.36
130.84
131.33
131.82
132.31
132.81
133.31
133.80
134.32
134.83
135.33
135.83
136.32
136.84
137.35
137.86
138.36
138.86
139.37
139.87
140.36
140.88
141.37
141.86
142.36
142.85
143.35
143.85
144.34
144.83
145.32
145.81
146.30
146.80
147.28
147.77
148.26
148.75
149.23
149.72
150.22
150.72
151.21
151.70
152.18
152.67
153.16
153.66
154.16
154.64
155.13
155.62
156.11
156.60
157.08
157.57
