# Beats
0.43
0.86
1.35
1.83
2.32
2.81
3.32
3.83
4.34
4.84
5.35
5.86
6.33
6.78
7.23
7.70
8.17
8.64
9.11
9.58
10.03
10.48
10.94
11.40
11.87
12.31
12.75
13.19
13.66
14.14
14.61
15.16
15.72
16.28
16.85
17.41
17.98
18.55
19.12
19.69
20.26
20.83
21.40
21.98
22.58
23.19
23.79
24.39
25.00
25.59
26.18
26.76
27.34
27.92
28.54
29.15
29.77
30.38
30.99
31.60
32.23
32.86
33.48
34.11
34.75
35.39
36.06
36.73
37.41
38.08
38.65
39.22
39.79
40.36
40.93
41.49
42.00
42.52
43.04
43.55
44.05
44.55
44.93
45.33
45.71
46.13
46.56
46.99
47.42
47.84
48.27
48.70
49.12
49.54
49.96
50.38
50.79
51.21
51.63
52.05
52.47
52.90
53.31
53.74
54.16
54.59
55.02
55.45
55.88
56.30
56.71
57.13
57.55
57.98
58.41
58.84
59.27
59.72
60.17
60.63
61.09
61.56
62.02
62.48
62.94
63.40
63.87
64.40
64.93
65.47
66.00
66.54
67.07
67.60
68.14
68.70
69.25
69.80
70.37
70.93
71.49
72.05
72.62
73.19
73.75
