# Beats
0.45
0.91
1.36
1.79
2.22
2.65
3.04
3.42
3.83
4.23
4.63
5.04
5.45
5.84
6.25
6.65
7.06
7.48
7.89
8.29
8.70
9.13
9.56
9.98
10.41
10.84
11.26
11.70
12.14
12.57
13.01
13.44
13.89
14.34
14.79
15.26
15.72
16.21
16.68
17.15
17.62
18.08
18.53
18.99
19.46
19.92
20.36
20.83
21.29
21.77
22.23
22.71
23.20
23.68
24.18
24.68
25.18
25.68
26.18
26.68
27.23
27.75
28.29
28.83
29.37
29.91
30.42
30.94
31.44
31.94
32.43
32.93
33.41
33.90
34.39
34.88
35.34
35.74
36.13
36.51
36.93
37.31
37.71
38.10
38.48
38.89
39.33
39.75
40.17
40.58
41.01
41.44
41.87
42.30
42.72
43.14
43.57
44.00
44.44
44.92
45.40
45.86
46.28
46.70
47.11
47.52
47.88
48.24
48.60
48.97
49.37
49.75
50.13
50.53
50.92
51.29
51.64
52.00
52.36
52.72
53.08
53.45
53.82
54.20
54.57
54.94
55.36
55.76
56.15
56.63
57.12
57.61
58.21
58.80
59.40
59.98
60.56
61.14
61.72
62.30
62.90
63.48
63.99
64.53
65.06
65.48
65.91
66.34
66.77
67.20
67.62
68.02
68.52
69.02
69.53
70.05
70.54
71.04
71.53
72.02
72.52
73.05
73.61
74.15
74.75
75.33
75.91
76.49
77.06
77.69
78.32
78.95
79.60
80.24
80.78
81.33
81.86
82.38
82.91
83.43
83.96
84.49
85.01
85.52
86.03
86.54
87.05
87.56
88.07
88.58
89.09
89.61
90.12
90.63
91.14
91.65
92.16
92.68
93.18
93.69
94.20
94.71
95.23
95.74
96.26
96.78
97.30
97.83
98.34
98.85
99.36
99.86
100.37
100.87
101.36
101.85
102.33
102.82
103.31
103.79
104.28
104.77
105.26
105.76
106.25
106.77
107.28
107.79
108.31
108.83
109.37
109.88
110.39
110.90
111.41
111.90
112.41
112.93
113.32
113.73
114.13
114.50
114.88
115.26
115.66
116.03
116.40
116.77
117.17
117.53
117.89
118.24
118.58
118.94
119.30
119.68
120.02
120.35
120.67
121.02
121.36
121.70
122.02
122.37
122.72
123.05
123.41
123.77
124.13
124.48
124.95
125.41
125.88
126.34
126.83
127.32
127.78
128.24
128.71
129.17
129.64
130.09
130.55
131.01
131.47
131.94
132.35
132.76
133.18
133.61
134.04
134.48
134.92
135.35
135.77
136.19
136.60
137.02
137.44
137.86
138.30
138.76
139.20
139.67
140.13
140.60
141.06
141.53
141.97
142.42
142.84
143.24
143.65
144.08
144.50
144.89
145.29
145.69
146.10
146.49
146.91
147.33
147.75
148.15
148.57
148.98
149.40
149.82
150.30
150.77
151.23
151.72
152.23
152.71
153.18
