# Beats
0.35
0.70
1.04
1.45
1.83
2.21
2.58
2.96
3.32
3.69
4.08
4.46
4.83
5.18
5.55
5.93
6.32
6.69
7.06
7.43
7.80
8.17
8.54
8.93
9.31
9.68
10.05
10.43
10.80
11.17
11.55
11.94
12.32
12.69
13.05
13.43
13.80
14.19
14.58
14.97
15.35
15.74
16.14
16.53
16.93
17.32
17.72
18.11
18.51
18.90
19.30
19.69
20.09
20.48
20.87
21.27
21.66
22.05
22.41
22.78
23.15
23.52
23.89
24.28
24.66
25.04
25.41
25.79
26.16
26.54
26.92
27.31
27.69
28.07
28.44
28.80
29.18
29.56
29.94
30.33
30.70
31.08
31.47
31.86
32.23
32.60
32.98
33.37
33.76
34.13
34.52
34.90
35.27
35.64
36.01
36.41
36.78
37.15
37.52
37.89
38.27
38.64
39.01
39.39
39.76
40.15
40.54
40.94
41.33
41.73
42.12
42.52
42.91
43.31
43.69
44.08
44.49
44.88
45.28
45.67
46.07
46.46
46.86
47.25
47.69
48.12
48.55
48.99
49.44
49.88
50.33
50.76
51.19
51.64
52.08
52.55
