# Beats
0.49
0.99
1.49
1.99
2.48
2.98
3.48
3.98
4.49
5.00
5.51
6.00
6.49
6.97
7.44
7.92
8.39
8.87
9.30
9.73
10.17
10.61
11.05
11.49
11.98
12.47
12.96
13.44
13.93
14.42
14.91
15.38
15.86
16.34
16.82
17.32
17.81
18.30
18.77
19.25
19.81
20.36
20.92
21.48
22.04
22.60
23.17
23.74
24.32
24.90
25.48
26.06
26.64
27.23
27.81
28.33
28.84
29.35
29.86
30.37
30.88
31.40
31.93
32.46
32.98
33.51
34.02
34.53
35.04
35.56
36.07
36.58
37.09
37.59
38.09
38.59
39.09
39.58
40.07
40.55
41.04
41.53
42.02
42.50
42.99
43.47
43.94
44.42
44.74
45.07
45.40
45.72
46.06
46.39
46.73
47.07
47.40
47.74
48.08
48.41
48.75
49.09
49.42
49.76
50.10
50.43
50.77
51.11
51.43
51.77
52.11
52.44
52.78
53.12
53.45
53.78
54.10
54.43
54.75
55.08
55.40
55.73
56.05
56.38
56.70
57.03
57.35
57.68
58.00
58.34
58.68
59.01
59.34
59.68
60.00
60.34
60.67
61.01
61.36
61.70
62.03
62.37
62.71
63.04
63.38
63.72
64.05
64.39
64.73
65.06
65.40
65.74
66.07
66.41
66.75
67.08
67.42
67.76
68.09
68.42
68.75
69.09
69.43
69.75
70.09
70.43
70.76
71.10
71.44
71.77
72.11
72.45
72.78
73.12
73.46
73.79
74.13
74.47
74.80
75.14
75.48
75.87
76.25
76.64
77.03
77.43
77.82
78.22
78.61
79.01
