165.0
167.0
167.0
165.0
162.0
168.0
167.0
167.0
162.0
167.0
164.0
167.0
167.0
167.0
169.0
167.0
165.0
164.0
166.0
162.0
158.0
154.0
156.0
154.0
165.0
164.0
164.0
158.0
161.0
164.0
166.0
166.0
160.0
0
171.0
163.0
167.0
165.0
168.0
171.0
158.0
161.0
160.0
165.0
167.0
159.0
160.0
154.0
156.0
163.0
167.0
168.0
152.0
173.0
164.0
167.0
170.0
162.0
171.0
167.0
158.0
167.0
162.0
167.0
160.0
167.0
168.0
167.0
162.0
162.0
163.0
167.0
164.0
154.0
130.0
136.0
140.0
140.0
144.0
143.0
146.0
142.0
144.0
145.0
143.0
145.0
141.0
124.0
128.0
148.0
135.0
137.0
143.0
129.0
113.0
113.0
