0
135.0
133.0
136.0
140.0
132.0
133.0
135.0
140.0
138.0
137.0
0
141.0
143.0
140.0
138.0
140.0
136.0
142.0
140.0
142.0
140.0
137.0
141.0
132.0
162.0
168.0
166.0
164.0
160.0
136.0
115.0
113.0
122.0
125.0
126.0
126.0
122.0
120.0
113.0
109.0
107.0
129.0
125.0
121.0
119.0
154.0
162.0
148.0
146.0
150.0
150.0
136.0
140.0
143.0
146.0
112.0
111.0
112.0
126.0
0
124.0
0
124.0
118.0
119.0
118.0
120.0
126.0
95.0
85.0
87.0
90.0
90.0
84.0
81.0
83.0
97.0
109.0
120.0
106.0
103.0
102.0
107.0
109.0
111.0
0
113.0
111.0
117.0
120.0
117.0
