0
153.0
152.0
150.0
152.0
149.0
146.0
149.0
154.0
153.0
152.0
147.0
148.0
153.0
143.0
145.0
0
149.0
149.0
150.0
148.0
155.0
154.0
154.0
150.0
145.0
145.0
150.0
0
152.0
152.0
153.0
145.0
147.0
151.0
0
147.0
148.0
152.0
120.0
171.0
150.0
150.0
146.0
153.0
151.0
153.0
180.0
138.0
154.0
142.0
139.0
150.0
151.0
148.0
146.0
145.0
127.0
113.0
114.0
113.0
113.0
111.0
117.0
124.0
119.0
126.0
132.0
154.0
150.0
0
145.0
136.0
133.0
128.0
131.0
130.0
131.0
130.0
126.0
134.0
136.0
154.0
161.0
164.0
163.0
164.0
164.0
162.0
161.0
158.0
161.0
156.0
156.0
