133.0
148.0
145.0
144.0
148.0
0
143.0
154.0
146.0
146.0
0
146.0
143.0
148.0
145.0
144.0
145.0
146.0
143.0
145.0
146.0
145.0
143.0
143.0
145.0
143.0
148.0
145.0
150.0
146.0
144.0
146.0
145.0
146.0
146.0
0
146.0
145.0
144.0
145.0
143.0
140.0
146.0
145.0
147.0
146.0
147.0
146.0
145.0
146.0
154.0
145.0
146.0
148.0
148.0
150.0
148.0
146.0
0
146.0
145.0
146.0
146.0
146.0
143.0
146.0
146.0
143.0
146.0
145.0
148.0
145.0
143.0
0
146.0
145.0
146.0
145.0
145.0
143.0
145.0
145.0
143.0
141.0
126.0
122.0
133.0
133.0
