83.0
92.0
91.0
106.0
128.0
133.0
127.0
122.0
111.0
112.0
94.0
85.0
82.0
83.0
83.0
83.0
82.0
82.0
82.0
82.0
82.0
83.0
0
82.0
81.0
83.0
0
82.0
82.0
82.0
80.0
0
83.0
92.0
80.0
82.0
0
85.0
86.0
86.0
87.0
87.0
87.0
87.0
86.0
83.0
85.0
0
83.0
85.0
87.0
85.0
86.0
85.0
86.0
122.0
127.0
130.0
128.0
125.0
125.0
124.0
126.0
126.0
125.0
126.0
126.0
126.0
126.0
113.0
80.0
80.0
83.0
84.0
84.0
83.0
83.0
83.0
84.0
83.0
82.0
82.0
84.0
112.0
0
125.0
0
126.0
126.0
128.0
128.0
124.0
126.0
125.0
126.0
126.0
126.0
126.0
127.0
125.0
126.0
0
126.0
123.0
122.0
