146.0
148.0
154.0
172.0
186.0
186.0
179.0
184.0
190.0
184.0
186.0
182.0
183.0
188.0
186.0
176.0
167.0
168.0
172.0
163.0
169.0
171.0
170.0
167.0
157.0
168.0
166.0
163.0
166.0
171.0
169.0
151.0
151.0
149.0
169.0
171.0
169.0
162.0
161.0
160.0
164.0
158.0
159.0
160.0
162.0
161.0
161.0
160.0
146.0
122.0
119.0
0
125.0
125.0
141.0
137.0
140.0
133.0
128.0
118.0
119.0
134.0
152.0
156.0
155.0
154.0
158.0
153.0
152.0
153.0
155.0
156.0
155.0
158.0
155.0
154.0
150.0
161.0
163.0
161.0
157.0
162.0
162.0
158.0
159.0
158.0
162.0
160.0
160.0
161.0
160.0
154.0
162.0
158.0
160.0
161.0
145.0
119.0
115.0
118.0
118.0
118.0
148.0
150.0
152.0
155.0
161.0
159.0
162.0
162.0
158.0
160.0
162.0
160.0
157.0
152.0
175.0
178.0
