0
104.0
0
115.0
118.0
117.0
115.0
113.0
117.0
115.0
112.0
113.0
115.0
112.0
113.0
114.0
113.0
115.0
117.0
113.0
118.0
113.0
0
114.0
114.0
115.0
0
112.0
116.0
114.0
112.0
114.0
0
113.0
113.0
113.0
114.0
114.0
114.0
113.0
113.0
114.0
113.0
113.0
115.0
115.0
118.0
0
120.0
118.0
115.0
117.0
116.0
113.0
111.0
110.0
125.0
136.0
154.0
154.0
151.0
150.0
160.0
159.0
163.0
161.0
159.0
161.0
129.0
129.0
126.0
135.0
140.0
152.0
158.0
161.0
162.0
158.0
162.0
162.0
160.0
160.0
161.0
159.0
161.0
158.0
161.0
161.0
160.0
167.0
157.0
147.0
141.0
145.0
143.0
144.0
