141.0
140.0
124.0
120.0
125.0
124.0
127.0
129.0
126.0
129.0
126.0
129.0
127.0
126.0
127.0
127.0
126.0
121.0
123.0
122.0
123.0
125.0
126.0
124.0
125.0
127.0
126.0
122.0
125.0
120.0
123.0
123.0
128.0
132.0
128.0
122.0
122.0
122.0
123.0
126.0
122.0
122.0
126.0
130.0
146.0
156.0
158.0
147.0
145.0
146.0
143.0
146.0
149.0
149.0
144.0
145.0
145.0
145.0
133.0
131.0
156.0
124.0
108.0
110.0
113.0
113.0
115.0
118.0
118.0
128.0
118.0
102.0
0
92.0
0
91.0
0
91.0
88.0
0
95.0
0
0
101.0
114.0
136.0
137.0
126.0
116.0
121.0
121.0
153.0
163.0
171.0
156.0
105.0
97.0
99.0
102.0
102.0
100.0
113.0
144.0
152.0
157.0
158.0
155.0
145.0
145.0
149.0
150.0
157.0
153.0
117.0
121.0
109.0
107.0
103.0
108.0
0
102.0
102.0
