167.0
183.0
186.0
182.0
181.0
137.0
125.0
118.0
118.0
107.0
107.0
99.0
96.0
89.0
98.0
118.0
120.0
122.0
126.0
133.0
157.0
173.0
171.0
174.0
174.0
173.0
176.0
177.0
174.0
175.0
171.0
174.0
171.0
175.0
177.0
171.0
173.0
173.0
175.0
173.0
174.0
176.0
175.0
175.0
175.0
165.0
167.0
164.0
176.0
179.0
167.0
163.0
162.0
162.0
165.0
154.0
163.0
175.0
176.0
174.0
174.0
171.0
136.0
139.0
136.0
164.0
154.0
169.0
169.0
174.0
175.0
176.0
178.0
174.0
174.0
176.0
175.0
174.0
174.0
171.0
171.0
176.0
167.0
167.0
180.0
176.0
176.0
171.0
174.0
179.0
171.0
149.0
158.0
160.0
162.0
166.0
169.0
163.0
162.0
155.0
156.0
155.0
154.0
153.0
155.0
158.0
155.0
153.0
152.0
160.0
154.0
150.0
158.0
154.0
152.0
152.0
166.0
173.0
