167.0
175.0
174.0
184.0
171.0
150.0
158.0
155.0
147.0
140.0
139.0
141.0
126.0
130.0
130.0
158.0
156.0
157.0
163.0
167.0
176.0
171.0
159.0
0
133.0
143.0
135.0
153.0
172.0
189.0
170.0
154.0
147.0
166.0
176.0
175.0
155.0
128.0
128.0
133.0
167.0
168.0
154.0
128.0
93.0
79.0
78.0
82.0
0
85.0
107.0
99.0
100.0
111.0
128.0
117.0
118.0
115.0
109.0
102.0
0
115.0
115.0
122.0
124.0
120.0
137.0
140.0
122.0
102.0
0
111.0
0
145.0
133.0
122.0
122.0
120.0
126.0
128.0
145.0
102.0
98.0
0
103.0
0
88.0
88.0
87.0
86.0
0
0
0
97.0
97.0
