140.0
161.0
159.0
123.0
90.0
86.0
90.0
93.0
97.0
139.0
155.0
155.0
153.0
142.0
142.0
126.0
125.0
122.0
145.0
179.0
176.0
128.0
138.0
143.0
146.0
148.0
152.0
154.0
148.0
143.0
147.0
146.0
148.0
146.0
146.0
150.0
146.0
149.0
152.0
148.0
149.0
148.0
143.0
148.0
149.0
146.0
150.0
143.0
145.0
150.0
146.0
142.0
148.0
129.0
150.0
154.0
155.0
158.0
158.0
160.0
160.0
155.0
139.0
144.0
143.0
157.0
133.0
140.0
128.0
129.0
143.0
148.0
143.0
148.0
146.0
143.0
135.0
141.0
145.0
154.0
155.0
151.0
155.0
156.0
159.0
154.0
153.0
130.0
128.0
136.0
125.0
