146.0
155.0
149.0
145.0
152.0
156.0
154.0
158.0
156.0
152.0
158.0
156.0
157.0
155.0
150.0
154.0
154.0
154.0
146.0
111.0
108.0
106.0
113.0
119.0
95.0
120.0
109.0
105.0
110.0
102.0
104.0
103.0
105.0
93.0
83.0
86.0
94.0
111.0
118.0
118.0
0
106.0
90.0
88.0
89.0
92.0
94.0
102.0
118.0
117.0
115.0
120.0
138.0
138.0
136.0
146.0
0
150.0
158.0
157.0
157.0
158.0
161.0
162.0
162.0
159.0
163.0
161.0
164.0
162.0
162.0
157.0
139.0
113.0
113.0
114.0
120.0
119.0
125.0
131.0
158.0
161.0
156.0
155.0
154.0
157.0
143.0
146.0
148.0
155.0
152.0
152.0
138.0
136.0
