94.0
92.0
87.0
74.0
75.0
82.0
88.0
102.0
97.0
111.0
113.0
110.0
108.0
102.0
100.0
100.0
101.0
103.0
95.0
88.0
102.0
100.0
102.0
0
99.0
0
100.0
100.0
98.0
101.0
98.0
100.0
100.0
95.0
95.0
97.0
99.0
105.0
123.0
120.0
121.0
123.0
122.0
120.0
124.0
122.0
123.0
123.0
152.0
145.0
142.0
143.0
147.0
151.0
150.0
150.0
153.0
0
152.0
150.0
152.0
155.0
149.0
154.0
152.0
148.0
148.0
151.0
153.0
152.0
151.0
0
153.0
152.0
154.0
154.0
149.0
148.0
146.0
150.0
154.0
150.0
152.0
156.0
150.0
148.0
146.0
151.0
114.0
103.0
111.0
110.0
