155.0
132.0
136.0
139.0
138.0
135.0
138.0
135.0
136.0
139.0
136.0
138.0
140.0
133.0
132.0
143.0
137.0
136.0
137.0
138.0
136.0
137.0
137.0
137.0
136.0
140.0
135.0
136.0
138.0
138.0
135.0
137.0
138.0
136.0
136.0
136.0
133.0
140.0
138.0
0
136.0
138.0
136.0
133.0
136.0
136.0
134.0
135.0
136.0
140.0
136.0
135.0
133.0
136.0
133.0
132.0
136.0
130.0
134.0
0
133.0
138.0
136.0
135.0
133.0
135.0
138.0
133.0
135.0
135.0
136.0
136.0
137.0
133.0
133.0
137.0
134.0
137.0
133.0
128.0
138.0
136.0
119.0
140.0
125.0
127.0
128.0
144.0
156.0
141.0
132.0
130.0
133.0
135.0
148.0
151.0
135.0
130.0
