143.0
150.0
145.0
120.0
89.0
93.0
96.0
107.0
105.0
101.0
103.0
91.0
93.0
112.0
122.0
122.0
148.0
159.0
167.0
158.0
162.0
160.0
154.0
158.0
167.0
159.0
162.0
162.0
160.0
160.0
161.0
160.0
158.0
162.0
158.0
162.0
160.0
157.0
158.0
164.0
156.0
162.0
161.0
162.0
162.0
161.0
160.0
149.0
128.0
133.0
126.0
123.0
125.0
129.0
118.0
122.0
111.0
114.0
101.0
103.0
90.0
81.0
87.0
88.0
89.0
89.0
97.0
117.0
120.0
118.0
124.0
126.0
120.0
118.0
119.0
120.0
115.0
118.0
121.0
118.0
112.0
115.0
118.0
116.0
117.0
118.0
117.0
112.0
