170.0
173.0
165.0
174.0
167.0
171.0
174.0
167.0
169.0
170.0
168.0
168.0
172.0
169.0
169.0
171.0
167.0
176.0
171.0
171.0
171.0
171.0
170.0
169.0
170.0
169.0
171.0
167.0
169.0
170.0
171.0
167.0
171.0
170.0
171.0
162.0
170.0
169.0
170.0
171.0
170.0
168.0
171.0
167.0
137.0
106.0
100.0
106.0
104.0
104.0
104.0
0
101.0
120.0
119.0
107.0
122.0
108.0
102.0
103.0
112.0
122.0
128.0
0
130.0
0
125.0
131.0
135.0
143.0
150.0
148.0
151.0
146.0
136.0
150.0
150.0
154.0
152.0
154.0
152.0
149.0
143.0
148.0
163.0
143.0
129.0
153.0
