0
115.0
117.0
118.0
118.0
118.0
118.0
113.0
118.0
118.0
115.0
120.0
117.0
117.0
122.0
125.0
123.0
124.0
124.0
124.0
126.0
124.0
124.0
123.0
122.0
124.0
124.0
120.0
124.0
122.0
113.0
113.0
104.0
103.0
103.0
0
98.0
97.0
106.0
107.0
110.0
107.0
0
109.0
106.0
0
107.0
0
133.0
178.0
171.0
163.0
168.0
165.0
156.0
155.0
161.0
118.0
125.0
126.0
125.0
125.0
125.0
126.0
125.0
126.0
123.0
126.0
125.0
128.0
126.0
124.0
125.0
126.0
125.0
125.0
127.0
125.0
124.0
125.0
125.0
125.0
125.0
125.0
124.0
125.0
125.0
124.0
126.0
126.0
125.0
124.0
125.0
124.0
124.0
0
126.0
125.0
122.0
128.0
128.0
122.0
125.0
126.0
122.0
125.0
125.0
134.0
150.0
158.0
0
159.0
160.0
159.0
158.0
159.0
158.0
159.0
157.0
159.0
161.0
162.0
162.0
162.0
157.0
160.0
159.0
159.0
159.0
159.0
159.0
159.0
160.0
159.0
158.0
158.0
162.0
159.0
159.0
159.0
159.0
159.0
149.0
119.0
115.0
115.0
105.0
