0
107.0
109.0
108.0
108.0
108.0
109.0
109.0
109.0
109.0
109.0
107.0
110.0
110.0
162.0
154.0
152.0
0
145.0
154.0
0
156.0
152.0
153.0
152.0
153.0
152.0
133.0
145.0
148.0
150.0
143.0
145.0
145.0
147.0
148.0
148.0
147.0
148.0
0
148.0
145.0
147.0
147.0
146.0
146.0
145.0
138.0
140.0
143.0
148.0
0
130.0
0
96.0
97.0
97.0
97.0
100.0
0
101.0
98.0
98.0
99.0
97.0
98.0
100.0
0
0
103.0
102.0
0
0
102.0
0
0
102.0
102.0
103.0
102.0
154.0
152.0
0
151.0
155.0
154.0
150.0
150.0
0
153.0
153.0
0
150.0
125.0
103.0
99.0
114.0
0
111.0
115.0
113.0
117.0
113.0
0
150.0
146.0
158.0
153.0
154.0
154.0
154.0
153.0
150.0
156.0
154.0
149.0
146.0
154.0
152.0
152.0
155.0
154.0
158.0
153.0
150.0
152.0
154.0
154.0
152.0
154.0
150.0
150.0
158.0
154.0
153.0
154.0
158.0
146.0
150.0
148.0
152.0
154.0
154.0
158.0
154.0
154.0
150.0
157.0
154.0
151.0
153.0
153.0
154.0
153.0
151.0
153.0
152.0
0
153.0
153.0
154.0
155.0
150.0
158.0
154.0
150.0
152.0
154.0
154.0
150.0
154.0
154.0
152.0
155.0
150.0
0
158.0
155.0
148.0
154.0
156.0
149.0
154.0
162.0
146.0
150.0
128.0
112.0
113.0
114.0
0
151.0
154.0
152.0
141.0
146.0
0
147.0
150.0
150.0
0
154.0
153.0
150.0
149.0
141.0
141.0
145.0
150.0
145.0
151.0
158.0
158.0
143.0
151.0
154.0
150.0
146.0
0
148.0
155.0
163.0
167.0
162.0
170.0
164.0
162.0
170.0
170.0
165.0
167.0
171.0
170.0
158.0
171.0
174.0
176.0
175.0
176.0
174.0
171.0
174.0
175.0
182.0
171.0
176.0
171.0
176.0
174.0
176.0
179.0
175.0
164.0
148.0
148.0
125.0
105.0
102.0
0
100.0
0
97.0
97.0
0
0
98.0
114.0
114.0
117.0
101.0
103.0
100.0
