117.0
129.0
163.0
153.0
158.0
157.0
133.0
108.0
101.0
101.0
102.0
0
103.0
103.0
101.0
103.0
103.0
102.0
103.0
108.0
0
107.0
0
105.0
100.0
103.0
103.0
0
103.0
103.0
0
103.0
103.0
101.0
101.0
107.0
146.0
152.0
155.0
155.0
157.0
157.0
157.0
158.0
154.0
157.0
156.0
158.0
0
155.0
158.0
157.0
158.0
157.0
157.0
157.0
162.0
158.0
159.0
160.0
145.0
144.0
140.0
0
132.0
0
140.0
0
141.0
0
143.0
143.0
140.0
142.0
0
140.0
143.0
153.0
155.0
149.0
0
150.0
150.0
154.0
150.0
150.0
151.0
137.0
138.0
135.0
116.0
118.0
137.0
133.0
146.0
146.0
148.0
146.0
146.0
146.0
0
150.0
154.0
0
149.0
0
150.0
0
150.0
154.0
149.0
146.0
150.0
148.0
148.0
149.0
146.0
146.0
146.0
145.0
150.0
151.0
149.0
148.0
146.0
129.0
140.0
137.0
135.0
134.0
146.0
0
148.0
141.0
136.0
126.0
0
115.0
107.0
110.0
108.0
