0
110.0
106.0
113.0
112.0
97.0
105.0
107.0
107.0
0
132.0
134.0
133.0
140.0
143.0
133.0
107.0
128.0
135.0
119.0
119.0
107.0
113.0
120.0
132.0
130.0
0
138.0
140.0
175.0
140.0
148.0
143.0
150.0
150.0
149.0
146.0
170.0
179.0
176.0
171.0
172.0
167.0
178.0
185.0
179.0
174.0
179.0
0
184.0
182.0
173.0
178.0
176.0
180.0
176.0
167.0
0
179.0
173.0
174.0
188.0
182.0
160.0
161.0
158.0
158.0
158.0
125.0
128.0
141.0
162.0
158.0
0
158.0
167.0
170.0
158.0
154.0
164.0
160.0
164.0
172.0
173.0
171.0
174.0
171.0
148.0
0
146.0
0
147.0
0
140.0
162.0
158.0
154.0
158.0
162.0
155.0
116.0
118.0
110.0
0
103.0
106.0
105.0
0
104.0
107.0
115.0
113.0
113.0
0
98.0
98.0
