0
125.0
132.0
148.0
148.0
149.0
148.0
144.0
146.0
143.0
144.0
0
146.0
143.0
142.0
141.0
142.0
142.0
141.0
140.0
143.0
140.0
139.0
144.0
140.0
140.0
142.0
142.0
145.0
142.0
144.0
141.0
144.0
132.0
133.0
138.0
154.0
161.0
155.0
139.0
143.0
145.0
150.0
0
140.0
140.0
140.0
140.0
135.0
140.0
157.0
162.0
158.0
158.0
160.0
162.0
160.0
158.0
123.0
97.0
99.0
98.0
113.0
115.0
115.0
113.0
106.0
105.0
105.0
109.0
120.0
131.0
140.0
130.0
0
127.0
144.0
144.0
145.0
142.0
137.0
140.0
145.0
144.0
148.0
143.0
146.0
143.0
143.0
140.0
131.0
127.0
0
133.0
130.0
128.0
122.0
126.0
130.0
123.0
122.0
126.0
133.0
136.0
136.0
136.0
136.0
132.0
127.0
119.0
128.0
129.0
130.0
111.0
104.0
