0
138.0
140.0
141.0
140.0
140.0
141.0
140.0
140.0
0
140.0
142.0
138.0
143.0
140.0
140.0
140.0
140.0
141.0
140.0
140.0
140.0
135.0
133.0
133.0
132.0
133.0
0
135.0
143.0
143.0
140.0
140.0
140.0
140.0
140.0
140.0
140.0
140.0
0
141.0
140.0
140.0
143.0
140.0
143.0
0
0
0
140.0
140.0
140.0
140.0
136.0
107.0
0
111.0
109.0
105.0
0
107.0
103.0
0
105.0
0
0
103.0
105.0
0
117.0
0
136.0
136.0
141.0
0
146.0
136.0
0
140.0
141.0
141.0
140.0
0
140.0
140.0
143.0
140.0
0
0
139.0
141.0
137.0
156.0
158.0
156.0
158.0
158.0
159.0
159.0
157.0
151.0
156.0
