111.0
113.0
113.0
114.0
116.0
112.0
136.0
143.0
0
154.0
150.0
154.0
141.0
136.0
140.0
143.0
143.0
143.0
144.0
0
143.0
0
143.0
143.0
150.0
0
143.0
145.0
0
143.0
143.0
0
141.0
142.0
0
0
142.0
146.0
0
140.0
143.0
140.0
140.0
143.0
0
140.0
143.0
140.0
143.0
141.0
141.0
146.0
140.0
0
0
143.0
141.0
0
143.0
146.0
140.0
143.0
140.0
143.0
140.0
140.0
0
140.0
140.0
0
124.0
111.0
109.0
102.0
0
100.0
100.0
130.0
133.0
143.0
136.0
0
140.0
0
143.0
142.0
140.0
143.0
141.0
145.0
143.0
0
141.0
143.0
140.0
142.0
143.0
146.0
140.0
146.0
140.0
0
136.0
0
136.0
0
140.0
0
138.0
141.0
133.0
0
140.0
133.0
135.0
140.0
138.0
138.0
143.0
0
140.0
143.0
140.0
141.0
137.0
0
140.0
140.0
140.0
140.0
140.0
140.0
140.0
140.0
136.0
138.0
138.0
0
136.0
136.0
137.0
0
138.0
136.0
0
136.0
137.0
136.0
0
140.0
0
136.0
0
133.0
0
129.0
123.0
122.0
0
125.0
126.0
125.0
122.0
120.0
138.0
138.0
143.0
0
148.0
0
150.0
154.0
146.0
151.0
0
150.0
150.0
149.0
0
144.0
145.0
147.0
146.0
154.0
0
146.0
146.0
0
152.0
154.0
0
151.0
154.0
154.0
148.0
0
0
154.0
151.0
0
152.0
0
150.0
150.0
154.0
150.0
154.0
154.0
0
150.0
150.0
151.0
150.0
152.0
154.0
148.0
0
0
107.0
0
0
0
113.0
0
113.0
111.0
0
0
102.0
0
99.0
85.0
