108.0
104.0
104.0
105.0
104.0
105.0
106.0
103.0
0
105.0
0
105.0
103.0
105.0
105.0
105.0
105.0
103.0
105.0
105.0
104.0
0
103.0
0
0
113.0
115.0
115.0
117.0
115.0
113.0
115.0
115.0
115.0
115.0
115.0
115.0
0
115.0
115.0
0
115.0
114.0
115.0
115.0
115.0
115.0
113.0
115.0
162.0
152.0
156.0
154.0
153.0
154.0
154.0
154.0
152.0
154.0
154.0
145.0
0
146.0
148.0
153.0
155.0
152.0
140.0
118.0
114.0
116.0
115.0
115.0
115.0
115.0
115.0
115.0
115.0
115.0
115.0
116.0
115.0
115.0
0
115.0
0
130.0
148.0
150.0
151.0
