0
83.0
85.0
80.0
80.0
0
99.0
117.0
120.0
121.0
122.0
123.0
117.0
100.0
94.0
0
0
94.0
103.0
94.0
95.0
104.0
109.0
109.0
98.0
119.0
119.0
118.0
127.0
127.0
114.0
114.0
117.0
104.0
95.0
111.0
113.0
0
114.0
0
105.0
91.0
103.0
110.0
113.0
0
116.0
117.0
116.0
117.0
118.0
115.0
118.0
118.0
119.0
0
118.0
118.0
120.0
0
120.0
120.0
122.0
121.0
122.0
149.0
154.0
151.0
0
130.0
0
105.0
105.0
103.0
92.0
100.0
0
111.0
100.0
0
102.0
97.0
88.0
0
0
82.0
0
83.0
0
93.0
0
136.0
136.0
138.0
140.0
140.0
138.0
137.0
138.0
140.0
138.0
140.0
136.0
141.0
138.0
136.0
143.0
144.0
0
145.0
143.0
145.0
143.0
146.0
143.0
146.0
143.0
146.0
148.0
143.0
0
148.0
146.0
146.0
146.0
0
146.0
150.0
143.0
146.0
0
145.0
146.0
146.0
0
145.0
144.0
145.0
145.0
146.0
143.0
146.0
145.0
146.0
144.0
0
146.0
143.0
143.0
143.0
136.0
115.0
113.0
0
117.0
0
117.0
0
0
0
111.0
136.0
146.0
148.0
146.0
150.0
0
0
158.0
158.0
157.0
160.0
158.0
154.0
158.0
159.0
158.0
158.0
157.0
158.0
158.0
158.0
0
160.0
158.0
162.0
118.0
0
118.0
0
120.0
118.0
115.0
115.0
112.0
113.0
122.0
111.0
102.0
0
83.0
83.0
83.0
84.0
112.0
111.0
105.0
105.0
110.0
110.0
112.0
109.0
110.0
119.0
123.0
