125.0
134.0
141.0
162.0
169.0
167.0
157.0
114.0
99.0
90.0
88.0
0
81.0
71.0
0
72.0
0
71.0
71.0
72.0
71.0
0
67.0
0
0
71.0
72.0
72.0
71.0
0
72.0
72.0
0
72.0
0
73.0
0
0
89.0
136.0
138.0
144.0
140.0
0
120.0
133.0
133.0
0
133.0
0
0
140.0
0
138.0
0
135.0
140.0
0
138.0
140.0
0
138.0
138.0
140.0
0
136.0
0
138.0
140.0
133.0
143.0
0
140.0
138.0
0
0
138.0
140.0
0
138.0
0
0
136.0
0
0
138.0
133.0
136.0
139.0
136.0
140.0
0
131.0
129.0
136.0
130.0
139.0
138.0
0
133.0
138.0
136.0
136.0
140.0
170.0
0
166.0
160.0
167.0
133.0
143.0
144.0
0
145.0
0
143.0
143.0
143.0
143.0
142.0
0
143.0
143.0
145.0
143.0
143.0
142.0
143.0
143.0
143.0
144.0
143.0
144.0
142.0
0
144.0
144.0
142.0
143.0
141.0
144.0
0
0
144.0
143.0
142.0
140.0
143.0
140.0
143.0
145.0
143.0
143.0
143.0
140.0
143.0
143.0
0
143.0
146.0
143.0
143.0
143.0
140.0
140.0
143.0
144.0
145.0
143.0
140.0
143.0
143.0
145.0
143.0
143.0
0
146.0
140.0
136.0
136.0
140.0
143.0
141.0
143.0
143.0
143.0
143.0
143.0
146.0
143.0
146.0
143.0
141.0
143.0
146.0
130.0
133.0
133.0
131.0
110.0
113.0
111.0
133.0
136.0
130.0
128.0
130.0
126.0
118.0
0
114.0
166.0
174.0
176.0
182.0
188.0
179.0
171.0
174.0
174.0
171.0
167.0
170.0
168.0
169.0
167.0
169.0
164.0
0
158.0
162.0
160.0
136.0
135.0
0
130.0
105.0
0
93.0
0
0
97.0
99.0
108.0
98.0
0
0
98.0
95.0
0
118.0
140.0
133.0
130.0
136.0
130.0
133.0
