0
122.0
139.0
144.0
117.0
112.0
103.0
123.0
115.0
114.0
145.0
164.0
165.0
172.0
146.0
128.0
129.0
130.0
129.0
128.0
129.0
129.0
130.0
129.0
125.0
129.0
129.0
130.0
129.0
129.0
129.0
130.0
130.0
129.0
129.0
130.0
128.0
128.0
129.0
128.0
128.0
129.0
132.0
129.0
128.0
129.0
129.0
129.0
129.0
129.0
129.0
129.0
130.0
129.0
129.0
129.0
128.0
130.0
128.0
129.0
128.0
129.0
129.0
129.0
129.0
129.0
130.0
130.0
130.0
130.0
125.0
128.0
117.0
120.0
118.0
124.0
128.0
129.0
128.0
130.0
129.0
129.0
130.0
128.0
129.0
129.0
129.0
128.0
129.0
0
129.0
128.0
130.0
129.0
128.0
129.0
129.0
129.0
125.0
128.0
0
130.0
124.0
0
