0
161.0
156.0
153.0
155.0
160.0
162.0
162.0
164.0
155.0
162.0
160.0
163.0
158.0
157.0
164.0
166.0
164.0
164.0
165.0
164.0
167.0
167.0
167.0
167.0
165.0
160.0
146.0
139.0
146.0
146.0
145.0
144.0
145.0
146.0
148.0
146.0
147.0
140.0
141.0
142.0
140.0
141.0
140.0
146.0
141.0
142.0
140.0
142.0
142.0
141.0
143.0
141.0
148.0
148.0
157.0
162.0
163.0
161.0
160.0
162.0
155.0
154.0
158.0
163.0
160.0
162.0
162.0
162.0
163.0
162.0
160.0
162.0
167.0
162.0
162.0
160.0
153.0
0
105.0
105.0
107.0
105.0
109.0
152.0
154.0
161.0
162.0
162.0
167.0
160.0
158.0
158.0
141.0
151.0
153.0
141.0
140.0
130.0
130.0
137.0
141.0
142.0
146.0
126.0
115.0
115.0
118.0
118.0
114.0
117.0
106.0
109.0
108.0
102.0
102.0
102.0
100.0
92.0
78.0
85.0
75.0
