140.0
148.0
146.0
147.0
147.0
147.0
146.0
146.0
146.0
146.0
143.0
155.0
143.0
153.0
153.0
136.0
140.0
158.0
150.0
144.0
0
146.0
0
0
0
135.0
145.0
142.0
158.0
146.0
148.0
145.0
131.0
130.0
132.0
128.0
131.0
130.0
133.0
135.0
131.0
135.0
130.0
131.0
131.0
136.0
138.0
136.0
0
0
0
0
113.0
109.0
113.0
113.0
115.0
0
115.0
115.0
117.0
140.0
140.0
145.0
0
158.0
161.0
157.0
152.0
111.0
107.0
111.0
128.0
154.0
158.0
146.0
159.0
138.0
134.0
131.0
125.0
106.0
105.0
103.0
98.0
127.0
132.0
130.0
130.0
132.0
129.0
118.0
106.0
107.0
104.0
104.0
105.0
99.0
