84.0
85.0
75.0
84.0
95.0
110.0
105.0
0
0
95.0
91.0
106.0
107.0
103.0
105.0
127.0
133.0
131.0
125.0
134.0
149.0
154.0
162.0
156.0
150.0
150.0
158.0
158.0
166.0
161.0
162.0
156.0
140.0
119.0
129.0
145.0
146.0
148.0
136.0
129.0
116.0
121.0
115.0
111.0
111.0
0
120.0
137.0
138.0
140.0
137.0
135.0
137.0
137.0
137.0
138.0
136.0
138.0
138.0
137.0
138.0
132.0
133.0
133.0
132.0
0
133.0
130.0
132.0
133.0
133.0
133.0
132.0
132.0
129.0
129.0
137.0
125.0
122.0
137.0
150.0
147.0
130.0
149.0
185.0
194.0
145.0
140.0
129.0
131.0
162.0
130.0
126.0
0
122.0
129.0
128.0
121.0
120.0
125.0
0
125.0
128.0
125.0
126.0
125.0
125.0
126.0
124.0
125.0
126.0
125.0
120.0
0
0
129.0
0
143.0
120.0
126.0
130.0
129.0
0
