132.0
135.0
134.0
133.0
133.0
134.0
132.0
0
133.0
133.0
135.0
134.0
134.0
134.0
135.0
133.0
133.0
128.0
133.0
134.0
0
133.0
0
138.0
137.0
136.0
0
132.0
132.0
134.0
138.0
119.0
115.0
115.0
114.0
114.0
113.0
113.0
112.0
0
113.0
115.0
115.0
122.0
0
118.0
121.0
142.0
0
140.0
0
140.0
120.0
0
0
118.0
0
118.0
0
0
119.0
0
118.0
119.0
118.0
119.0
120.0
117.0
113.0
116.0
114.0
113.0
125.0
128.0
124.0
128.0
113.0
118.0
0
125.0
118.0
117.0
132.0
133.0
141.0
141.0
145.0
148.0
152.0
150.0
153.0
156.0
153.0
158.0
162.0
158.0
162.0
161.0
162.0
0
162.0
160.0
0
160.0
162.0
160.0
157.0
0
146.0
124.0
0
121.0
111.0
104.0
0
101.0
101.0
89.0
0
