136.0
124.0
143.0
143.0
159.0
155.0
163.0
138.0
136.0
133.0
152.0
155.0
183.0
180.0
182.0
179.0
184.0
171.0
179.0
182.0
180.0
176.0
182.0
176.0
182.0
176.0
171.0
178.0
186.0
179.0
182.0
0
164.0
118.0
120.0
119.0
122.0
117.0
121.0
123.0
130.0
0
129.0
0
118.0
129.0
172.0
178.0
174.0
183.0
185.0
184.0
176.0
178.0
186.0
179.0
171.0
187.0
182.0
182.0
176.0
176.0
182.0
179.0
182.0
167.0
0
111.0
111.0
119.0
118.0
130.0
162.0
174.0
171.0
175.0
188.0
180.0
185.0
176.0
176.0
176.0
182.0
185.0
174.0
188.0
175.0
162.0
156.0
160.0
167.0
159.0
170.0
194.0
179.0
167.0
153.0
0
118.0
117.0
115.0
121.0
119.0
112.0
113.0
124.0
122.0
122.0
0
166.0
167.0
171.0
173.0
173.0
148.0
130.0
164.0
170.0
174.0
178.0
179.0
178.0
180.0
179.0
176.0
180.0
176.0
177.0
180.0
180.0
182.0
163.0
162.0
136.0
124.0
125.0
156.0
156.0
148.0
164.0
174.0
172.0
166.0
167.0
155.0
156.0
