146.0
144.0
130.0
112.0
139.0
154.0
154.0
153.0
146.0
150.0
154.0
150.0
145.0
148.0
146.0
146.0
146.0
146.0
145.0
143.0
150.0
154.0
154.0
146.0
144.0
148.0
153.0
175.0
176.0
142.0
144.0
0
146.0
141.0
146.0
143.0
154.0
153.0
149.0
141.0
142.0
146.0
132.0
130.0
117.0
118.0
161.0
160.0
152.0
136.0
142.0
146.0
137.0
140.0
145.0
150.0
151.0
154.0
152.0
146.0
145.0
150.0
146.0
155.0
153.0
158.0
154.0
155.0
152.0
152.0
152.0
150.0
148.0
143.0
150.0
155.0
158.0
155.0
0
153.0
154.0
153.0
146.0
153.0
153.0
142.0
143.0
148.0
0
146.0
0
143.0
148.0
146.0
144.0
149.0
153.0
153.0
150.0
0
144.0
140.0
135.0
0
