140.0
151.0
148.0
143.0
149.0
0
148.0
150.0
150.0
150.0
150.0
148.0
148.0
146.0
146.0
144.0
0
146.0
143.0
147.0
145.0
147.0
146.0
146.0
145.0
146.0
146.0
146.0
146.0
144.0
146.0
148.0
148.0
146.0
146.0
149.0
146.0
149.0
152.0
150.0
153.0
154.0
145.0
143.0
152.0
152.0
152.0
150.0
147.0
145.0
146.0
146.0
145.0
153.0
156.0
154.0
146.0
146.0
149.0
150.0
148.0
154.0
153.0
0
153.0
158.0
154.0
154.0
156.0
158.0
150.0
158.0
118.0
92.0
0
90.0
93.0
107.0
112.0
98.0
108.0
119.0
128.0
113.0
114.0
0
119.0
118.0
120.0
121.0
132.0
140.0
146.0
151.0
153.0
143.0
143.0
144.0
138.0
135.0
126.0
126.0
136.0
140.0
109.0
108.0
108.0
101.0
94.0
99.0
110.0
132.0
136.0
0
144.0
140.0
156.0
157.0
149.0
120.0
136.0
140.0
146.0
140.0
0
134.0
157.0
152.0
158.0
146.0
135.0
0
126.0
120.0
128.0
126.0
125.0
0
125.0
0
