77.0
87.0
88.0
115.0
136.0
137.0
137.0
132.0
127.0
135.0
137.0
138.0
137.0
138.0
138.0
137.0
134.0
129.0
0
130.0
134.0
133.0
152.0
172.0
147.0
138.0
138.0
138.0
137.0
137.0
137.0
137.0
143.0
142.0
145.0
144.0
135.0
144.0
140.0
140.0
142.0
0
139.0
141.0
142.0
146.0
97.0
115.0
140.0
144.0
146.0
139.0
144.0
146.0
141.0
139.0
133.0
114.0
97.0
95.0
91.0
95.0
125.0
137.0
136.0
139.0
142.0
143.0
144.0
136.0
142.0
142.0
125.0
128.0
140.0
141.0
143.0
145.0
145.0
104.0
108.0
108.0
110.0
108.0
108.0
105.0
107.0
110.0
