162.0
168.0
167.0
175.0
178.0
179.0
182.0
176.0
176.0
183.0
176.0
182.0
171.0
174.0
181.0
179.0
179.0
182.0
168.0
171.0
178.0
179.0
182.0
170.0
171.0
180.0
178.0
179.0
179.0
181.0
180.0
179.0
180.0
178.0
180.0
178.0
180.0
185.0
179.0
185.0
180.0
176.0
180.0
180.0
180.0
179.0
167.0
159.0
132.0
135.0
138.0
149.0
133.0
138.0
141.0
136.0
143.0
143.0
143.0
143.0
146.0
144.0
146.0
142.0
144.0
145.0
144.0
142.0
143.0
144.0
140.0
136.0
141.0
145.0
144.0
140.0
120.0
111.0
103.0
103.0
106.0
109.0
0
109.0
109.0
0
109.0
110.0
111.0
109.0
103.0
107.0
118.0
122.0
123.0
121.0
123.0
121.0
123.0
122.0
124.0
122.0
123.0
122.0
123.0
122.0
123.0
122.0
123.0
122.0
124.0
122.0
121.0
123.0
123.0
123.0
122.0
123.0
123.0
122.0
123.0
122.0
123.0
123.0
122.0
123.0
123.0
125.0
122.0
124.0
0
123.0
122.0
120.0
121.0
124.0
123.0
121.0
122.0
123.0
123.0
123.0
124.0
125.0
128.0
129.0
129.0
131.0
134.0
134.0
136.0
138.0
136.0
137.0
142.0
142.0
145.0
148.0
153.0
158.0
146.0
135.0
135.0
130.0
120.0
0
0
133.0
