154.0
157.0
156.0
157.0
157.0
157.0
157.0
157.0
158.0
158.0
157.0
158.0
158.0
157.0
159.0
158.0
157.0
157.0
159.0
157.0
157.0
157.0
154.0
136.0
134.0
135.0
134.0
0
136.0
135.0
134.0
135.0
133.0
135.0
133.0
135.0
134.0
134.0
135.0
132.0
134.0
134.0
135.0
136.0
133.0
133.0
101.0
102.0
102.0
101.0
102.0
98.0
100.0
0
100.0
102.0
101.0
0
100.0
100.0
101.0
0
100.0
102.0
95.0
92.0
92.0
0
101.0
98.0
100.0
101.0
100.0
100.0
101.0
102.0
0
101.0
102.0
101.0
101.0
101.0
100.0
101.0
102.0
102.0
100.0
102.0
100.0
102.0
0
101.0
0
0
101.0
100.0
100.0
100.0
100.0
0
100.0
102.0
0
100.0
102.0
98.0
128.0
143.0
140.0
143.0
148.0
149.0
149.0
148.0
149.0
148.0
148.0
149.0
149.0
148.0
149.0
148.0
126.0
98.0
107.0
104.0
103.0
