138.0
123.0
128.0
106.0
107.0
109.0
109.0
120.0
141.0
141.0
140.0
143.0
140.0
140.0
141.0
141.0
141.0
140.0
140.0
140.0
140.0
141.0
145.0
141.0
0
141.0
138.0
142.0
140.0
141.0
140.0
142.0
143.0
141.0
140.0
142.0
140.0
142.0
140.0
143.0
141.0
141.0
141.0
141.0
140.0
141.0
141.0
140.0
140.0
140.0
141.0
142.0
141.0
143.0
141.0
141.0
141.0
142.0
140.0
141.0
140.0
141.0
143.0
140.0
140.0
141.0
141.0
142.0
141.0
140.0
140.0
140.0
141.0
142.0
141.0
141.0
140.0
135.0
88.0
85.0
91.0
91.0
81.0
98.0
96.0
92.0
98.0
100.0
99.0
98.0
101.0
102.0
98.0
102.0
102.0
102.0
100.0
102.0
102.0
101.0
0
0
102.0
102.0
0
102.0
101.0
102.0
102.0
101.0
102.0
102.0
102.0
101.0
102.0
102.0
103.0
102.0
102.0
102.0
102.0
102.0
102.0
101.0
102.0
102.0
101.0
103.0
102.0
0
102.0
102.0
101.0
102.0
102.0
102.0
102.0
102.0
103.0
101.0
0
102.0
100.0
102.0
102.0
102.0
101.0
0
102.0
102.0
101.0
102.0
103.0
102.0
100.0
102.0
102.0
0
102.0
100.0
102.0
0
101.0
102.0
102.0
101.0
103.0
102.0
102.0
0
102.0
102.0
101.0
102.0
102.0
101.0
102.0
101.0
101.0
102.0
102.0
102.0
102.0
0
102.0
102.0
0
101.0
103.0
101.0
102.0
102.0
0
0
102.0
0
98.0
97.0
95.0
0
98.0
98.0
99.0
101.0
102.0
100.0
102.0
102.0
102.0
103.0
102.0
101.0
102.0
0
0
102.0
102.0
0
102.0
101.0
102.0
102.0
102.0
102.0
102.0
0
102.0
102.0
102.0
100.0
103.0
101.0
102.0
103.0
101.0
102.0
102.0
0
0
102.0
98.0
105.0
113.0
104.0
103.0
