140.0
152.0
157.0
123.0
136.0
128.0
116.0
113.0
113.0
145.0
159.0
128.0
136.0
136.0
143.0
148.0
145.0
140.0
141.0
133.0
140.0
140.0
0
136.0
143.0
143.0
149.0
153.0
0
146.0
141.0
145.0
145.0
150.0
145.0
143.0
143.0
145.0
146.0
146.0
148.0
143.0
143.0
146.0
144.0
146.0
143.0
145.0
143.0
145.0
143.0
143.0
146.0
151.0
147.0
150.0
141.0
146.0
142.0
148.0
143.0
148.0
146.0
146.0
146.0
136.0
122.0
135.0
144.0
150.0
152.0
154.0
150.0
146.0
140.0
144.0
141.0
145.0
0
148.0
143.0
144.0
143.0
140.0
147.0
146.0
149.0
150.0
149.0
151.0
150.0
140.0
141.0
146.0
147.0
140.0
125.0
131.0
142.0
156.0
152.0
154.0
151.0
157.0
158.0
158.0
155.0
158.0
143.0
138.0
143.0
143.0
137.0
138.0
133.0
141.0
143.0
150.0
148.0
143.0
143.0
146.0
146.0
145.0
144.0
144.0
142.0
136.0
136.0
155.0
160.0
157.0
154.0
