133.0
132.0
134.0
140.0
140.0
97.0
87.0
88.0
90.0
88.0
88.0
96.0
99.0
94.0
99.0
111.0
122.0
111.0
97.0
99.0
98.0
105.0
104.0
98.0
96.0
102.0
103.0
117.0
122.0
122.0
120.0
159.0
159.0
157.0
158.0
145.0
145.0
151.0
152.0
150.0
150.0
156.0
152.0
151.0
148.0
146.0
143.0
151.0
147.0
153.0
148.0
154.0
158.0
148.0
0
151.0
152.0
154.0
153.0
158.0
144.0
143.0
150.0
152.0
154.0
158.0
155.0
154.0
148.0
150.0
151.0
149.0
152.0
154.0
156.0
156.0
154.0
154.0
157.0
157.0
158.0
154.0
159.0
159.0
153.0
155.0
157.0
162.0
158.0
159.0
157.0
155.0
156.0
158.0
0
