152.0
158.0
167.0
171.0
162.0
166.0
167.0
157.0
157.0
155.0
164.0
161.0
163.0
158.0
160.0
174.0
158.0
160.0
167.0
160.0
158.0
164.0
163.0
167.0
164.0
154.0
158.0
157.0
161.0
153.0
155.0
162.0
159.0
152.0
148.0
147.0
143.0
160.0
158.0
154.0
158.0
158.0
162.0
161.0
162.0
160.0
167.0
159.0
165.0
168.0
150.0
164.0
162.0
161.0
150.0
149.0
155.0
156.0
154.0
152.0
152.0
147.0
148.0
143.0
141.0
141.0
125.0
0
102.0
99.0
105.0
102.0
101.0
103.0
105.0
0
98.0
0
102.0
102.0
102.0
0
102.0
98.0
105.0
100.0
101.0
99.0
103.0
102.0
96.0
96.0
105.0
140.0
160.0
160.0
159.0
154.0
154.0
154.0
155.0
152.0
153.0
0
158.0
157.0
155.0
0
145.0
166.0
