130.0
128.0
140.0
145.0
141.0
129.0
111.0
112.0
107.0
117.0
117.0
120.0
120.0
136.0
136.0
134.0
143.0
0
145.0
154.0
157.0
132.0
128.0
130.0
128.0
135.0
133.0
136.0
118.0
122.0
122.0
0
103.0
102.0
102.0
145.0
151.0
155.0
163.0
159.0
168.0
160.0
136.0
155.0
137.0
155.0
153.0
160.0
128.0
109.0
99.0
123.0
118.0
0
121.0
0
140.0
128.0
132.0
106.0
101.0
90.0
82.0
0
88.0
0
92.0
92.0
94.0
123.0
134.0
135.0
141.0
133.0
130.0
136.0
140.0
141.0
140.0
137.0
127.0
138.0
141.0
143.0
143.0
141.0
140.0
134.0
120.0
119.0
118.0
