147.0
156.0
154.0
157.0
154.0
158.0
158.0
154.0
154.0
155.0
150.0
153.0
153.0
155.0
156.0
156.0
155.0
158.0
155.0
154.0
158.0
158.0
150.0
154.0
154.0
154.0
154.0
155.0
155.0
154.0
147.0
140.0
143.0
146.0
148.0
146.0
152.0
146.0
152.0
154.0
171.0
155.0
150.0
151.0
155.0
158.0
152.0
146.0
153.0
149.0
151.0
149.0
149.0
156.0
153.0
150.0
149.0
126.0
111.0
113.0
97.0
0
98.0
98.0
114.0
124.0
125.0
126.0
113.0
115.0
112.0
127.0
104.0
101.0
102.0
112.0
118.0
128.0
119.0
120.0
147.0
140.0
158.0
169.0
135.0
137.0
106.0
