175.0
0
178.0
162.0
0
173.0
175.0
171.0
171.0
174.0
174.0
171.0
167.0
171.0
160.0
161.0
175.0
173.0
175.0
171.0
171.0
169.0
167.0
0
174.0
171.0
173.0
171.0
174.0
172.0
171.0
173.0
171.0
169.0
171.0
176.0
171.0
175.0
0
176.0
165.0
171.0
175.0
176.0
171.0
175.0
175.0
176.0
175.0
171.0
174.0
169.0
162.0
158.0
164.0
157.0
154.0
159.0
167.0
170.0
171.0
170.0
176.0
169.0
182.0
174.0
173.0
170.0
175.0
166.0
0
148.0
148.0
133.0
112.0
102.0
103.0
102.0
102.0
100.0
95.0
96.0
101.0
100.0
118.0
140.0
150.0
153.0
154.0
149.0
150.0
155.0
152.0
150.0
147.0
154.0
154.0
156.0
150.0
149.0
0
153.0
151.0
154.0
148.0
152.0
153.0
0
151.0
157.0
144.0
136.0
0
122.0
129.0
107.0
0
