100.0
135.0
145.0
148.0
150.0
164.0
168.0
145.0
137.0
155.0
167.0
126.0
133.0
0
121.0
119.0
132.0
141.0
139.0
150.0
154.0
153.0
148.0
145.0
0
141.0
0
141.0
0
140.0
142.0
140.0
0
156.0
157.0
152.0
146.0
148.0
157.0
158.0
148.0
144.0
143.0
144.0
158.0
146.0
150.0
159.0
154.0
151.0
152.0
132.0
105.0
105.0
107.0
0
104.0
103.0
103.0
0
107.0
0
121.0
0
133.0
129.0
130.0
118.0
115.0
107.0
109.0
109.0
125.0
140.0
118.0
125.0
132.0
139.0
135.0
138.0
145.0
126.0
120.0
109.0
105.0
106.0
98.0
108.0
105.0
98.0
100.0
105.0
108.0
136.0
