103.0
97.0
94.0
100.0
104.0
103.0
105.0
112.0
111.0
101.0
103.0
103.0
103.0
103.0
105.0
104.0
102.0
105.0
131.0
156.0
161.0
146.0
155.0
154.0
148.0
145.0
153.0
0
154.0
154.0
155.0
0
167.0
158.0
160.0
153.0
155.0
155.0
155.0
155.0
151.0
160.0
158.0
157.0
152.0
156.0
154.0
0
157.0
157.0
154.0
154.0
158.0
132.0
158.0
0
155.0
155.0
155.0
154.0
156.0
154.0
159.0
154.0
156.0
154.0
0
154.0
151.0
148.0
146.0
150.0
152.0
155.0
157.0
153.0
159.0
155.0
156.0
155.0
146.0
155.0
152.0
150.0
155.0
159.0
159.0
156.0
155.0
154.0
156.0
158.0
156.0
156.0
155.0
156.0
138.0
