125.0
140.0
140.0
140.0
143.0
143.0
136.0
139.0
133.0
140.0
141.0
140.0
136.0
130.0
136.0
140.0
141.0
142.0
140.0
138.0
140.0
140.0
140.0
140.0
140.0
140.0
141.0
141.0
140.0
140.0
138.0
140.0
136.0
137.0
0
143.0
143.0
141.0
138.0
140.0
138.0
136.0
140.0
140.0
136.0
134.0
133.0
130.0
138.0
140.0
136.0
138.0
140.0
159.0
182.0
182.0
185.0
189.0
158.0
0
132.0
129.0
134.0
141.0
141.0
140.0
136.0
140.0
140.0
140.0
143.0
138.0
140.0
140.0
144.0
136.0
145.0
140.0
140.0
142.0
138.0
129.0
100.0
97.0
97.0
95.0
