0.00  1.92
1.92  7.22
7.22  9.59
9.59  12.55
12.55  14.81
14.81  17.23
17.23  23.36
23.36  30.82
30.82  32.87
32.87  34.62
34.62  38.66
38.66  41.00
41.00  42.88
42.88  45.46
45.46  49.55
49.55  52.05
52.05  57.27
57.27  59.68
59.68  61.48
61.48  65.52
65.52  68.03
68.03  69.44
69.44  70.90
70.90  79.33
79.33  81.83
81.83  84.38
84.38  85.50
85.50  87.88
87.88  88.96
88.96  91.17
91.17  94.14
94.14  97.81
97.81  100.85
100.85  102.48
102.48  105.23
105.23  109.94
109.94  112.15
112.15  113.70
113.70  116.57
116.57  118.45
