0.00  10.89
10.89  11.64
11.64  14.81
14.81  18.14
18.14  20.65
20.65  22.48
22.48  24.32
24.32  25.53
25.53  27.28
27.28  28.86
28.86  42.42
42.42  43.71
43.71  44.38
44.38  45.92
45.92  46.76
46.76  53.34
53.34  57.43
57.43  58.98
58.98  69.07
69.07  72.07
72.07  73.78
73.78  76.41
76.41  80.29
80.29  82.67
82.67  85.13
85.13  86.29
86.29  88.05
88.05  89.63
89.63  90.67
90.67  91.97
91.97  93.93
93.93  100.31
100.31  103.19
103.19  106.31
106.31  110.40
110.40  113.99
113.99  120.20
120.20  124.08
124.08  125.12
125.12  128.00
128.00  128.75
128.75  130.51
130.51  134.72
134.72  140.39
140.39  150.48
150.48  153.70
153.70  156.28
156.28  163.16
163.16  165.08
165.08  168.92
168.92  170.59
170.59  172.17
172.17  188.19
188.19  196.82
196.82  205.75
