0.00  109.32
109.32  123.67
123.67  128.46
128.46  130.09
130.09  132.38
132.38  133.22
133.22  136.01
136.01  136.64
136.64  143.48
143.48  145.35
145.35  146.65
146.65  147.65
147.65  149.02
149.02  149.69
149.69  153.11
153.11  156.16
156.16  159.45
159.45  164.66
164.66  166.21
166.21  167.75
167.75  169.79
169.79  170.88
170.88  171.92
171.92  172.63
172.63  173.63
173.63  174.84
174.84  176.93
176.93  179.85
179.85  183.18
183.18  184.93
184.93  187.06
187.06  189.06
189.06  198.99
198.99  202.49
202.49  218.72
218.72  236.53
236.53  240.82
