0.00  3.00
3.00  6.92
6.92  10.51
10.51  11.85
11.85  17.56
17.56  19.52
19.52  21.10
21.10  22.40
22.40  25.23
25.23  25.98
25.98  28.11
28.11  29.65
29.65  31.24
31.24  32.24
32.24  33.87
33.87  35.45
35.45  36.95
36.95  39.00
39.00  39.75
39.75  41.04
41.04  41.92
41.92  44.09
44.09  46.13
46.13  50.43
50.43  52.55
52.55  54.68
54.68  55.39
55.39  57.22
57.22  59.35
59.35  60.69
60.69  64.15
64.15  65.02
65.02  66.90
66.90  68.74
68.74  69.99
69.99  70.74
70.74  71.36
71.36  72.95
72.95  77.91
77.91  79.83
79.83  86.67
86.67  88.88
88.88  91.63
91.63  101.89
101.89  109.94
109.94  118.79
118.79  121.54
121.54  130.51
130.51  133.97
133.97  137.18
137.18  138.72
138.72  139.89
139.89  140.89
140.89  142.31
142.31  143.94
143.94  144.89
144.89  146.81
146.81  149.57
149.57  151.48
151.48  152.61
152.61  154.32
154.32  155.28
155.28  157.12
157.12  158.16
158.16  159.99
159.99  162.12
