0.00  0.92
0.92  15.52
15.52  18.69
18.69  22.86
22.86  23.86
23.86  28.24
28.24  29.36
29.36  32.82
32.82  36.24
36.24  37.91
37.91  38.66
38.66  40.87
40.87  42.46
42.46  44.38
44.38  45.67
45.67  47.05
47.05  47.76
47.76  48.51
48.51  49.47
49.47  51.63
51.63  59.48
59.48  60.27
60.27  61.35
61.35  69.78
69.78  70.57
70.57  74.82
74.82  80.21
80.21  82.79
82.79  85.67
85.67  86.67
86.67  88.30
88.30  90.84
90.84  92.18
92.18  93.09
93.09  94.09
94.09  96.85
96.85  98.06
98.06  103.23
103.23  104.31
104.31  111.86
111.86  117.66
117.66  120.41
120.41  122.25
122.25  125.12
125.12  126.50
126.50  127.38
127.38  130.05
130.05  134.30
134.30  137.14
137.14  139.18
139.18  140.47
140.47  153.65
153.65  154.32
154.32  157.87
157.87  160.95
160.95  161.66
161.66  164.75
164.75  165.87
165.87  170.04
170.04  171.84
171.84  174.17
174.17  175.05
175.05  178.64
178.64  181.22
181.22  184.73
184.73  187.98
187.98  190.11
190.11  192.19
192.19  194.07
194.07  195.28
195.28  196.74
196.74  197.74
197.74  202.16
202.16  204.50
