0.00  9.09
9.09  12.60
12.60  15.22
15.22  17.98
17.98  19.64
19.64  21.48
21.48  23.27
23.27  25.57
25.57  27.28
27.28  29.28
29.28  30.20
30.20  31.11
31.11  31.74
31.74  35.41
35.41  36.08
36.08  37.12
37.12  37.83
37.83  38.54
38.54  39.25
39.25  40.00
40.00  41.08
41.08  42.67
42.67  44.84
44.84  45.75
45.75  46.84
46.84  47.55
47.55  48.38
48.38  49.76
49.76  51.51
51.51  53.85
53.85  54.80
54.80  58.64
58.64  60.02
60.02  61.85
61.85  63.81
63.81  66.07
66.07  67.82
67.82  69.57
69.57  71.82
71.82  74.28
74.28  78.66
78.66  85.71
85.71  87.09
87.09  89.92
89.92  93.05
93.05  98.01
98.01  102.35
102.35  106.44
106.44  109.19
