0.00  12.76
12.76  19.89
19.89  29.61
29.61  30.86
30.86  35.70
35.70  37.58
37.58  43.46
43.46  45.30
45.30  46.88
46.88  50.68
50.68  51.34
51.34  55.89
55.89  58.22
58.22  60.64
60.64  62.48
62.48  65.40
65.40  66.11
66.11  68.44
68.44  72.53
72.53  73.36
73.36  74.82
74.82  77.08
77.08  78.54
78.54  79.16
79.16  80.66
80.66  81.41
81.41  88.09
88.09  94.01
94.01  96.85
96.85  98.56
98.56  101.23
101.23  104.90
104.90  105.77
105.77  108.27
108.27  110.40
110.40  111.24
111.24  114.24
114.24  115.57
115.57  116.66
116.66  118.62
118.62  120.75
120.75  122.46
122.46  123.87
123.87  124.87
124.87  126.84
126.84  129.25
129.25  133.30
133.30  134.26
134.26  136.43
136.43  138.10
138.10  139.72
139.72  145.44
145.44  146.10
146.10  148.73
148.73  150.15
150.15  152.11
152.11  160.58
160.58  161.41
161.41  164.50
164.50  168.08
168.08  172.09
172.09  177.14
177.14  179.01
179.01  180.31
180.31  182.31
182.31  186.23
186.23  187.65
187.65  189.61
189.61  197.74
197.74  200.83
200.83  201.49
201.49  202.49
202.49  204.62
204.62  208.29
208.29  210.29
210.29  216.17
216.17  217.80
217.80  222.72
222.72  223.81
223.81  226.73
226.73  241.95
241.95  243.83
