0.00  7.09
7.09  9.84
9.84  12.60
12.60  19.69
19.69  21.90
21.90  24.61
24.61  25.65
25.65  27.44
27.44  29.95
29.95  30.82
30.82  33.49
33.49  35.20
35.20  36.66
36.66  38.37
38.37  40.08
40.08  40.87
40.87  44.38
44.38  48.21
48.21  68.03
68.03  69.40
69.40  71.86
71.86  73.66
73.66  82.83
82.83  86.42
86.42  88.30
88.30  92.84
92.84  94.22
94.22  96.68
96.68  100.89
100.89  104.73
104.73  111.44
111.44  117.45
117.45  121.87
121.87  125.17
125.17  130.88
130.88  136.68
136.68  138.26
138.26  139.85
139.85  149.15
149.15  153.44
153.44  155.70
155.70  157.41
157.41  159.74
159.74  161.70
161.70  163.62
163.62  167.21
167.21  169.04
169.04  171.55
171.55  176.22
176.22  192.11
192.11  196.53
196.53  201.99
201.99  206.83
206.83  207.54
207.54  208.79
208.79  209.88
209.88  211.59
211.59  213.17
213.17  217.22
217.22  218.59
218.59  223.68
223.68  225.27
225.27  227.02
227.02  228.85
228.85  229.98
229.98  231.06
231.06  232.61
