0.00  1.13
1.13  6.55
6.55  9.22
9.22  10.30
10.30  14.26
14.26  16.47
16.47  19.02
19.02  21.94
21.94  23.98
23.98  25.11
25.11  26.86
26.86  28.49
28.49  32.53
32.53  33.49
33.49  35.54
35.54  37.41
37.41  40.71
40.71  41.67
41.67  45.38
45.38  48.30
48.30  49.59
49.59  50.30
50.30  51.63
51.63  54.14
54.14  55.97
55.97  57.06
57.06  58.22
58.22  60.44
60.44  61.27
61.27  62.02
62.02  62.98
62.98  64.98
64.98  66.65
66.65  69.15
69.15  75.16
75.16  77.41
77.41  81.75
81.75  105.44
105.44  109.19
109.19  111.61
111.61  113.28
