0.00  2.46
2.46  3.46
3.46  4.34
4.34  6.21
6.21  9.05
9.05  10.80
10.80  12.47
12.47  13.26
13.26  16.47
16.47  17.52
17.52  18.94
18.94  20.94
20.94  21.60
21.60  23.86
23.86  24.65
24.65  25.44
25.44  26.48
26.48  27.19
27.19  32.12
32.12  33.07
33.07  33.87
33.87  36.45
36.45  39.54
39.54  40.46
40.46  42.17
42.17  43.59
43.59  45.63
45.63  46.34
46.34  48.51
48.51  49.67
49.67  50.55
50.55  57.72
57.72  59.56
59.56  62.15
62.15  65.40
65.40  66.40
66.40  67.03
67.03  68.65
68.65  69.44
69.44  70.11
70.11  71.03
71.03  72.61
72.61  79.62
79.62  80.91
80.91  83.29
83.29  84.92
84.92  90.42
90.42  93.89
93.89  94.80
