0.00  13.43
13.43  23.82
23.82  29.86
29.86  38.41
38.41  39.21
39.21  40.12
40.12  43.42
43.42  44.17
44.17  59.14
59.14  60.48
60.48  68.19
68.19  70.03
70.03  71.86
71.86  72.99
72.99  93.43
93.43  98.14
98.14  102.64
102.64  103.48
103.48  104.31
104.31  105.31
105.31  115.07
115.07  119.87
119.87  123.12
123.12  129.55
129.55  131.05
131.05  132.67
132.67  134.72
134.72  142.89
142.89  143.73
143.73  146.10
146.10  148.57
148.57  152.36
152.36  155.36
155.36  157.37
157.37  158.32
158.32  162.00
162.00  171.21
171.21  174.84
