0.00  0.96
0.96  7.76
7.76  10.68
10.68  16.02
16.02  19.27
19.27  27.24
27.24  28.45
28.45  42.79
42.79  44.88
44.88  48.30
48.30  49.67
49.67  54.43
54.43  58.98
58.98  64.40
64.40  66.69
66.69  72.78
72.78  76.70
76.70  78.79
78.79  94.59
94.59  95.47
95.47  99.64
99.64  104.15
104.15  107.82
107.82  110.11
110.11  114.03
114.03  116.24
116.24  131.88
131.88  136.59
136.59  141.47
141.47  154.86
154.86  162.66
162.66  173.26
173.26  181.56
181.56  195.90
195.90  200.66
200.66  206.54
206.54  208.42
