0.00  3.34
3.34  7.51
7.51  11.01
11.01  16.52
16.52  19.19
19.19  22.27
22.27  25.78
25.78  28.24
28.24  30.74
30.74  35.99
35.99  41.04
41.04  44.46
44.46  49.51
49.51  53.34
53.34  58.43
58.43  62.19
62.19  66.65
66.65  71.49
71.49  74.74
74.74  77.87
77.87  80.29
80.29  82.46
82.46  88.00
88.00  90.30
90.30  92.72
92.72  95.68
95.68  100.35
100.35  105.19
105.19  106.98
106.98  108.61
108.61  111.15
111.15  113.82
113.82  117.49
117.49  122.58
122.58  124.54
124.54  129.46
129.46  132.59
132.59  135.43
135.43  139.68
139.68  144.02
144.02  152.15
152.15  153.95
