0.00  1.29
1.29  126.08
126.08  128.42
128.42  167.04
167.04  192.28
192.28  198.24
198.24  205.04
205.04  207.21
207.21  208.92
208.92  210.75
210.75  213.71
213.71  215.42
215.42  216.72
216.72  220.22
220.22  222.10
222.10  223.31
223.31  226.64
226.64  228.52
228.52  230.19
230.19  232.15
232.15  232.86
232.86  234.11
234.11  237.61
237.61  241.03
241.03  244.54
244.54  254.50
254.50  257.09
257.09  259.30
259.30  261.26
261.26  263.14
263.14  265.47
265.47  268.23
268.23  270.56
270.56  273.11
273.11  275.40
275.40  276.44
276.44  278.49
278.49  280.82
280.82  283.53
283.53  291.29
291.29  294.63
