0.00  1.54
1.54  3.00
3.00  7.59
7.59  9.17
9.17  11.84
11.84  15.60
15.60  26.15
26.15  27.73
27.73  30.07
30.07  30.82
30.82  31.65
31.65  34.65
34.65  37.45
37.45  41.45
41.45  43.54
43.54  45.66
45.66  51.04
51.04  54.63
54.63  64.14
64.14  67.51
67.51  86.65
86.65  92.70
92.70  93.87
93.87  95.20
95.20  97.25
97.25  124.10
124.10  136.23
136.23  143.28
143.28  148.91
148.91  153.42
153.42  159.80
159.80  168.59
168.59  172.01
172.01  175.31
175.31  184.69
184.69  186.86
186.86  190.36
190.36  193.91
193.91  196.07
196.07  206.33
206.33  208.04
208.04  210.17
210.17  212.92
212.92  215.30
215.30  216.59
