0.00  0.79
0.79  1.75
1.75  3.21
3.21  5.80
5.80  6.67
6.67  7.42
7.42  8.43
8.43  10.64
10.64  11.72
11.72  13.18
13.18  15.10
15.10  17.64
17.64  18.73
18.73  27.40
27.40  30.74
30.74  33.95
33.95  36.41
36.41  40.83
40.83  41.83
41.83  42.46
42.46  45.59
45.59  47.17
47.17  48.59
48.59  51.89
51.89  54.14
54.14  56.68
56.68  60.02
60.02  61.60
61.60  62.60
62.60  65.36
65.36  67.69
67.69  68.65
68.65  69.99
69.99  71.65
71.65  74.53
74.53  76.20
76.20  80.91
80.91  83.88
83.88  87.25
87.25  90.13
90.13  94.64
94.64  106.44
106.44  109.90
109.90  115.49
115.49  122.12
122.12  127.09
127.09  129.88
129.88  140.06
140.06  143.31
143.31  149.36
149.36  150.28
150.28  151.19
151.19  160.03
160.03  160.66
160.66  162.20
162.20  169.67
169.67  171.84
171.84  177.59
177.59  180.22
180.22  182.43
182.43  185.27
185.27  188.44
188.44  191.19
191.19  192.73
192.73  194.99
194.99  195.74
195.74  196.45
196.45  197.61
197.61  200.33
200.33  203.54
