0.00  0.88
0.88  3.55
3.55  4.21
4.21  18.89
18.89  21.69
21.69  23.98
23.98  28.49
28.49  29.32
29.32  30.66
30.66  39.87
39.87  40.79
40.79  42.71
42.71  49.42
49.42  51.09
51.09  55.81
55.81  63.15
63.15  72.74
72.74  75.70
75.70  77.12
77.12  79.33
79.33  80.91
80.91  82.46
82.46  86.25
86.25  88.30
88.30  90.38
90.38  94.51
94.51  99.39
99.39  105.56
105.56  107.86
107.86  109.65
109.65  111.19
111.19  113.15
113.15  116.07
116.07  117.66
117.66  119.12
119.12  119.83
119.83  120.79
120.79  122.41
122.41  123.08
123.08  124.54
124.54  125.25
125.25  126.63
126.63  128.25
128.25  128.96
128.96  129.71
129.71  131.13
131.13  132.26
132.26  134.93
134.93  135.89
135.89  138.43
138.43  141.31
141.31  143.39
143.39  144.94
144.94  146.19
146.19  147.31
147.31  149.86
149.86  151.61
151.61  152.40
152.40  153.44
