0.00  1.50
1.50  2.67
2.67  5.92
5.92  7.34
7.34  9.51
9.51  10.97
10.97  13.22
13.22  14.81
14.81  15.56
15.56  16.39
16.39  18.56
18.56  19.52
19.52  20.44
20.44  21.56
21.56  23.73
23.73  26.53
26.53  27.90
27.90  29.45
29.45  31.99
31.99  35.58
35.58  37.79
37.79  38.62
38.62  39.50
39.50  40.58
40.58  41.75
41.75  43.42
43.42  44.29
44.29  45.00
45.00  46.80
46.80  48.55
48.55  50.84
50.84  56.06
56.06  57.06
57.06  57.72
57.72  58.60
58.60  60.48
60.48  62.35
62.35  66.02
66.02  67.32
67.32  68.03
68.03  69.07
69.07  70.57
70.57  71.74
71.74  75.87
75.87  77.41
77.41  78.95
78.95  80.08
80.08  81.08
81.08  84.58
84.58  88.59
88.59  90.51
90.51  92.59
92.59  93.51
93.51  94.89
94.89  96.89
96.89  97.97
97.97  99.47
99.47  100.73
100.73  101.64
101.64  102.31
102.31  103.77
103.77  104.94
104.94  105.77
105.77  107.48
107.48  108.57
108.57  109.53
109.53  112.03
112.03  112.86
112.86  114.16
114.16  114.99
114.99  116.99
116.99  117.70
117.70  118.49
118.49  123.75
123.75  125.25
125.25  126.46
126.46  127.54
127.54  128.67
128.67  130.46
130.46  131.51
131.51  135.39
135.39  138.97
138.97  143.27
143.27  145.23
145.23  146.60
146.60  149.07
149.07  152.24
152.24  156.66
156.66  161.95
161.95  163.79
163.79  166.33
166.33  168.67
168.67  169.71
169.71  175.55
175.55  176.72
176.72  179.01
