0.00  9.55
9.55  11.85
11.85  16.14
16.14  20.52
20.52  22.56
22.56  23.90
23.90  25.02
25.02  26.28
26.28  32.66
32.66  39.58
39.58  41.62
41.62  46.96
46.96  52.05
52.05  53.89
53.89  57.02
57.02  62.27
62.27  63.94
63.94  66.15
66.15  68.86
68.86  70.65
70.65  71.70
71.70  73.41
73.41  76.12
76.12  77.62
77.62  83.71
83.71  94.47
94.47  103.90
103.90  106.44
106.44  109.82
109.82  113.82
113.82  119.91
119.91  129.84
129.84  137.47
137.47  140.35
140.35  142.39
142.39  143.81
143.81  146.06
146.06  150.53
150.53  177.01
177.01  178.85
178.85  180.14
180.14  183.64
183.64  185.10
185.10  189.94
