0.00  6.72
6.72  8.80
8.80  13.35
13.35  16.81
16.81  18.02
18.02  23.86
23.86  25.78
25.78  32.95
32.95  34.87
34.87  36.04
36.04  37.20
37.20  38.54
38.54  39.50
39.50  40.50
40.50  46.84
46.84  50.97
50.97  53.55
53.55  54.76
54.76  55.68
55.68  56.64
56.64  59.14
59.14  61.73
61.73  63.69
63.69  65.57
65.57  67.32
67.32  71.74
71.74  76.37
76.37  77.41
77.41  78.62
78.62  80.04
80.04  81.83
81.83  83.29
83.29  122.50
122.50  129.96
129.96  180.26
180.26  181.97
181.97  186.81
186.81  188.23
188.23  190.57
190.57  199.28
199.28  205.33
205.33  209.96
209.96  214.88
214.88  217.76
217.76  219.84
219.84  222.14
222.14  237.61
237.61  242.41
242.41  248.25
248.25  250.33
