0.00  7.92
7.92  11.39
11.39  24.27
24.27  47.71
47.71  50.26
50.26  53.89
53.89  57.31
57.31  62.52
62.52  76.33
76.33  78.45
78.45  88.76
88.76  92.59
92.59  98.77
98.77  103.23
103.23  109.15
109.15  112.40
112.40  113.86
113.86  123.16
123.16  126.63
126.63  127.84
127.84  128.75
128.75  130.05
130.05  137.64
137.64  149.32
149.32  158.99
158.99  161.41
161.41  172.30
172.30  177.84
177.84  180.60
180.60  182.18
182.18  185.56
185.56  187.98
187.98  190.86
190.86  192.73
192.73  195.90
195.90  198.62
198.62  204.08
204.08  209.21
209.21  210.92
210.92  212.30
212.30  214.30
214.30  216.22
216.22  221.01
