0.00  0.75
0.75  3.13
3.13  4.42
4.42  6.13
6.13  7.22
7.22  13.18
13.18  13.85
13.85  15.68
15.68  17.81
17.81  19.44
19.44  21.44
21.44  22.06
22.06  23.40
23.40  24.82
24.82  37.54
37.54  43.54
43.54  47.05
47.05  48.17
48.17  50.38
50.38  52.30
52.30  53.97
53.97  60.94
60.94  62.77
62.77  79.12
79.12  81.83
81.83  83.46
83.46  85.42
85.42  89.05
89.05  91.72
91.72  97.35
97.35  100.93
100.93  103.69
103.69  104.69
104.69  108.82
108.82  121.04
121.04  122.46
122.46  123.75
123.75  125.29
125.29  130.17
130.17  133.01
133.01  137.60
137.60  141.22
141.22  143.77
143.77  145.81
145.81  147.56
147.56  150.11
150.11  153.78
153.78  154.53
154.53  157.45
157.45  158.24
158.24  159.45
159.45  161.37
161.37  162.16
162.16  163.25
163.25  164.04
164.04  165.04
165.04  167.17
167.17  168.42
168.42  170.34
170.34  171.71
171.71  172.38
172.38  173.55
173.55  174.38
174.38  175.80
175.80  176.76
176.76  178.51
178.51  179.89
179.89  180.68
180.68  184.64
184.64  190.11
190.11  191.32
191.32  193.07
193.07  196.86
196.86  199.45
199.45  205.75
205.75  208.71
208.71  210.46
210.46  214.92
214.92  217.97
217.97  220.05
220.05  223.39
223.39  224.77
224.77  225.81
225.81  226.81
226.81  228.14
228.14  229.90
229.90  230.52
230.52  231.31
231.31  232.27
232.27  234.23
234.23  235.78
235.78  237.99
