0.00  1.25
1.25  2.04
2.04  5.38
5.38  7.09
7.09  7.80
7.80  8.55
8.55  10.59
10.59  11.97
11.97  15.39
15.39  16.89
16.89  17.52
17.52  18.18
18.18  19.31
19.31  22.90
22.90  25.78
25.78  27.94
27.94  29.24
29.24  30.24
30.24  32.20
32.20  33.12
33.12  34.03
34.03  34.87
34.87  38.16
38.16  43.88
43.88  48.84
48.84  49.55
49.55  50.84
50.84  52.26
52.26  53.55
53.55  55.01
55.01  56.06
56.06  58.10
58.10  59.06
59.06  60.77
60.77  62.19
62.19  64.27
64.27  65.11
65.11  66.07
66.07  67.07
67.07  70.53
70.53  71.45
71.45  72.57
72.57  78.66
78.66  80.29
80.29  86.92
86.92  90.01
90.01  91.63
91.63  94.22
94.22  95.26
95.26  96.43
96.43  98.01
98.01  99.06
99.06  102.94
102.94  104.52
104.52  106.48
106.48  109.03
