0.00  1.38
1.38  3.63
3.63  8.05
8.05  10.93
10.93  17.64
17.64  18.56
18.56  20.02
20.02  21.15
21.15  23.40
23.40  25.15
25.15  40.25
40.25  41.33
41.33  44.54
44.54  46.92
46.92  48.21
48.21  50.88
50.88  52.22
52.22  54.64
54.64  57.72
57.72  59.73
59.73  66.61
66.61  70.95
70.95  73.53
73.53  76.49
76.49  80.12
80.12  84.50
84.50  86.17
86.17  88.13
88.13  88.92
88.92  90.72
90.72  94.97
94.97  98.56
98.56  101.06
101.06  109.23
109.23  111.03
111.03  112.95
112.95  124.67
124.67  131.21
131.21  142.48
142.48  157.16
157.16  160.99
160.99  162.12
162.12  163.71
163.71  168.59
168.59  175.22
175.22  179.60
179.60  181.18
181.18  182.97
182.97  184.81
