0.00  1.00
1.00  3.75
3.75  5.13
5.13  6.34
6.34  10.55
10.55  14.72
14.72  18.14
18.14  19.81
19.81  22.90
22.90  24.90
24.90  25.82
25.82  29.15
29.15  34.45
34.45  36.20
36.20  37.91
37.91  46.50
46.50  47.92
47.92  51.01
51.01  52.34
52.34  55.39
55.39  59.23
59.23  61.94
61.94  65.32
65.32  68.28
68.28  72.11
72.11  75.45
75.45  77.37
77.37  78.75
78.75  79.66
79.66  81.08
81.08  90.17
90.17  91.80
91.80  93.26
93.26  95.76
95.76  97.51
97.51  99.52
99.52  109.53
109.53  114.74
114.74  117.66
117.66  120.54
120.54  127.46
127.46  131.67
131.67  134.68
134.68  137.47
137.47  142.56
142.56  143.35
143.35  147.52
147.52  148.40
148.40  150.57
150.57  153.82
153.82  155.53
155.53  157.53
157.53  159.74
159.74  162.54
162.54  163.83
163.83  165.75
165.75  168.67
168.67  176.51
176.51  198.62
198.62  202.91
202.91  204.04
204.04  206.29
206.29  208.04
208.04  224.97
224.97  232.36
232.36  256.26
256.26  261.47
261.47  292.17
