0.00  2.38
2.38  3.63
3.63  6.09
6.09  10.68
10.68  11.89
11.89  13.10
13.10  14.01
14.01  18.69
18.69  20.60
20.60  22.02
22.02  23.27
23.27  24.07
24.07  25.23
25.23  26.94
26.94  28.19
28.19  29.45
29.45  30.16
30.16  31.95
31.95  33.58
33.58  36.04
36.04  38.37
38.37  40.00
40.00  41.88
41.88  45.59
45.59  46.80
46.80  49.26
49.26  50.30
50.30  53.64
53.64  55.10
55.10  58.73
58.73  60.89
60.89  63.27
63.27  64.90
64.90  66.32
66.32  67.98
67.98  69.32
69.32  71.65
71.65  74.32
74.32  79.04
79.04  82.50
82.50  86.50
86.50  87.50
87.50  88.84
88.84  96.85
96.85  102.89
102.89  104.69
104.69  108.61
108.61  118.79
118.79  121.58
121.58  124.29
124.29  130.71
130.71  138.85
138.85  140.22
140.22  145.02
145.02  146.86
