0.00  5.84
5.84  8.51
8.51  16.22
16.22  20.06
20.06  28.95
28.95  31.36
31.36  38.29
38.29  44.59
44.59  46.25
46.25  47.88
47.88  63.44
63.44  64.81
64.81  66.65
66.65  71.91
71.91  74.45
74.45  75.53
75.53  76.95
76.95  78.29
78.29  81.41
81.41  88.42
88.42  93.22
93.22  99.89
99.89  102.27
102.27  104.06
104.06  107.19
107.19  108.44
108.44  109.78
109.78  118.41
118.41  119.12
119.12  120.08
120.08  123.29
123.29  124.62
124.62  127.50
127.50  131.46
131.46  134.43
134.43  148.98
148.98  159.08
159.08  160.29
160.29  162.37
162.37  164.00
164.00  165.62
165.62  169.04
169.04  170.38
170.38  172.09
172.09  175.76
175.76  179.10
179.10  182.18
182.18  184.10
184.10  185.94
185.94  187.65
187.65  198.53
198.53  211.88
211.88  213.50
213.50  216.59
216.59  218.80
218.80  232.32
232.32  242.12
242.12  243.83
243.83  245.79
