0.00  0.71
0.71  2.17
2.17  3.46
3.46  4.25
4.25  5.38
5.38  7.55
7.55  9.01
9.01  14.14
14.14  15.14
15.14  17.56
17.56  18.77
18.77  22.48
22.48  23.61
23.61  28.40
28.40  41.96
41.96  47.21
47.21  47.88
47.88  50.18
50.18  53.14
53.14  54.18
54.18  55.56
55.56  57.93
57.93  59.06
59.06  60.27
60.27  61.56
61.56  63.15
63.15  67.03
67.03  67.65
67.65  68.32
68.32  69.19
69.19  71.45
71.45  74.53
74.53  75.74
75.74  79.00
79.00  84.38
84.38  85.00
85.00  88.25
88.25  89.17
89.17  90.38
90.38  100.43
100.43  107.23
107.23  108.69
108.69  110.40
110.40  111.32
111.32  118.79
118.79  120.79
120.79  122.25
122.25  124.08
124.08  132.38
132.38  133.09
133.09  146.31
146.31  148.44
148.44  160.29
160.29  163.91
163.91  165.29
165.29  171.75
171.75  175.34
175.34  179.85
179.85  181.47
181.47  183.14
183.14  184.31
184.31  186.14
186.14  187.23
187.23  189.98
189.98  191.44
191.44  194.53
194.53  195.65
195.65  196.99
196.99  197.99
197.99  199.45
199.45  200.12
200.12  202.20
202.20  204.33
204.33  205.12
205.12  206.25
206.25  209.50
209.50  211.00
211.00  214.38
214.38  216.47
216.47  220.60
220.60  222.81
222.81  224.68
224.68  226.52
226.52  232.94
232.94  248.71
248.71  250.46
250.46  251.50
251.50  253.13
253.13  254.92
254.92  257.55
257.55  258.47
258.47  262.72
262.72  264.06
264.06  270.10
