0.00  2.71
2.71  5.46
5.46  10.14
10.14  11.93
11.93  15.85
15.85  19.85
19.85  24.69
24.69  27.53
27.53  31.24
31.24  32.87
32.87  41.62
41.62  44.42
44.42  46.00
46.00  49.97
49.97  56.81
56.81  59.56
59.56  66.32
66.32  70.95
70.95  73.03
73.03  76.70
76.70  82.21
82.21  95.26
95.26  96.43
96.43  113.95
113.95  116.07
116.07  117.37
117.37  123.50
123.50  124.92
124.92  128.50
128.50  131.59
131.59  139.81
139.81  140.60
140.60  141.52
141.52  145.56
145.56  147.81
147.81  150.28
150.28  153.24
153.24  154.86
154.86  155.49
155.49  156.53
156.53  162.00
162.00  164.87
164.87  166.50
166.50  168.29
168.29  169.71
169.71  174.76
174.76  177.84
177.84  180.43
180.43  181.56
181.56  191.36
191.36  201.78
201.78  204.70
204.70  206.50
206.50  221.93
221.93  223.85
