0.00  14.35
14.35  34.12
34.12  35.95
35.95  42.00
42.00  55.64
55.64  56.68
56.68  57.89
57.89  63.65
63.65  66.11
66.11  68.19
68.19  69.40
69.40  70.24
70.24  73.74
73.74  75.20
75.20  76.16
76.16  83.00
83.00  86.00
86.00  89.09
89.09  101.60
101.60  114.11
114.11  119.37
119.37  120.41
120.41  122.50
122.50  124.42
124.42  129.63
129.63  131.01
131.01  132.42
132.42  134.22
134.22  140.39
140.39  141.81
141.81  144.27
144.27  147.06
147.06  147.77
147.77  155.45
155.45  156.24
156.24  157.49
157.49  159.53
159.53  165.71
165.71  170.09
170.09  171.25
171.25  172.13
172.13  173.59
173.59  176.55
176.55  177.80
177.80  182.06
182.06  183.93
183.93  185.69
185.69  188.61
188.61  191.23
191.23  192.23
192.23  193.36
193.36  198.11
198.11  199.62
