0.00  6.97
6.97  32.16
32.16  46.63
46.63  48.42
48.42  58.89
58.89  60.85
60.85  79.37
79.37  82.08
82.08  97.14
97.14  99.27
99.27  120.70
120.70  125.46
125.46  136.43
136.43  145.81
145.81  147.81
147.81  150.44
150.44  152.19
152.19  157.87
157.87  160.54
160.54  170.71
170.71  173.26
173.26  178.18
178.18  179.22
179.22  180.64
180.64  182.64
182.64  184.60
184.60  186.39
186.39  189.48
189.48  195.65
195.65  197.45
197.45  198.87
198.87  203.20
203.20  207.58
207.58  209.13
209.13  210.00
