0.00  4.50
4.50  6.59
6.59  11.80
11.80  13.51
13.51  14.93
14.93  18.94
18.94  20.77
20.77  23.65
23.65  32.03
32.03  39.21
39.21  43.63
43.63  46.17
46.17  50.34
50.34  62.60
62.60  65.48
65.48  69.65
69.65  73.03
73.03  77.20
77.20  83.29
83.29  90.67
90.67  103.35
103.35  105.06
105.06  106.56
106.56  109.36
109.36  111.65
111.65  113.15
113.15  115.53
115.53  117.41
117.41  118.49
118.49  123.33
123.33  125.79
125.79  128.67
128.67  131.34
131.34  132.88
132.88  134.80
134.80  137.26
137.26  138.01
138.01  138.97
138.97  141.22
141.22  142.31
142.31  143.52
143.52  144.77
144.77  146.27
146.27  147.65
147.65  149.40
149.40  150.94
150.94  153.03
153.03  161.41
161.41  169.59
169.59  172.09
172.09  173.84
173.84  175.22
175.22  177.97
177.97  179.39
179.39  183.06
183.06  186.48
186.48  192.61
192.61  201.66
201.66  204.16
204.16  208.33
208.33  209.83
209.83  210.96
210.96  214.17
214.17  218.89
218.89  222.26
222.26  227.69
227.69  234.61
234.61  239.20
239.20  241.03
241.03  245.45
245.45  247.16
247.16  250.33
250.33  253.29
253.29  255.17
255.17  257.05
257.05  260.26
260.26  262.85
262.85  267.39
267.39  269.60
269.60  270.48
270.48  271.48
271.48  273.52
273.52  274.19
274.19  278.24
278.24  278.86
