0.00  2.71
2.71  8.13
8.13  11.80
11.80  15.89
15.89  19.31
19.31  31.07
31.07  34.16
34.16  41.46
41.46  44.42
44.42  46.84
46.84  49.22
49.22  51.89
51.89  54.47
54.47  56.60
56.60  60.73
60.73  68.11
68.11  72.28
72.28  75.95
75.95  79.50
79.50  91.88
91.88  97.35
97.35  99.18
99.18  102.77
102.77  109.36
109.36  111.36
111.36  120.58
120.58  127.63
127.63  145.44
145.44  149.82
149.82  153.70
153.70  157.41
157.41  159.28
159.28  162.54
162.54  164.37
164.37  167.67
167.67  170.00
170.00  171.46
171.46  173.42
173.42  179.68
179.68  182.18
182.18  185.77
185.77  187.77
187.77  192.15
192.15  201.20
201.20  202.54
202.54  204.66
204.66  205.37
205.37  208.37
208.37  210.42
210.42  211.25
211.25  212.38
212.38  213.21
213.21  213.88
213.88  215.09
215.09  217.51
217.51  231.11
