0.00  2.92
2.92  4.05
4.05  7.92
7.92  9.97
9.97  10.93
10.93  11.59
11.59  12.55
12.55  13.30
13.30  15.47
15.47  17.14
17.14  17.81
17.81  18.73
18.73  19.89
19.89  21.19
21.19  22.23
22.23  23.86
23.86  25.90
25.90  27.49
27.49  28.78
28.78  30.45
30.45  32.20
32.20  33.99
33.99  34.70
34.70  35.95
35.95  37.20
37.20  37.91
37.91  39.21
39.21  45.09
45.09  45.75
45.75  48.38
48.38  51.09
51.09  51.93
51.93  60.44
60.44  61.90
61.90  62.65
62.65  63.35
63.35  64.77
64.77  66.23
66.23  68.15
68.15  71.82
71.82  73.20
73.20  74.12
74.12  74.95
74.95  76.58
76.58  78.87
78.87  80.37
80.37  82.25
82.25  82.96
82.96  84.38
84.38  86.00
86.00  86.71
86.71  88.80
88.80  89.92
89.92  91.22
91.22  93.18
93.18  94.22
94.22  95.72
95.72  97.22
97.22  97.89
97.89  98.72
98.72  100.14
100.14  101.48
101.48  104.10
104.10  105.40
105.40  106.52
106.52  107.94
107.94  108.61
108.61  109.53
109.53  112.28
112.28  114.36
114.36  115.41
115.41  119.08
119.08  119.79
119.79  120.54
120.54  121.25
121.25  125.63
125.63  126.71
126.71  129.30
129.30  132.63
132.63  133.55
133.55  135.72
135.72  138.35
138.35  139.60
139.60  140.64
140.64  143.77
143.77  144.98
144.98  147.36
147.36  151.11
