0.00  3.88
3.88  6.17
6.17  11.05
11.05  13.76
13.76  16.81
16.81  18.85
18.85  21.56
21.56  23.19
23.19  24.48
24.48  37.16
37.16  59.27
59.27  61.14
61.14  70.24
70.24  72.03
72.03  76.66
76.66  78.12
78.12  82.29
82.29  84.54
84.54  86.80
86.80  92.43
92.43  94.64
94.64  100.73
100.73  103.02
103.02  105.56
105.56  108.36
108.36  111.86
111.86  113.20
113.20  114.11
114.11  117.58
117.58  121.37
121.37  124.71
124.71  129.25
129.25  132.09
132.09  133.05
133.05  135.18
135.18  136.97
136.97  143.73
143.73  146.19
146.19  148.73
148.73  155.70
155.70  157.53
157.53  161.74
161.74  165.46
165.46  169.42
169.42  172.38
172.38  179.30
179.30  183.39
183.39  236.11
236.11  237.90
237.90  240.07
240.07  241.41
241.41  243.20
243.20  244.24
244.24  245.62
245.62  247.79
247.79  264.06
264.06  266.52
266.52  268.56
268.56  274.77
274.77  276.82
276.82  282.74
