0.00  3.42
3.42  6.26
6.26  8.34
8.34  10.09
10.09  30.82
30.82  36.58
36.58  38.20
38.20  41.21
41.21  43.75
43.75  44.96
44.96  50.22
50.22  53.64
53.64  56.56
56.56  59.23
59.23  62.60
62.60  65.19
65.19  66.94
66.94  70.36
70.36  74.99
74.99  77.24
77.24  88.59
88.59  92.47
92.47  110.24
110.24  112.74
112.74  121.75
121.75  125.17
125.17  126.17
126.17  132.51
132.51  134.72
134.72  136.30
136.30  138.97
138.97  143.06
143.06  145.31
145.31  147.44
147.44  153.07
153.07  159.70
159.70  163.87
163.87  173.55
