0.00  2.59
2.59  7.59
7.59  9.55
9.55  15.06
15.06  20.73
20.73  22.81
22.81  27.24
27.24  30.78
30.78  34.53
34.53  37.33
37.33  42.50
42.50  46.67
46.67  50.05
50.05  52.39
52.39  54.93
54.93  57.89
57.89  63.69
63.69  66.52
66.52  67.86
67.86  69.36
69.36  71.32
71.32  76.70
76.70  80.87
80.87  83.54
83.54  86.21
86.21  87.92
87.92  89.71
89.71  91.38
91.38  95.35
95.35  107.61
107.61  109.19
109.19  111.40
111.40  115.78
115.78  119.70
119.70  123.58
123.58  129.34
129.34  132.05
132.05  134.43
134.43  136.05
136.05  137.39
137.39  139.81
139.81  141.18
141.18  142.18
142.18  146.40
146.40  149.36
149.36  153.53
153.53  159.12
159.12  163.87
