0.00  8.26
8.26  15.89
15.89  18.52
18.52  20.15
20.15  21.19
21.19  22.73
22.73  23.98
23.98  29.70
29.70  32.57
32.57  35.08
35.08  40.62
40.62  47.55
47.55  49.01
49.01  58.89
58.89  62.69
62.69  66.07
66.07  69.32
69.32  73.87
73.87  80.91
80.91  83.46
83.46  87.38
87.38  88.84
88.84  94.47
94.47  97.26
97.26  100.52
100.52  102.89
102.89  105.31
105.31  109.78
109.78  111.28
111.28  114.66
114.66  117.95
117.95  119.08
119.08  126.08
126.08  130.92
130.92  134.80
134.80  139.39
139.39  141.64
141.64  144.19
144.19  145.77
145.77  151.73
151.73  152.99
152.99  156.07
156.07  160.16
160.16  164.04
164.04  167.17
167.17  173.13
173.13  174.22
174.22  176.97
176.97  178.22
178.22  182.89
182.89  186.10
186.10  195.07
195.07  200.53
200.53  205.41
205.41  207.54
207.54  208.71
208.71  211.38
211.38  213.13
213.13  214.21
214.21  215.47
215.47  218.34
218.34  219.14
219.14  221.55
221.55  230.23
230.23  231.94
231.94  233.36
233.36  235.32
235.32  240.24
240.24  243.53
243.53  245.95
245.95  248.16
248.16  251.46
251.46  255.00
255.00  261.43
261.43  262.22
