0.00  0.96
0.96  4.84
4.84  8.55
8.55  13.89
13.89  18.35
18.35  24.57
24.57  27.82
27.82  35.70
35.70  44.79
44.79  47.76
47.76  50.47
50.47  51.43
51.43  53.76
53.76  57.68
57.68  72.41
72.41  75.83
75.83  77.08
77.08  78.20
78.20  81.50
81.50  83.12
83.12  85.67
85.67  88.80
88.80  91.42
91.42  95.93
95.93  98.56
98.56  102.10
102.10  103.65
103.65  105.19
105.19  111.15
111.15  113.66
113.66  115.07
115.07  118.08
118.08  120.66
120.66  124.46
124.46  127.21
127.21  129.17
129.17  131.09
131.09  131.97
131.97  133.09
133.09  138.22
138.22  149.61
149.61  160.41
160.41  177.84
177.84  182.52
182.52  184.68
184.68  186.64
186.64  189.52
189.52  192.11
192.11  193.94
193.94  196.53
196.53  209.79
209.79  214.34
214.34  215.21
215.21  216.26
216.26  216.88
216.88  217.80
217.80  220.22
220.22  221.26
221.26  224.35
224.35  245.75
