0.00  0.88
0.88  1.92
1.92  6.34
6.34  10.22
10.22  12.26
12.26  13.47
13.47  15.47
15.47  18.77
18.77  19.64
19.64  21.60
21.60  23.52
23.52  26.99
26.99  34.45
34.45  35.45
35.45  37.58
37.58  41.58
41.58  53.97
53.97  57.39
57.39  61.56
61.56  68.69
68.69  72.86
72.86  75.95
75.95  81.29
81.29  83.33
83.33  86.25
86.25  88.76
88.76  93.22
93.22  99.02
99.02  101.27
101.27  102.52
102.52  103.73
103.73  114.86
114.86  118.99
118.99  124.79
124.79  134.88
134.88  136.14
136.14  152.49
152.49  158.78
158.78  167.58
167.58  171.67
171.67  174.22
174.22  177.22
177.22  180.10
180.10  184.43
184.43  186.27
186.27  188.06
188.06  189.86
189.86  192.11
192.11  194.15
194.15  195.03
195.03  196.03
196.03  198.45
198.45  201.03
201.03  206.08
206.08  212.09
