0.00  4.34
4.34  7.76
7.76  15.35
15.35  18.31
18.31  21.69
21.69  23.27
23.27  30.03
30.03  33.37
33.37  34.08
34.08  38.33
38.33  39.33
39.33  40.25
40.25  44.09
44.09  47.55
47.55  52.89
52.89  61.14
61.14  62.81
62.81  66.02
66.02  83.58
83.58  85.59
85.59  86.29
86.29  100.23
100.23  103.48
103.48  107.94
107.94  110.44
110.44  111.90
111.90  115.07
115.07  117.33
117.33  124.96
124.96  131.46
131.46  139.43
139.43  141.47
141.47  142.52
142.52  144.44
144.44  152.65
152.65  159.78
159.78  162.25
162.25  169.38
169.38  175.84
175.84  182.18
182.18  183.81
183.81  190.57
190.57  193.74
193.74  194.61
194.61  195.65
