0.00  9.88
9.88  14.14
14.14  19.81
19.81  24.44
24.44  27.32
27.32  28.90
28.90  36.62
36.62  39.58
39.58  43.71
43.71  48.05
48.05  49.92
49.92  53.97
53.97  57.68
57.68  58.81
58.81  61.27
61.27  64.90
64.90  67.36
67.36  68.82
68.82  71.15
71.15  72.32
72.32  83.75
83.75  86.59
86.59  89.21
89.21  99.22
99.22  119.04
119.04  123.04
123.04  125.75
125.75  130.63
130.63  132.67
132.67  137.05
137.05  144.44
144.44  146.65
146.65  150.78
150.78  152.03
152.03  158.66
158.66  161.16
161.16  162.87
162.87  164.08
