0.00  1.38
1.38  2.79
2.79  7.34
7.34  10.01
10.01  12.55
12.55  15.22
15.22  17.56
17.56  20.15
20.15  22.11
22.11  24.07
24.07  26.19
26.19  44.42
44.42  47.80
47.80  51.93
51.93  54.10
54.10  56.72
56.72  61.64
61.64  65.02
65.02  69.61
69.61  72.95
72.95  74.82
74.82  78.70
78.70  86.29
86.29  87.96
87.96  88.84
88.84  89.84
89.84  93.55
93.55  96.97
96.97  98.56
98.56  100.31
100.31  102.69
102.69  108.65
108.65  110.44
110.44  115.11
115.11  118.83
118.83  121.12
121.12  125.33
125.33  136.59
136.59  139.47
139.47  150.98
150.98  165.12
165.12  171.84
171.84  173.01
173.01  179.47
179.47  181.01
181.01  182.72
182.72  184.14
184.14  185.94
185.94  188.56
188.56  196.99
196.99  201.12
