0.00  2.54
2.54  5.92
5.92  10.68
10.68  11.76
11.76  13.89
13.89  16.60
16.60  17.85
17.85  19.60
19.60  26.07
26.07  31.91
31.91  52.89
52.89  58.10
58.10  59.35
59.35  66.07
66.07  74.16
74.16  78.75
78.75  80.87
80.87  86.42
86.42  102.35
102.35  116.66
116.66  123.08
123.08  125.75
125.75  127.92
127.92  130.80
130.80  131.51
131.51  132.80
132.80  134.30
134.30  135.43
135.43  140.06
140.06  142.85
142.85  144.56
144.56  146.60
146.60  149.69
149.69  151.15
151.15  153.90
153.90  155.86
155.86  158.91
158.91  159.91
159.91  161.24
161.24  164.54
164.54  165.87
165.87  167.13
167.13  168.38
168.38  172.26
172.26  174.38
174.38  176.59
176.59  179.14
179.14  181.06
181.06  184.52
184.52  188.31
188.31  193.44
193.44  197.91
197.91  203.66
203.66  205.58
