0.00  1.17
1.17  3.04
3.04  3.92
3.92  28.53
28.53  30.53
30.53  34.45
34.45  35.91
35.91  37.91
37.91  41.88
41.88  43.04
43.04  50.51
50.51  63.98
63.98  65.94
65.94  69.65
69.65  70.82
70.82  72.95
72.95  73.66
73.66  76.20
76.20  77.83
77.83  78.79
78.79  79.62
79.62  82.04
82.04  84.21
84.21  86.04
86.04  87.42
87.42  90.34
90.34  91.93
91.93  97.01
97.01  97.89
97.89  101.23
101.23  102.19
102.19  104.40
104.40  106.40
106.40  116.32
116.32  119.91
119.91  124.71
124.71  129.00
129.00  131.38
131.38  133.17
133.17  140.56
140.56  142.52
142.52  143.77
143.77  145.85
145.85  147.81
147.81  148.94
148.94  154.24
154.24  156.74
156.74  160.41
160.41  162.62
162.62  163.66
163.66  167.25
167.25  171.13
171.13  172.13
172.13  176.51
176.51  177.89
177.89  179.35
179.35  181.35
181.35  182.56
182.56  183.52
183.52  184.68
184.68  186.56
186.56  187.19
187.19  187.81
