0.00  4.17
4.17  6.63
6.63  11.14
11.14  14.26
14.26  16.52
16.52  21.60
21.60  27.32
27.32  28.61
28.61  30.20
30.20  33.78
33.78  34.99
34.99  37.75
37.75  40.37
40.37  43.29
43.29  44.42
44.42  46.21
46.21  48.47
48.47  54.05
54.05  60.60
60.60  65.15
65.15  68.65
68.65  80.41
80.41  83.92
83.92  85.34
85.34  86.54
86.54  89.17
89.17  91.67
91.67  93.59
93.59  95.85
95.85  101.27
101.27  103.10
103.10  103.85
103.85  105.23
105.23  107.27
107.27  108.23
108.23  109.28
109.28  110.82
110.82  115.37
115.37  117.95
117.95  119.29
119.29  125.71
125.71  126.79
126.79  128.92
128.92  130.09
130.09  132.38
132.38  136.55
136.55  138.56
138.56  143.85
143.85  151.73
151.73  157.03
157.03  160.49
160.49  161.45
161.45  162.58
162.58  163.75
163.75  165.79
165.79  167.04
167.04  168.54
168.54  169.42
169.42  170.30
170.30  174.17
174.17  175.47
175.47  178.01
178.01  179.80
179.80  181.81
181.81  190.73
190.73  195.32
195.32  196.36
196.36  197.16
197.16  197.99
197.99  199.45
199.45  201.95
201.95  204.62
204.62  208.37
208.37  210.59
210.59  212.05
212.05  217.68
217.68  219.64
219.64  221.14
221.14  222.72
222.72  237.53
237.53  240.32
240.32  246.33
246.33  248.67
