0.00  2.46
2.46  5.26
5.26  8.01
8.01  9.43
9.43  11.26
11.26  12.76
12.76  14.01
14.01  15.85
15.85  29.82
29.82  32.24
32.24  42.25
42.25  48.05
48.05  54.51
54.51  61.31
61.31  62.73
62.73  64.06
64.06  68.40
68.40  70.49
70.49  71.82
71.82  74.32
74.32  78.62
78.62  81.29
81.29  82.46
82.46  83.96
83.96  84.75
84.75  85.59
85.59  86.63
86.63  88.71
88.71  90.72
90.72  95.89
95.89  96.93
96.93  99.93
99.93  103.98
103.98  106.06
106.06  108.27
108.27  112.49
112.49  117.53
117.53  122.54
122.54  127.96
127.96  131.97
131.97  134.51
134.51  136.55
136.55  140.64
140.64  148.19
148.19  149.32
149.32  160.16
160.16  175.72
175.72  182.14
182.14  186.23
186.23  194.44
194.44  203.45
203.45  204.70
204.70  206.79
206.79  211.75
211.75  217.05
217.05  218.68
218.68  225.77
225.77  232.40
232.40  235.11
235.11  250.38
250.38  267.10
