0.00  28.03
28.03  29.61
29.61  30.57
30.57  31.74
31.74  33.28
33.28  34.91
34.91  35.70
35.70  40.12
40.12  41.17
41.17  43.88
43.88  46.96
46.96  49.80
49.80  56.06
56.06  68.15
68.15  73.74
73.74  74.45
74.45  81.66
81.66  86.50
86.50  88.51
88.51  91.05
91.05  93.47
93.47  97.47
97.47  102.10
102.10  104.65
104.65  108.98
108.98  110.49
110.49  112.82
112.82  114.53
114.53  119.87
119.87  140.93
140.93  156.41
156.41  159.87
159.87  162.87
162.87  170.04
170.04  177.22
177.22  178.80
178.80  180.81
180.81  183.68
183.68  189.40
189.40  192.78
192.78  196.24
196.24  206.46
206.46  212.34
212.34  219.51
219.51  221.05
221.05  228.02
228.02  229.10
229.10  229.31
