0.00  2.63
2.63  6.97
6.97  7.59
7.59  11.14
11.14  11.89
11.89  14.47
14.47  15.85
15.85  28.86
28.86  30.07
30.07  31.07
31.07  32.87
32.87  36.83
36.83  40.12
40.12  41.96
41.96  44.96
44.96  48.84
48.84  51.22
51.22  51.84
51.84  53.05
53.05  56.22
56.22  58.98
58.98  63.31
63.31  65.02
65.02  65.82
65.82  67.90
67.90  69.24
69.24  73.28
73.28  79.95
79.95  83.12
83.12  85.88
85.88  87.71
87.71  89.09
89.09  91.51
91.51  109.73
109.73  111.82
111.82  114.70
114.70  115.62
115.62  116.49
116.49  117.49
117.49  118.20
118.20  120.41
120.41  123.29
123.29  123.96
123.96  129.92
129.92  130.88
130.88  132.51
132.51  140.39
140.39  142.77
142.77  145.06
145.06  146.35
146.35  152.49
152.49  156.11
156.11  158.07
158.07  160.54
160.54  162.91
