0.00  7.13
7.13  8.17
8.17  27.11
27.11  40.29
40.29  42.38
42.38  49.42
49.42  51.51
51.51  54.51
54.51  55.72
55.72  57.22
57.22  59.14
59.14  61.14
61.14  62.10
62.10  64.36
64.36  69.03
69.03  74.87
74.87  99.47
99.47  100.56
100.56  101.94
101.94  103.60
103.60  105.23
105.23  106.02
106.02  107.98
107.98  117.41
117.41  136.43
136.43  139.10
139.10  147.90
147.90  168.04
168.04  181.35
181.35  184.23
184.23  186.06
186.06  186.77
186.77  187.44
187.44  191.15
191.15  193.15
193.15  205.16
205.16  206.83
206.83  208.25
208.25  210.08
210.08  210.92
210.92  212.09
212.09  213.38
213.38  214.17
214.17  216.84
216.84  217.97
217.97  221.14
