0.00  2.13
2.13  4.38
4.38  7.80
7.80  11.09
11.09  12.85
12.85  14.31
14.31  29.74
29.74  31.70
31.70  33.95
33.95  36.08
36.08  54.93
54.93  58.31
58.31  64.23
64.23  100.56
100.56  104.65
104.65  106.15
106.15  113.45
113.45  137.10
137.10  140.81
140.81  144.23
144.23  147.23
147.23  164.71
164.71  166.88
166.88  171.05
171.05  177.22
177.22  180.93
180.93  185.18
185.18  187.10
187.10  188.15
188.15  189.94
189.94  191.82
191.82  193.40
193.40  194.24
194.24  194.99
194.99  195.70
195.70  197.95
197.95  198.66
198.66  199.62
199.62  201.28
201.28  202.74
202.74  205.41
205.41  212.34
212.34  214.63
214.63  218.84
218.84  221.68
221.68  230.02
230.02  232.77
