0.00  6.72
6.72  10.47
10.47  14.39
14.39  20.35
20.35  33.37
33.37  39.58
39.58  41.21
41.21  46.92
46.92  55.31
55.31  57.39
57.39  60.27
60.27  67.65
67.65  69.53
69.53  71.49
71.49  72.57
72.57  77.08
77.08  78.37
78.37  79.95
79.95  80.96
80.96  83.67
83.67  84.71
84.71  86.42
86.42  91.72
91.72  93.76
93.76  95.60
95.60  97.10
97.10  99.39
99.39  101.18
101.18  102.89
102.89  105.48
105.48  107.32
107.32  109.19
109.19  111.28
111.28  112.82
112.82  115.07
115.07  120.66
120.66  123.33
123.33  131.21
131.21  132.84
132.84  135.18
135.18  137.55
137.55  141.60
141.60  152.82
152.82  156.03
156.03  157.24
157.24  160.16
160.16  161.70
161.70  165.54
165.54  167.92
167.92  169.17
169.17  172.55
172.55  175.34
175.34  180.76
180.76  181.85
181.85  182.81
182.81  184.02
184.02  185.81
185.81  188.69
188.69  189.86
189.86  190.77
190.77  192.03
192.03  193.15
193.15  194.86
194.86  196.74
196.74  198.36
198.36  200.70
200.70  209.13
209.13  210.46
210.46  218.13
218.13  221.97
221.97  223.85
223.85  227.27
227.27  229.27
229.27  235.57
235.57  244.95
244.95  247.54
247.54  249.29
249.29  253.96
253.96  255.30
255.30  257.76
257.76  260.05
260.05  273.02
273.02  274.73
