0.00  1.79
1.79  7.05
7.05  10.22
10.22  13.26
13.26  15.47
15.47  22.48
22.48  32.53
32.53  35.37
35.37  38.29
38.29  40.46
40.46  46.34
46.34  55.56
55.56  58.93
58.93  61.56
61.56  64.65
64.65  65.90
65.90  67.19
67.19  68.40
68.40  69.28
69.28  71.95
71.95  73.41
73.41  75.37
75.37  76.83
76.83  78.95
78.95  79.95
79.95  81.41
81.41  82.75
82.75  83.92
83.92  88.55
88.55  89.51
89.51  93.01
93.01  94.14
94.14  96.10
96.10  104.65
104.65  117.33
117.33  122.87
122.87  126.25
126.25  127.96
127.96  129.50
129.50  131.84
131.84  132.55
132.55  138.51
138.51  144.14
144.14  154.24
154.24  156.49
156.49  158.07
158.07  159.37
159.37  161.79
161.79  169.17
169.17  172.46
172.46  174.38
174.38  177.59
177.59  180.85
180.85  183.85
183.85  186.10
186.10  189.06
189.06  190.98
190.98  194.03
194.03  196.20
196.20  199.07
199.07  202.58
202.58  209.92
209.92  213.59
213.59  218.26
218.26  223.89
223.89  226.94
226.94  242.33
242.33  246.08
246.08  248.29
248.29  251.13
251.13  252.04
252.04  254.80
254.80  257.22
257.22  260.76
260.76  265.56
265.56  271.69
