0.00  7.34
7.34  9.76
9.76  11.39
11.39  12.97
12.97  18.23
18.23  20.23
20.23  22.90
22.90  23.94
23.94  26.11
26.11  28.95
28.95  30.53
30.53  31.66
31.66  34.87
34.87  37.79
37.79  40.25
40.25  43.79
43.79  59.73
59.73  64.23
64.23  72.32
72.32  78.41
78.41  81.41
81.41  87.59
87.59  90.05
90.05  91.59
91.59  93.80
93.80  98.06
98.06  99.81
99.81  102.19
102.19  104.73
104.73  108.27
108.27  109.53
109.53  111.32
111.32  113.66
113.66  116.28
116.28  118.33
118.33  122.12
122.12  125.42
125.42  127.59
127.59  129.21
129.21  132.30
132.30  137.05
137.05  139.89
139.89  144.39
144.39  145.19
145.19  147.15
147.15  155.74
155.74  160.08
160.08  162.25
162.25  164.46
164.46  169.25
169.25  170.30
170.30  172.09
172.09  177.47
177.47  179.80
179.80  181.93
181.93  183.06
183.06  184.31
184.31  186.90
186.90  188.90
188.90  189.06
