0.00  8.72
8.72  11.14
11.14  13.60
13.60  16.22
16.22  19.60
19.60  22.15
22.15  24.73
24.73  27.32
27.32  28.19
28.19  30.16
30.16  32.53
32.53  34.03
34.03  35.58
35.58  37.91
37.91  43.33
43.33  45.96
45.96  49.97
49.97  51.22
51.22  54.22
54.22  56.06
56.06  58.10
58.10  59.60
59.60  60.52
60.52  62.85
62.85  64.90
64.90  66.69
66.69  67.53
67.53  68.82
68.82  71.07
71.07  72.57
72.57  77.29
77.29  78.62
78.62  79.37
79.37  80.79
80.79  88.00
88.00  90.34
90.34  91.26
91.26  93.05
93.05  96.89
96.89  98.31
98.31  99.85
99.85  103.85
103.85  106.61
106.61  108.86
108.86  111.07
111.07  118.66
118.66  123.46
123.46  124.46
124.46  125.71
125.71  127.67
127.67  129.63
129.63  131.30
131.30  134.30
134.30  135.76
135.76  137.55
137.55  142.06
142.06  144.27
144.27  145.23
145.23  148.52
148.52  150.15
150.15  151.19
151.19  154.07
154.07  156.66
156.66  159.99
159.99  161.33
161.33  164.21
164.21  166.79
166.79  168.54
168.54  170.63
170.63  174.26
174.26  175.88
175.88  177.59
177.59  179.55
179.55  184.68
184.68  188.23
188.23  197.99
197.99  200.28
200.28  202.99
202.99  205.12
205.12  209.67
209.67  212.30
212.30  213.30
213.30  219.64
219.64  220.80
220.80  221.60
221.60  223.01
223.01  223.68
223.68  224.77
224.77  226.43
226.43  227.44
227.44  228.77
228.77  229.90
229.90  234.11
234.11  234.90
234.90  237.57
237.57  240.91
240.91  244.62
244.62  246.70
246.70  248.75
248.75  251.21
251.21  252.29
252.29  253.00
253.00  256.17
256.17  263.76
263.76  265.18
