0.00  1.33
1.33  2.63
2.63  12.64
12.64  15.85
15.85  18.52
18.52  20.85
20.85  26.11
26.11  39.46
39.46  49.80
49.80  53.09
53.09  58.02
58.02  62.02
62.02  63.77
63.77  65.65
65.65  66.73
66.73  69.07
69.07  71.03
71.03  73.45
73.45  76.99
76.99  81.71
81.71  84.00
84.00  85.29
85.29  87.17
87.17  88.92
88.92  90.30
90.30  95.72
95.72  103.48
103.48  107.27
107.27  112.32
112.32  118.03
118.03  119.87
119.87  122.33
122.33  123.04
123.04  124.87
124.87  126.92
126.92  128.13
128.13  130.51
130.51  134.97
134.97  137.26
137.26  140.10
140.10  141.47
141.47  143.64
143.64  144.85
144.85  146.35
146.35  148.02
148.02  149.94
149.94  153.03
153.03  153.82
153.82  155.20
155.20  157.12
157.12  158.45
158.45  159.87
159.87  161.12
161.12  162.20
162.20  163.45
163.45  164.91
164.91  166.54
166.54  167.50
167.50  169.21
169.21  171.13
171.13  172.30
172.30  174.72
174.72  175.93
175.93  177.26
177.26  180.43
180.43  181.56
181.56  182.81
182.81  185.64
185.64  189.19
189.19  190.52
190.52  192.98
192.98  194.82
194.82  196.28
196.28  197.16
197.16  199.82
199.82  200.62
200.62  205.91
205.91  207.33
