0.00  4.96
4.96  20.90
20.90  35.66
35.66  38.75
38.75  48.63
48.63  53.01
53.01  55.39
55.39  58.73
58.73  66.57
66.57  71.82
71.82  79.45
79.45  84.75
84.75  86.54
86.54  91.17
91.17  92.93
92.93  96.18
96.18  97.35
97.35  99.47
99.47  101.52
101.52  105.06
105.06  116.16
116.16  118.54
118.54  121.25
121.25  123.67
123.67  132.76
132.76  133.97
133.97  138.01
138.01  147.65
147.65  153.61
153.61  159.33
159.33  170.55
170.55  174.17
174.17  176.34
176.34  179.18
179.18  183.43
183.43  185.85
185.85  190.11
190.11  192.11
192.11  216.13
216.13  218.68
