0.00  2.38
2.38  8.72
8.72  12.38
12.38  17.35
17.35  22.73
22.73  25.44
25.44  29.27
29.27  31.69
31.69  34.11
34.11  38.61
38.61  42.99
42.99  44.74
44.74  46.66
46.66  48.54
48.54  50.37
50.37  51.21
51.21  56.17
56.17  59.46
59.46  86.36
86.36  87.24
87.24  89.36
89.36  91.99
91.99  94.07
94.07  95.70
95.70  97.45
97.45  103.12
103.12  107.46
107.46  112.21
112.21  114.21
114.21  118.80
118.80  120.68
120.68  122.64
122.64  123.68
123.68  125.18
125.18  128.35
128.35  131.06
131.06  133.98
133.98  138.19
138.19  139.57
139.57  142.36
142.36  145.20
145.20  147.20
147.20  149.83
149.83  151.58
151.58  154.54
154.54  156.04
156.04  157.87
157.87  158.54
158.54  163.13
163.13  164.21
164.21  164.96
164.96  165.67
165.67  167.05
167.05  168.42
168.42  169.84
169.84  171.01
171.01  173.93
173.93  176.56
176.56  192.86
192.86  194.86
