0.00  7.09
7.09  10.34
10.34  12.68
12.68  17.26
17.26  18.35
18.35  21.98
21.98  23.98
23.98  28.73
28.73  31.53
31.53  38.99
38.99  45.79
45.79  52.42
52.42  54.92
54.92  59.84
59.84  64.01
64.01  69.64
69.64  73.77
73.77  76.86
76.86  86.11
86.11  90.62
90.62  108.01
108.01  110.09
110.09  112.97
112.97  115.39
115.39  120.35
120.35  123.48
123.48  128.07
128.07  131.86
131.86  136.32
136.32  142.58
142.58  150.29
150.29  163.93
163.93  174.86
174.86  177.94
177.94  179.53
179.53  183.40
183.40  186.28
186.28  188.87
188.87  193.83
193.83  196.87
196.87  198.54
198.54  209.89
209.89  221.14
221.14  231.40
231.40  235.53
235.53  240.24
240.24  243.20
243.20  254.63
254.63  259.59
259.59  264.06
264.06  265.93
