0.00  10.01
10.01  12.84
12.84  19.10
19.10  20.81
20.81  25.27
25.27  31.07
31.07  32.74
32.74  35.20
35.20  45.00
45.00  54.17
54.17  59.18
59.18  62.93
62.93  65.81
65.81  68.85
68.85  73.10
73.10  78.53
78.53  85.11
85.11  89.99
89.99  92.66
92.66  95.33
95.33  98.25
98.25  101.17
101.17  104.38
104.38  106.13
106.13  111.26
111.26  115.56
115.56  119.81
119.81  121.98
121.98  122.69
122.69  130.03
130.03  133.28
133.28  137.03
137.03  139.08
139.08  142.50
142.50  145.29
145.29  149.29
149.29  151.63
151.63  154.21
154.21  158.18
158.18  163.35
163.35  166.39
166.39  173.31
173.31  175.90
175.90  189.16
189.16  209.26
209.26  214.43
214.43  216.35
216.35  232.11
232.11  244.54
244.54  245.71
245.71  248.79
248.79  250.96
250.96  261.60
261.60  264.10
264.10  265.81
265.81  275.69
275.69  278.57
