0.00  5.96
5.96  10.68
10.68  13.76
13.76  18.77
18.77  26.61
26.61  37.66
37.66  48.00
48.00  50.67
50.67  51.38
51.38  53.29
53.29  60.05
60.05  64.18
64.18  69.35
69.35  71.48
71.48  74.52
74.52  80.07
80.07  84.11
84.11  86.91
86.91  88.49
88.49  89.53
89.53  90.99
90.99  91.70
91.70  93.41
93.41  96.25
96.25  97.83
97.83  99.08
99.08  99.83
99.83  101.13
101.13  102.42
102.42  105.21
105.21  109.80
109.80  115.30
115.30  117.26
117.26  119.72
119.72  122.02
122.02  123.31
123.31  127.10
127.10  130.27
130.27  131.94
131.94  137.15
137.15  140.32
140.32  141.87
141.87  147.04
147.04  153.42
153.42  158.46
158.46  166.05
166.05  167.97
167.97  170.56
170.56  173.35
173.35  177.35
177.35  180.77
180.77  183.36
183.36  185.49
185.49  189.61
189.61  195.58
195.58  197.62
197.62  198.91
198.91  203.63
203.63  206.21
206.21  207.09
207.09  208.96
208.96  210.34
210.34  211.38
211.38  212.34
212.34  213.80
213.80  215.64
215.64  216.64
216.64  218.35
218.35  220.39
220.39  221.81
221.81  222.81
222.81  225.39
225.39  226.81
226.81  227.94
227.94  229.11
229.11  230.82
230.82  232.82
232.82  238.78
