0.00  1.79
1.79  3.38
3.38  5.63
5.63  9.47
9.47  12.47
12.47  15.14
15.14  17.60
17.60  32.07
32.07  35.86
35.86  44.28
44.28  46.20
46.20  50.50
50.50  54.33
54.33  55.92
55.92  57.17
57.17  63.13
63.13  65.17
65.17  68.30
68.30  70.18
70.18  74.77
74.77  84.77
84.77  90.32
90.32  92.53
92.53  97.53
97.53  104.54
104.54  106.46
106.46  111.92
111.92  115.13
115.13  119.38
119.38  124.01
124.01  128.18
128.18  130.77
130.77  137.27
137.27  143.28
143.28  145.94
145.94  147.90
147.90  153.03
153.03  160.83
160.83  162.87
162.87  164.92
164.92  168.30
168.30  174.17
174.17  176.59
