0.00  6.09
6.09  7.63
7.63  9.55
9.55  11.51
11.51  12.30
12.30  16.72
16.72  19.14
19.14  20.73
20.73  22.02
22.02  26.40
26.40  28.36
28.36  30.44
30.44  32.69
32.69  38.49
38.49  45.66
45.66  50.21
50.21  51.54
51.54  53.46
53.46  55.42
55.42  57.42
57.42  60.01
60.01  61.63
61.63  63.76
63.76  69.85
69.85  72.02
72.02  80.23
80.23  92.95
92.95  96.41
96.41  101.08
101.08  103.79
103.79  107.25
107.25  111.93
111.93  120.14
120.14  136.11
136.11  142.62
142.62  146.45
146.45  148.96
148.96  152.63
152.63  155.13
155.13  161.76
161.76  166.30
166.30  171.68
171.68  174.64
174.64  177.69
177.69  183.40
183.40  186.82
186.82  192.53
192.53  197.45
197.45  201.08
201.08  202.33
202.33  208.34
208.34  210.13
210.13  215.68
215.68  218.22
218.22  221.52
221.52  223.10
223.10  234.65
