0.00  1.08
1.08  6.17
6.17  8.34
8.34  14.76
14.76  18.43
18.43  22.52
22.52  31.32
31.32  52.96
52.96  64.76
64.76  73.77
73.77  75.73
75.73  78.27
78.27  82.65
82.65  87.66
87.66  89.91
89.91  92.83
92.83  98.25
98.25  101.75
101.75  106.17
106.17  107.76
107.76  109.09
109.09  113.80
113.80  119.06
119.06  123.35
123.35  125.98
125.98  128.23
128.23  132.07
132.07  137.87
137.87  141.49
141.49  144.66
144.66  147.29
147.29  150.38
150.38  158.67
158.67  160.76
160.76  163.85
163.85  167.31
167.31  170.52
170.52  172.81
172.81  176.44
176.44  178.86
178.86  184.95
184.95  189.91
189.91  197.83
197.83  200.46
200.46  201.75
201.75  207.59
207.59  216.97
216.97  221.35
221.35  229.28
229.28  235.16
235.16  237.95
237.95  240.08
240.08  243.12
243.12  244.83
244.83  248.63
248.63  250.33
250.33  253.75
253.75  259.22
