0.00  4.00
4.00  16.26
16.26  19.35
19.35  22.02
22.02  23.81
23.81  24.85
24.85  26.40
26.40  27.73
27.73  30.15
30.15  31.36
31.36  33.03
33.03  34.24
34.24  46.46
46.46  55.00
55.00  58.55
58.55  65.51
65.51  68.60
68.60  71.77
71.77  74.90
74.90  79.07
79.07  84.95
84.95  90.66
90.66  95.58
95.58  99.04
99.04  101.33
101.33  107.09
107.09  111.72
111.72  116.51
116.51  119.89
119.89  121.48
121.48  131.48
131.48  135.57
135.57  138.57
138.57  143.24
143.24  146.54
146.54  148.29
148.29  152.17
152.17  155.25
155.25  157.09
157.09  160.01
160.01  165.64
165.64  173.77
173.77  175.44
175.44  177.44
177.44  179.94
179.94  183.53
183.53  185.03
185.03  185.70
185.70  191.28
191.28  194.54
194.54  195.83
195.83  197.29
197.29  198.41
198.41  200.00
200.00  203.29
203.29  207.42
207.42  209.17
209.17  218.85
218.85  221.14
221.14  222.60
222.60  224.85
224.85  226.40
226.40  230.02
230.02  233.07
233.07  238.86
238.86  240.12
240.12  241.62
241.62  243.83
243.83  245.50
