0.00  7.13
7.13  10.76
10.76  30.86
30.86  37.40
37.40  41.07
41.07  42.91
42.91  46.95
46.95  48.91
48.91  52.83
52.83  55.38
55.38  58.34
58.34  60.55
60.55  66.05
66.05  69.85
69.85  72.51
72.51  75.31
75.31  77.60
77.60  81.27
81.27  84.77
84.77  89.19
89.19  92.24
92.24  93.41
93.41  94.61
94.61  95.49
95.49  98.41
98.41  99.99
99.99  101.83
101.83  103.70
103.70  106.62
106.62  108.83
108.83  110.04
110.04  112.55
112.55  116.97
116.97  118.55
118.55  124.93
124.93  127.22
127.22  136.19
136.19  138.15
138.15  142.28
142.28  145.78
145.78  146.99
146.99  150.16
150.16  152.03
152.03  154.87
154.87  157.00
157.00  161.75
161.75  167.71
167.71  178.05
178.05  180.22
