0.00  1.00
1.00  12.01
12.01  14.22
14.22  17.85
17.85  23.77
23.77  38.16
38.16  40.57
40.57  43.33
43.33  48.21
48.21  49.50
49.50  52.79
52.79  56.00
56.00  59.26
59.26  61.38
61.38  68.10
68.10  75.94
75.94  79.15
79.15  90.86
90.86  98.25
98.25  100.62
100.62  103.92
103.92  106.21
106.21  110.59
110.59  113.13
113.13  115.63
115.63  117.76
117.76  122.39
122.39  125.85
125.85  130.56
130.56  134.07
134.07  138.19
138.19  143.70
143.70  146.08
146.08  149.45
149.45  155.88
155.88  165.17
165.17  167.26
167.26  171.14
171.14  172.89
172.89  180.90
180.90  186.19
186.19  192.11
192.11  194.20
194.20  200.83
200.83  205.04
205.04  206.71
206.71  209.79
209.79  212.46
212.46  214.17
214.17  216.17
