0.00  1.17
1.17  1.83
1.83  3.71
3.71  5.75
5.75  8.30
8.30  9.63
9.63  11.68
11.68  13.30
13.30  14.35
14.35  15.39
15.39  16.22
16.22  17.51
17.51  20.18
20.18  22.10
22.10  23.27
23.27  25.27
25.27  27.77
27.77  31.07
31.07  32.99
32.99  34.49
34.49  35.70
35.70  37.11
37.11  38.07
38.07  38.99
38.99  39.99
39.99  40.99
40.99  42.33
42.33  43.12
43.12  44.45
44.45  45.12
45.12  46.96
46.96  47.71
47.71  48.71
48.71  49.83
49.83  50.83
50.83  52.54
52.54  54.84
54.84  55.84
55.84  57.26
57.26  58.59
58.59  59.22
59.22  60.05
60.05  61.72
61.72  64.22
64.22  65.93
65.93  66.93
66.93  67.97
67.97  69.02
69.02  72.35
72.35  75.02
75.02  77.15
77.15  78.98
78.98  80.61
80.61  82.49
82.49  83.95
83.95  86.74
86.74  89.37
89.37  90.62
90.62  92.83
92.83  94.79
94.79  100.13
100.13  101.04
101.04  101.67
101.67  103.13
103.13  104.50
104.50  106.13
106.13  107.76
107.76  109.51
109.51  111.51
111.51  113.18
113.18  114.85
114.85  115.97
115.97  117.35
117.35  119.60
119.60  123.10
123.10  124.40
124.40  125.77
125.77  128.11
128.11  129.48
129.48  130.28
130.28  132.28
132.28  132.94
132.94  138.37
138.37  139.41
139.41  140.70
140.70  141.62
141.62  148.37
148.37  149.79
149.79  151.63
151.63  155.84
155.84  157.97
157.97  168.97
168.97  172.35
172.35  182.78
182.78  184.07
184.07  187.70
187.70  192.45
192.45  195.29
195.29  199.63
199.63  201.63
201.63  209.97
209.97  218.35
218.35  227.77
227.77  231.19
231.19  240.03
240.03  243.41
243.41  245.96
245.96  254.21
