0.00  7.42
7.42  9.63
9.63  13.22
13.22  17.18
17.18  21.85
21.85  24.10
24.10  33.86
33.86  43.78
43.78  45.66
45.66  47.45
47.45  49.50
49.50  52.75
52.75  55.54
55.54  60.59
60.59  65.01
65.01  67.55
67.55  71.22
71.22  80.94
80.94  84.23
84.23  87.19
87.19  95.45
95.45  97.24
97.24  98.99
98.99  100.99
100.99  103.45
103.45  105.79
105.79  108.17
108.17  114.00
114.00  115.34
115.34  117.01
117.01  119.01
119.01  122.64
122.64  127.68
127.68  129.52
129.52  136.98
136.98  140.48
140.48  149.45
149.45  157.00
157.00  162.42
162.42  175.64
175.64  179.26
179.26  180.81
180.81  182.56
