0.00  1.88
1.88  12.64
12.64  16.97
16.97  20.27
20.27  24.14
24.14  29.48
29.48  31.32
31.32  33.07
33.07  42.83
42.83  48.41
48.41  56.25
56.25  61.43
61.43  64.18
64.18  67.72
67.72  84.74
84.74  90.62
90.62  110.63
110.63  115.76
115.76  132.73
132.73  139.66
139.66  141.83
141.83  151.75
151.75  154.84
154.84  159.17
159.17  160.22
160.22  162.55
162.55  164.64
164.64  166.01
166.01  167.81
167.81  168.64
168.64  169.35
169.35  170.97
170.97  172.35
172.35  173.73
173.73  178.52
178.52  180.40
180.40  182.48
182.48  187.57
187.57  189.07
189.07  190.28
190.28  191.62
191.62  192.83
192.83  195.16
195.16  199.62
199.62  201.25
201.25  213.84
213.84  216.47
216.47  221.31
221.31  224.23
224.23  225.52
225.52  229.31
229.31  230.90
230.90  232.90
232.90  235.57
