0.00  5.50
5.50  24.23
24.23  43.20
43.20  46.04
46.04  48.75
48.75  63.01
63.01  65.10
65.10  67.14
67.14  71.23
71.23  85.70
85.70  87.95
87.95  93.87
93.87  97.54
97.54  101.29
101.29  108.18
108.18  111.60
111.60  114.51
114.51  119.02
119.02  121.56
121.56  129.94
129.94  134.61
134.61  136.87
136.87  145.33
145.33  150.50
150.50  155.22
155.22  159.51
159.51  161.39
161.39  164.77
164.77  167.56
167.56  171.19
171.19  178.44
178.44  184.53
184.53  191.79
191.79  197.29
197.29  199.25
199.25  201.21
201.21  203.01
203.01  209.97
209.97  212.68
212.68  215.93
215.93  218.77
218.77  227.61
227.61  230.61
230.61  233.53
233.53  234.66
234.66  237.41
237.41  239.20
239.20  241.21
241.21  242.33
242.33  243.79
243.79  245.83
245.83  251.63
251.63  258.43
258.43  262.72
262.72  268.73
268.73  273.07
273.07  284.95
284.95  288.37
