0.00  5.96
5.96  8.59
8.59  13.93
13.93  17.39
17.39  20.39
20.39  24.23
24.23  29.44
29.44  32.07
32.07  33.74
33.74  43.12
43.12  45.83
45.83  49.87
49.87  54.17
54.17  56.17
56.17  58.46
58.46  61.67
61.67  64.68
64.68  69.81
69.81  75.31
75.31  78.98
78.98  86.53
86.53  89.65
89.65  91.91
91.91  97.83
97.83  100.83
100.83  102.41
102.41  103.87
103.87  106.42
106.42  109.34
109.34  112.05
112.05  114.80
114.80  118.34
118.34  122.26
122.26  129.14
129.14  135.86
135.86  141.49
141.49  143.45
143.45  160.08
160.08  167.13
167.13  174.18
174.18  178.89
178.89  181.06
181.06  191.57
191.57  203.62
