0.00  86.66
86.66  89.49
89.49  103.55
103.55  106.09
106.09  109.68
109.68  111.60
111.60  114.18
114.18  119.10
119.10  123.65
123.65  126.78
126.78  130.82
130.82  133.53
133.53  136.66
136.66  138.41
138.41  140.00
140.00  142.62
142.62  145.21
145.21  147.50
147.50  159.55
159.55  161.01
161.01  163.43
163.43  165.02
165.02  173.52
173.52  176.78
176.78  180.16
180.16  181.82
181.82  187.33
187.33  191.67
191.67  194.50
194.50  200.42
200.42  209.18
209.18  215.73
215.73  217.90
217.90  224.69
224.69  227.49
227.49  240.67
240.67  243.42
243.42  245.38
245.38  252.38
252.38  260.27
260.27  261.73
261.73  265.81
265.81  266.81
266.81  269.90
269.90  277.03
277.03  280.41
280.41  286.12
286.12  289.00
289.00  293.71
293.71  299.34
