0.00  4.59
4.59  10.63
10.63  17.51
17.51  19.68
19.68  23.60
23.60  28.32
28.32  39.53
39.53  45.08
45.08  50.38
50.38  54.13
54.13  59.59
59.59  66.18
66.18  68.14
68.14  70.81
70.81  73.56
73.56  76.36
76.36  79.69
79.69  82.11
82.11  92.16
92.16  95.08
95.08  108.17
108.17  141.16
141.16  146.91
146.91  152.13
152.13  155.84
155.84  159.47
159.47  165.51
165.51  169.85
169.85  185.36
185.36  188.16
188.16  192.41
192.41  194.41
194.41  198.00
198.00  203.42
203.42  214.89
214.89  229.36
229.36  232.53
232.53  259.18
