0.00  3.46
3.46  5.63
5.63  6.30
6.30  8.88
8.88  14.85
14.85  20.68
20.68  23.52
23.52  29.07
29.07  32.65
32.65  34.74
34.74  36.82
36.82  39.95
39.95  48.08
48.08  50.42
50.42  52.63
52.63  56.76
56.76  76.69
76.69  89.83
89.83  95.04
95.04  106.30
106.30  126.61
126.61  152.09
152.09  152.96
152.96  159.43
159.43  173.94
173.94  177.15
177.15  181.41
181.41  183.78
183.78  190.00
190.00  193.29
193.29  197.13
197.13  199.55
199.55  204.43
204.43  207.47
207.47  210.43
210.43  211.35
211.35  216.81
216.81  221.23
221.23  222.15
222.15  225.57
225.57  228.24
228.24  231.53
231.53  234.95
234.95  240.12
240.12  242.58
242.58  244.96
244.96  248.63
248.63  251.22
251.22  253.43
253.43  255.18
255.18  257.85
257.85  259.51
259.51  261.14
261.14  263.81
263.81  265.73
265.73  270.11
270.11  272.48
272.48  276.49
276.49  278.41
278.41  285.41
285.41  286.87
286.87  288.16
288.16  295.38
