0.00  3.04
3.04  8.92
8.92  16.85
16.85  26.73
26.73  29.19
29.19  34.99
34.99  62.01
62.01  66.22
66.22  70.02
70.02  74.77
74.77  79.19
79.19  84.49
84.49  87.15
87.15  89.41
89.41  94.04
94.04  95.79
95.79  98.83
98.83  104.21
104.21  106.46
106.46  111.51
111.51  116.35
116.35  119.76
119.76  123.06
123.06  126.73
126.73  128.19
128.19  131.40
131.40  136.40
136.40  140.74
140.74  147.29
147.29  154.08
154.08  159.13
159.13  161.92
161.92  164.59
164.59  167.47
167.47  209.17
209.17  211.55
211.55  213.22
213.22  214.30
214.30  219.05
219.05  221.39
221.39  224.64
224.64  227.98
227.98  230.06
