0.00  1.00
1.00  3.34
3.34  5.21
5.21  7.34
7.34  10.01
10.01  17.09
17.09  19.35
19.35  20.56
20.56  22.31
22.31  24.10
24.10  25.64
25.64  28.48
28.48  31.90
31.90  34.06
34.06  35.48
35.48  38.57
38.57  40.15
40.15  41.99
41.99  45.20
45.20  47.78
47.78  50.20
50.20  51.87
51.87  52.83
52.83  55.20
55.20  56.16
56.16  57.79
57.79  61.25
61.25  63.92
63.92  67.17
67.17  67.96
67.96  68.80
68.80  70.71
70.71  71.63
71.63  72.63
72.63  73.80
73.80  78.22
78.22  79.39
79.39  82.35
82.35  84.81
84.81  86.85
86.85  88.10
88.10  90.39
90.39  93.31
93.31  101.86
101.86  102.86
102.86  103.99
103.99  105.61
105.61  106.57
106.57  107.95
107.95  109.45
109.45  110.83
110.83  113.12
113.12  114.24
114.24  117.16
117.16  121.00
121.00  122.42
122.42  123.67
123.67  124.38
124.38  125.29
125.29  126.17
126.17  129.59
129.59  131.42
