0.00  2.43
2.43  5.03
5.03  8.31
8.31  15.08
15.08  16.57
16.57  18.83
18.83  20.49
20.49  27.98
27.98  29.77
29.77  31.01
31.01  33.52
33.52  35.61
35.61  38.03
38.03  39.82
39.82  43.49
43.49  45.62
45.62  46.98
46.98  48.43
48.43  51.19
51.19  53.03
53.03  55.37
55.37  59.71
59.71  64.14
64.14  65.63
65.63  67.17
67.17  69.25
69.25  70.49
70.49  71.85
71.85  73.73
73.73  76.54
76.54  78.33
78.33  80.41
80.41  82.50
82.50  84.59
84.59  85.74
85.74  86.89
86.89  88.63
88.63  91.83
91.83  95.53
95.53  97.92
97.92  100.39
100.39  102.56
102.56  107.33
107.33  110.40
110.40  115.76
115.76  121.60
121.60  122.66
122.66  124.79
124.79  125.99
125.99  126.79
126.79  127.99
127.99  128.84
128.84  132.89
132.89  134.50
134.50  136.16
136.16  137.19
137.19  144.51
144.51  145.75
145.75  152.86
152.86  154.95
154.95  163.55
163.55  166.79
166.79  169.77
169.77  171.86
171.86  173.22
173.22  176.67
176.67  177.90
177.90  179.10
179.10  180.63
180.63  182.63
182.63  183.78
183.78  186.64
186.64  187.40
187.40  188.55
188.55  189.45
189.45  191.41
191.41  192.09
192.09  194.43
194.43  196.81
196.81  197.67
197.67  199.28
199.28  200.18
200.18  200.82
200.82  202.31
202.31  204.23
204.23  207.76
207.76  209.38
209.38  210.91
210.91  214.70
214.70  216.96
216.96  233.57
233.57  236.64
236.64  239.45
239.45  242.98
242.98  245.41
245.41  248.69
248.69  250.78
250.78  254.74
254.74  256.83
256.83  258.32
258.32  261.85
261.85  263.64
263.64  265.73
265.73  266.66
266.66  268.45
268.45  269.09
269.09  271.22
271.22  272.29
272.29  273.39
273.39  275.06
275.06  276.12
276.12  277.35
277.35  278.85
278.85  281.61
281.61  284.38
284.38  288.13
288.13  290.52
290.52  293.84
293.84  295.58
295.58  296.35
296.35  297.50
297.50  299.72
