0.00  1.92
1.92  4.46
4.46  6.96
6.96  10.38
10.38  11.59
11.59  12.55
12.55  17.85
17.85  20.31
20.31  21.43
21.43  24.60
24.60  28.31
28.31  29.98
29.98  34.86
34.86  36.65
36.65  37.36
37.36  43.95
43.95  46.25
46.25  47.08
47.08  47.95
47.95  50.29
50.29  52.79
52.79  55.00
55.00  57.75
57.75  60.67
60.67  62.34
62.34  65.34
65.34  67.01
67.01  68.97
68.97  70.81
70.81  72.81
72.81  74.68
74.68  77.14
77.14  77.90
77.90  78.98
78.98  80.23
80.23  82.52
82.52  85.40
85.40  90.41
90.41  93.66
93.66  96.03
96.03  99.70
99.70  103.79
103.79  111.42
111.42  112.09
112.09  113.80
113.80  115.09
115.09  116.51
116.51  117.97
117.97  121.31
121.31  124.10
124.10  125.64
125.64  126.85
126.85  128.81
128.81  129.73
129.73  131.19
131.19  131.98
131.98  132.81
132.81  136.15
136.15  137.73
137.73  138.99
138.99  148.66
148.66  165.51
165.51  183.98
183.98  201.37
201.37  205.37
205.37  207.83
