0.00  1.00
1.00  6.30
6.30  8.09
8.09  14.51
14.51  32.62
32.62  45.63
45.63  47.59
47.59  49.76
49.76  51.55
51.55  52.43
52.43  56.77
56.77  59.98
59.98  61.02
61.02  62.02
62.02  63.31
63.31  64.40
64.40  66.73
66.73  69.90
69.90  70.78
70.78  73.20
73.20  74.99
74.99  76.08
76.08  76.83
76.83  77.66
77.66  78.70
78.70  79.79
79.79  83.50
83.50  85.67
85.67  88.05
88.05  93.22
93.22  95.26
95.26  103.48
103.48  105.19
105.19  107.73
107.73  108.53
108.53  112.61
112.61  113.78
113.78  115.45
115.45  117.28
117.28  123.54
123.54  124.71
124.71  125.88
125.88  128.50
128.50  131.88
131.88  136.55
136.55  138.35
138.35  140.06
140.06  143.35
143.35  154.61
154.61  162.75
162.75  165.37
165.37  167.92
167.92  170.34
170.34  172.59
172.59  173.84
173.84  176.76
176.76  178.85
178.85  181.18
181.18  184.18
184.18  184.85
184.85  188.56
188.56  191.69
191.69  192.98
192.98  193.86
193.86  202.04
202.04  204.45
