0.00  3.25
3.25  8.97
8.97  12.89
12.89  18.02
18.02  19.77
19.77  28.32
28.32  40.42
40.42  44.88
44.88  60.85
60.85  64.44
64.44  70.78
70.78  73.78
73.78  77.62
77.62  82.83
82.83  83.83
83.83  85.08
85.08  89.59
89.59  90.76
90.76  94.76
94.76  95.93
95.93  98.77
98.77  100.64
100.64  106.06
106.06  106.94
106.94  122.41
122.41  129.63
129.63  133.17
133.17  137.68
137.68  141.72
141.72  143.06
143.06  144.85
144.85  146.77
146.77  149.02
149.02  153.03
153.03  154.32
154.32  155.99
155.99  157.66
157.66  160.45
160.45  161.95
161.95  165.50
165.50  168.50
168.50  170.42
170.42  172.92
172.92  174.84
174.84  182.47
182.47  186.56
186.56  203.37
203.37  208.25
208.25  210.63
