0.00  2.42
2.42  5.30
5.30  9.93
9.93  11.39
11.39  18.64
18.64  23.52
23.52  26.78
26.78  27.53
27.53  31.87
31.87  34.49
34.49  44.13
44.13  47.21
47.21  49.97
49.97  53.51
53.51  56.10
56.10  61.35
61.35  66.94
66.94  71.91
71.91  75.45
75.45  93.22
93.22  95.51
95.51  99.06
99.06  105.94
105.94  107.32
107.32  108.65
108.65  110.28
110.28  123.87
123.87  127.00
127.00  152.19
152.19  155.82
155.82  156.74
156.74  158.24
158.24  159.41
159.41  161.08
161.08  162.50
162.50  165.21
165.21  165.92
165.92  167.96
167.96  169.34
169.34  171.80
171.80  181.60
181.60  184.60
