0.00  1.96
1.96  8.34
8.34  16.52
16.52  20.69
20.69  22.48
22.48  28.45
28.45  31.16
31.16  32.41
32.41  33.24
33.24  34.99
34.99  39.62
39.62  44.50
44.50  48.55
48.55  52.51
52.51  57.31
57.31  59.39
59.39  66.36
66.36  71.57
71.57  73.62
73.62  76.83
76.83  79.87
79.87  81.25
81.25  90.13
90.13  99.68
99.68  103.90
103.90  113.45
113.45  115.78
115.78  121.12
121.12  124.83
124.83  140.60
140.60  141.43
141.43  149.07
149.07  157.28
157.28  166.79
166.79  171.05
171.05  171.75
171.75  174.01
