0.00  1.50
1.50  3.00
3.00  5.71
5.71  8.09
8.09  12.68
12.68  16.14
16.14  29.95
29.95  31.99
31.99  36.29
36.29  40.46
40.46  48.67
48.67  54.14
54.14  65.82
65.82  68.15
68.15  74.91
74.91  76.58
76.58  83.63
83.63  90.84
90.84  94.26
94.26  99.43
99.43  102.73
102.73  107.52
107.52  114.91
114.91  116.62
116.62  123.46
123.46  130.88
130.88  132.34
132.34  133.22
133.22  135.18
135.18  145.81
145.81  148.27
148.27  158.41
158.41  162.83
162.83  166.83
166.83  168.63
168.63  171.71
171.71  177.01
177.01  180.35
180.35  187.65
187.65  190.52
190.52  199.24
199.24  202.24
