0.00  1.00
1.00  3.55
3.55  7.22
7.22  8.26
8.26  16.47
16.47  24.02
24.02  26.11
26.11  27.49
27.49  29.53
29.53  31.11
31.11  35.12
35.12  40.46
40.46  44.79
44.79  47.51
47.51  52.22
52.22  54.55
54.55  55.35
55.35  57.06
57.06  58.81
58.81  61.23
61.23  62.60
62.60  64.31
64.31  66.44
66.44  67.73
67.73  71.07
71.07  76.33
76.33  77.83
77.83  82.37
82.37  84.17
84.17  85.75
85.75  86.50
86.50  87.42
87.42  88.30
88.30  93.89
93.89  98.52
98.52  99.27
99.27  103.65
103.65  106.94
106.94  108.32
108.32  109.61
109.61  111.36
111.36  112.40
112.40  113.74
113.74  119.29
119.29  120.54
120.54  124.58
124.58  125.50
125.50  128.00
128.00  129.34
129.34  130.09
130.09  131.26
131.26  133.47
133.47  134.59
134.59  135.43
135.43  137.60
137.60  141.56
141.56  144.77
144.77  148.31
148.31  149.86
149.86  150.82
150.82  154.45
154.45  156.24
156.24  158.12
158.12  160.66
160.66  162.41
162.41  165.04
165.04  165.75
165.75  166.88
166.88  169.13
169.13  171.25
171.25  173.01
173.01  174.38
174.38  176.47
176.47  179.39
179.39  182.77
182.77  184.10
184.10  188.23
188.23  189.90
189.90  192.03
192.03  192.98
192.98  194.03
194.03  196.40
196.40  197.36
197.36  198.36
198.36  199.57
199.57  200.49
200.49  201.83
201.83  202.58
202.58  203.91
203.91  205.75
205.75  206.41
206.41  208.21
208.21  209.38
209.38  210.25
210.25  212.00
212.00  214.46
214.46  218.34
218.34  227.31
227.31  228.06
228.06  230.56
230.56  233.27
233.27  235.61
235.61  236.90
236.90  238.57
238.57  243.12
243.12  244.91
244.91  248.54
248.54  250.79
250.79  251.92
251.92  253.96
253.96  254.75
254.75  255.63
255.63  256.88
256.88  257.80
257.80  258.63
258.63  260.80
260.80  262.68
262.68  264.85
