0.00  3.55
3.55  5.38
5.38  8.84
8.84  11.34
11.34  13.18
13.18  18.48
18.48  20.52
20.52  21.48
21.48  24.02
24.02  24.86
24.86  27.28
27.28  29.07
29.07  30.20
30.20  31.28
31.28  33.16
33.16  46.71
46.71  61.60
61.60  62.90
62.90  67.90
67.90  68.99
68.99  85.08
85.08  86.96
86.96  89.17
89.17  92.34
92.34  95.85
95.85  97.51
97.51  99.35
99.35  101.64
101.64  103.94
103.94  105.06
105.06  106.23
106.23  106.86
106.86  108.94
108.94  112.49
112.49  113.57
113.57  115.95
115.95  116.83
116.83  117.49
117.49  118.58
118.58  120.33
120.33  121.29
121.29  122.46
122.46  124.46
124.46  129.92
129.92  132.05
132.05  145.06
145.06  146.15
146.15  146.94
146.94  149.86
149.86  152.32
152.32  155.41
155.41  159.20
159.20  161.54
161.54  163.96
163.96  166.37
166.37  167.63
167.63  170.34
170.34  174.63
174.63  176.89
176.89  178.55
178.55  183.56
183.56  185.94
185.94  215.09
215.09  217.26
217.26  220.97
220.97  224.31
224.31  227.06
227.06  230.15
