0.00  1.00
1.00  10.59
10.59  12.80
12.80  15.22
15.22  16.27
16.27  18.10
18.10  18.94
18.94  21.48
21.48  23.19
23.19  31.95
31.95  33.87
33.87  36.33
36.33  38.37
38.37  40.58
40.58  42.83
42.83  48.34
48.34  50.22
50.22  53.14
53.14  55.43
55.43  59.56
59.56  63.31
63.31  64.06
64.06  76.74
76.74  80.50
80.50  84.00
84.00  85.42
85.42  87.05
87.05  91.13
91.13  96.10
96.10  98.52
98.52  100.10
100.10  101.43
101.43  102.77
102.77  105.10
105.10  106.77
106.77  107.57
107.57  111.44
111.44  114.86
114.86  117.62
117.62  122.29
122.29  128.13
128.13  133.26
133.26  137.43
137.43  140.52
140.52  141.81
141.81  142.77
142.77  143.64
143.64  146.81
146.81  158.66
158.66  163.79
163.79  165.16
165.16  179.85
