0.00  3.34
3.34  6.55
6.55  16.10
16.10  18.69
18.69  21.10
21.10  22.73
22.73  24.73
24.73  28.78
28.78  32.57
32.57  40.79
40.79  42.96
42.96  45.84
45.84  48.72
48.72  49.97
49.97  50.97
50.97  52.51
52.51  53.80
53.80  55.72
55.72  56.89
56.89  58.43
58.43  59.56
59.56  60.73
60.73  61.90
61.90  64.06
64.06  65.94
65.94  66.86
66.86  69.82
69.82  71.45
71.45  79.91
79.91  81.83
81.83  84.13
84.13  87.50
87.50  89.59
89.59  95.22
95.22  97.93
97.93  102.98
102.98  108.02
108.02  115.57
115.57  118.28
118.28  121.20
121.20  124.58
124.58  127.25
127.25  131.59
131.59  132.63
132.63  134.72
134.72  138.22
138.22  141.35
141.35  145.40
145.40  147.65
147.65  150.78
150.78  158.41
158.41  161.16
161.16  165.42
165.42  167.88
167.88  169.46
169.46  170.21
170.21  170.88
170.88  172.84
172.84  175.47
175.47  178.30
178.30  181.18
181.18  186.14
186.14  190.48
190.48  200.45
200.45  205.62
205.62  215.72
215.72  218.89
218.89  230.10
230.10  234.40
234.40  242.99
242.99  263.10
263.10  265.18
265.18  267.10
