0.00  7.05
7.05  10.80
10.80  13.18
13.18  23.48
23.48  30.70
30.70  36.95
36.95  40.54
40.54  41.67
41.67  57.14
57.14  68.69
68.69  72.16
72.16  77.58
77.58  81.96
81.96  92.18
92.18  107.48
107.48  113.28
113.28  121.29
121.29  122.54
122.54  127.59
127.59  132.72
132.72  138.93
138.93  143.14
143.14  149.86
149.86  153.28
153.28  160.49
160.49  171.25
171.25  181.81
181.81  194.11
194.11  199.95
199.95  203.95
203.95  211.17
211.17  217.26
217.26  223.51
223.51  227.14
227.14  228.14
228.14  234.11
234.11  235.74
235.74  239.24
239.24  241.28
