0.00  3.59
3.59  9.68
9.68  15.68
15.68  20.23
20.23  22.11
22.11  24.36
24.36  26.07
26.07  28.11
28.11  31.95
31.95  35.37
35.37  36.83
36.83  42.63
42.63  49.59
49.59  53.34
53.34  60.77
60.77  64.06
64.06  69.40
69.40  83.50
83.50  85.42
85.42  87.21
87.21  90.76
90.76  96.39
96.39  100.60
100.60  104.81
104.81  106.77
106.77  110.78
110.78  120.95
120.95  123.62
123.62  127.21
127.21  134.84
134.84  137.05
137.05  138.81
138.81  139.64
139.64  142.39
142.39  144.02
144.02  147.15
147.15  148.06
148.06  152.07
152.07  154.78
154.78  157.78
157.78  160.16
160.16  164.12
164.12  167.21
167.21  172.92
172.92  182.06
182.06  189.40
189.40  196.15
196.15  198.16
198.16  203.04
203.04  206.83
206.83  211.25
211.25  218.59
218.59  221.93
221.93  230.19
230.19  232.61
232.61  234.90
234.90  236.90
236.90  250.33
250.33  258.09
258.09  260.47
