0.00  0.88
0.88  3.63
3.63  7.17
7.17  12.22
12.22  29.32
29.32  31.28
31.28  39.21
39.21  47.05
47.05  48.51
48.51  49.34
49.34  50.22
50.22  51.09
51.09  52.30
52.30  53.18
53.18  64.77
64.77  67.40
67.40  70.07
70.07  74.53
74.53  76.37
76.37  77.20
77.20  77.91
77.91  82.87
82.87  85.17
85.17  88.46
88.46  94.18
94.18  96.22
96.22  97.56
97.56  99.89
99.89  103.65
103.65  105.44
105.44  117.33
117.33  120.37
120.37  121.41
121.41  124.62
124.62  129.09
129.09  132.38
132.38  134.84
134.84  137.85
137.85  142.85
142.85  144.44
144.44  145.14
145.14  149.02
149.02  151.03
151.03  153.32
153.32  157.62
157.62  161.74
161.74  163.58
163.58  174.22
174.22  178.14
178.14  183.39
183.39  184.52
184.52  185.94
185.94  191.90
191.90  196.11
196.11  200.74
200.74  203.75
203.75  210.96
210.96  215.55
215.55  219.89
219.89  228.31
228.31  230.94
230.94  235.74
235.74  237.61
237.61  241.99
241.99  251.08
251.08  255.05
255.05  258.22
258.22  264.93
264.93  272.90
272.90  280.53
280.53  292.67
292.67  295.46
