0.00  1.00
1.00  10.30
10.30  13.56
13.56  17.73
17.73  22.31
22.31  25.02
25.02  27.32
27.32  29.65
29.65  39.21
39.21  40.83
40.83  42.50
42.50  49.34
49.34  60.14
60.14  63.81
63.81  64.94
64.94  67.69
67.69  69.32
69.32  70.49
70.49  75.91
75.91  78.95
78.95  83.42
83.42  85.17
85.17  89.96
89.96  91.55
91.55  92.59
92.59  94.39
94.39  100.48
100.48  103.73
103.73  111.90
111.90  113.74
113.74  114.86
114.86  116.16
116.16  117.20
117.20  118.45
118.45  122.08
122.08  128.04
128.04  129.55
129.55  135.84
135.84  138.01
138.01  139.14
139.14  141.02
141.02  142.06
142.06  143.14
143.14  145.14
145.14  151.86
151.86  154.36
154.36  154.99
154.99  155.82
155.82  157.12
157.12  157.99
157.99  158.91
158.91  160.95
160.95  161.70
161.70  164.71
164.71  165.42
165.42  167.08
167.08  168.21
168.21  169.75
169.75  170.75
170.75  172.13
172.13  173.76
173.76  182.60
182.60  189.81
189.81  192.73
192.73  199.24
199.24  200.49
200.49  201.62
201.62  203.87
203.87  205.41
205.41  218.22
218.22  220.97
220.97  223.77
223.77  224.60
224.60  225.56
225.56  229.31
229.31  231.69
231.69  232.86
232.86  234.61
234.61  235.99
235.99  237.36
237.36  239.36
239.36  240.57
240.57  244.95
244.95  247.50
