0.00  1.04
1.04  2.42
2.42  3.34
3.34  8.93
8.93  10.22
10.22  11.22
11.22  12.18
12.18  14.64
14.64  17.81
17.81  19.02
19.02  22.06
22.06  27.19
27.19  30.28
30.28  33.62
33.62  38.25
38.25  39.25
39.25  41.62
41.62  43.25
43.25  47.38
47.38  48.05
48.05  48.72
48.72  50.51
50.51  51.97
51.97  52.64
52.64  53.43
53.43  59.43
59.43  60.94
60.94  62.52
62.52  65.40
65.40  67.40
67.40  71.32
71.32  72.03
72.03  75.58
75.58  81.29
81.29  82.08
82.08  85.25
85.25  93.80
93.80  94.89
94.89  96.26
96.26  99.89
99.89  110.94
110.94  114.03
114.03  115.28
115.28  121.37
121.37  127.25
127.25  129.17
129.17  130.76
130.76  132.34
132.34  133.34
133.34  135.68
135.68  141.31
141.31  147.36
147.36  154.20
154.20  157.37
157.37  159.28
159.28  162.58
162.58  163.75
163.75  164.83
164.83  165.96
165.96  167.17
167.17  167.92
167.92  169.34
169.34  171.75
171.75  177.05
177.05  179.22
179.22  180.18
180.18  182.64
182.64  183.56
183.56  191.44
191.44  192.98
192.98  193.74
193.74  194.49
194.49  195.19
195.19  197.45
197.45  198.45
198.45  199.16
199.16  200.45
200.45  201.16
201.16  202.62
202.62  203.87
203.87  212.30
212.30  220.43
220.43  221.85
221.85  222.76
222.76  231.65
231.65  232.61
232.61  235.19
235.19  236.65
236.65  240.57
240.57  243.24
243.24  244.29
244.29  244.91
244.91  245.54
245.54  248.08
248.08  250.21
