0.00  1.00
1.00  14.64
14.64  16.02
16.02  16.98
16.98  22.44
22.44  30.45
30.45  34.24
34.24  35.91
35.91  38.46
38.46  39.21
39.21  39.91
39.91  41.04
41.04  41.83
41.83  44.59
44.59  46.05
46.05  62.60
62.60  69.40
69.40  71.57
71.57  74.16
74.16  75.49
75.49  77.54
77.54  80.08
80.08  81.41
81.41  83.33
83.33  85.42
85.42  87.63
87.63  89.05
89.05  90.05
90.05  90.72
90.72  91.80
91.80  92.88
92.88  96.97
96.97  101.43
101.43  115.45
115.45  128.71
128.71  133.47
133.47  142.23
142.23  161.54
161.54  168.63
168.63  175.51
175.51  178.72
178.72  179.68
179.68  181.26
181.26  186.90
186.90  196.40
196.40  197.78
197.78  209.25
209.25  213.34
213.34  215.13
215.13  218.43
218.43  220.64
