0.00  2.50
2.50  11.22
11.22  18.56
18.56  27.90
27.90  32.03
32.03  42.63
42.63  43.42
43.42  52.47
52.47  58.35
58.35  60.19
60.19  72.74
72.74  78.50
78.50  85.04
85.04  88.09
88.09  90.88
90.88  93.30
93.30  94.80
94.80  97.47
97.47  98.64
98.64  101.85
101.85  102.85
102.85  104.35
104.35  105.69
105.69  106.82
106.82  108.23
108.23  110.19
110.19  112.90
112.90  114.32
114.32  116.83
116.83  118.41
118.41  121.70
121.70  126.84
126.84  128.55
128.55  131.17
131.17  132.72
132.72  142.27
142.27  143.81
143.81  146.60
146.60  147.52
147.52  148.77
148.77  152.53
152.53  154.70
154.70  158.24
158.24  160.33
160.33  161.37
161.37  166.83
166.83  168.63
168.63  169.50
169.50  170.21
170.21  171.13
171.13  171.80
171.80  172.59
172.59  173.92
173.92  176.05
176.05  178.26
