0.00  1.29
1.29  3.42
3.42  5.34
5.34  13.89
13.89  23.02
23.02  25.15
25.15  26.78
26.78  33.20
33.20  34.33
34.33  38.25
38.25  39.75
39.75  41.29
41.29  44.59
44.59  54.76
54.76  58.35
58.35  61.81
61.81  62.73
62.73  63.94
63.94  67.23
67.23  68.90
68.90  70.03
70.03  74.41
74.41  76.62
76.62  77.62
77.62  79.29
79.29  80.62
80.62  81.66
81.66  82.33
82.33  84.08
84.08  85.00
85.00  87.96
87.96  89.96
89.96  91.55
91.55  92.38
92.38  94.09
94.09  95.51
95.51  96.72
96.72  99.35
99.35  101.77
101.77  104.15
104.15  106.69
106.69  107.98
107.98  109.32
109.32  111.53
111.53  114.99
114.99  117.62
117.62  118.95
118.95  119.66
119.66  122.25
122.25  124.21
124.21  125.75
125.75  129.13
129.13  130.88
130.88  135.30
135.30  136.30
136.30  137.85
137.85  140.52
140.52  143.10
143.10  146.48
146.48  150.23
150.23  154.40
154.40  160.74
160.74  166.83
166.83  168.88
168.88  174.72
174.72  176.55
176.55  177.43
177.43  178.30
178.30  179.26
179.26  181.81
181.81  182.81
182.81  184.23
184.23  185.10
185.10  188.48
188.48  189.44
189.44  190.86
190.86  192.40
192.40  194.28
194.28  195.99
195.99  196.99
196.99  198.53
198.53  200.62
200.62  203.87
203.87  205.12
205.12  206.92
206.92  207.79
207.79  209.46
209.46  210.92
210.92  212.00
212.00  213.13
213.13  215.84
