0.00  1.00
1.00  5.17
5.17  7.05
7.05  8.13
8.13  11.55
11.55  20.19
20.19  22.23
22.23  23.44
23.44  24.69
24.69  25.78
25.78  27.53
27.53  31.45
31.45  34.20
34.20  35.95
35.95  36.70
36.70  37.45
37.45  38.62
38.62  39.41
39.41  42.96
42.96  48.63
48.63  50.34
50.34  53.39
53.39  54.93
54.93  60.06
60.06  70.20
70.20  77.24
77.24  83.63
83.63  86.00
86.00  90.67
90.67  93.47
93.47  94.97
94.97  96.10
96.10  98.39
98.39  100.93
100.93  103.06
103.06  104.44
104.44  108.61
108.61  109.28
109.28  110.36
110.36  111.40
111.40  112.07
112.07  114.11
114.11  116.66
116.66  120.91
120.91  123.75
123.75  124.92
124.92  126.46
126.46  127.42
127.42  128.55
128.55  131.67
131.67  133.17
133.17  134.93
134.93  136.43
136.43  138.39
138.39  139.14
139.14  141.52
141.52  142.14
142.14  143.23
143.23  144.44
144.44  146.44
146.44  150.11
150.11  150.94
150.94  152.74
152.74  154.32
154.32  156.45
156.45  159.91
159.91  167.83
167.83  169.59
169.59  171.92
171.92  173.05
173.05  174.72
174.72  176.38
176.38  178.64
178.64  179.64
179.64  180.72
180.72  183.14
183.14  185.81
185.81  190.73
190.73  192.03
192.03  195.24
195.24  196.07
196.07  197.91
197.91  208.63
208.63  213.88
213.88  217.43
217.43  220.05
220.05  220.72
220.72  222.14
222.14  223.14
223.14  224.97
224.97  226.39
226.39  227.60
227.60  231.19
231.19  233.65
