0.00  4.80
4.80  6.13
6.13  7.42
7.42  12.80
12.80  14.76
14.76  19.44
19.44  26.65
26.65  31.32
31.32  32.62
32.62  43.71
43.71  48.13
48.13  60.31
60.31  69.53
69.53  72.24
72.24  74.20
74.20  76.53
76.53  78.62
78.62  80.29
80.29  82.79
82.79  85.38
85.38  87.84
87.84  89.96
89.96  91.22
91.22  94.01
94.01  101.02
101.02  111.15
111.15  112.11
112.11  113.24
113.24  114.78
114.78  125.75
125.75  132.51
132.51  141.39
141.39  148.40
148.40  161.74
161.74  164.12
164.12  166.42
166.42  168.67
168.67  172.01
172.01  176.63
176.63  178.14
178.14  181.06
181.06  181.81
181.81  182.77
182.77  184.73
184.73  189.48
189.48  193.44
193.44  196.65
196.65  201.33
201.33  205.08
205.08  208.75
208.75  214.26
214.26  218.72
218.72  222.14
222.14  223.43
223.43  239.57
239.57  240.28
240.28  242.78
242.78  248.33
248.33  269.14
269.14  272.27
