0.00  0.67
0.67  2.59
2.59  3.80
3.80  4.55
4.55  5.96
5.96  9.18
9.18  17.93
17.93  21.52
21.52  29.03
29.03  33.83
33.83  36.33
36.33  37.79
37.79  40.87
40.87  43.25
43.25  48.21
48.21  51.72
51.72  53.09
53.09  57.52
57.52  62.90
62.90  74.16
74.16  77.87
77.87  84.29
84.29  88.09
88.09  91.93
91.93  95.30
95.30  100.35
100.35  102.52
102.52  105.61
105.61  107.02
107.02  109.90
109.90  112.03
112.03  120.29
120.29  130.46
130.46  135.09
135.09  140.06
140.06  141.72
141.72  147.06
147.06  156.03
156.03  162.20
162.20  164.46
164.46  166.54
166.54  169.13
169.13  171.25
171.25  172.92
172.92  176.47
176.47  178.26
178.26  181.31
181.31  184.35
184.35  201.16
