0.00  1.00
1.00  6.63
6.63  10.63
10.63  17.39
17.39  22.89
22.89  26.19
26.19  28.52
28.52  62.43
62.43  76.52
76.52  77.94
77.94  81.57
81.57  87.87
87.87  96.79
96.79  102.21
102.21  108.09
108.09  113.60
113.60  114.68
114.68  115.56
115.56  119.02
119.02  120.48
120.48  122.19
122.19  124.44
124.44  125.40
125.40  126.69
126.69  127.82
127.82  130.99
130.99  131.82
131.82  134.74
134.74  136.62
136.62  141.33
141.33  146.83
146.83  148.13
148.13  151.30
151.30  154.84
154.84  173.73
173.73  189.74
189.74  192.87
192.87  194.87
194.87  201.34
201.34  206.88
206.88  210.35
210.35  215.64
215.64  217.77
217.77  223.98
223.98  226.19
226.19  228.78
228.78  230.20
230.20  233.28
233.28  236.78
236.78  239.87
239.87  249.80
249.80  251.17
251.17  252.38
252.38  253.17
253.17  253.88
253.88  255.09
255.09  257.14
257.14  265.18
265.18  269.81
269.81  272.11
272.11  278.82
278.82  281.11
