0.00  10.97
10.97  12.97
12.97  18.60
18.60  21.18
21.18  21.98
21.98  23.60
23.60  29.98
29.98  33.69
33.69  42.37
42.37  62.59
62.59  65.60
65.60  71.23
71.23  80.98
80.98  84.03
84.03  97.83
97.83  103.34
103.34  107.34
107.34  110.93
110.93  125.48
125.48  137.28
137.28  143.50
143.50  149.25
149.25  153.17
153.17  157.17
157.17  165.22
165.22  171.69
171.69  179.28
179.28  190.58
190.58  195.58
195.58  211.14
211.14  222.73
222.73  232.15
232.15  234.45
234.45  237.45
237.45  253.17
253.17  255.63
255.63  257.47
257.47  260.43
