0.00  1.96
1.96  7.09
7.09  11.30
11.30  14.43
14.43  18.39
18.39  20.60
20.60  25.35
25.35  78.19
78.19  81.69
81.69  84.90
84.90  105.67
105.67  110.09
110.09  118.18
118.18  123.27
123.27  127.98
127.98  131.77
131.77  133.90
133.90  139.95
139.95  142.87
142.87  146.03
146.03  152.66
152.66  161.92
161.92  167.80
167.80  169.05
169.05  170.22
170.22  171.39
171.39  175.52
175.52  183.11
183.11  185.82
185.82  188.49
188.49  192.45
192.45  196.16
196.16  206.04
206.04  210.75
210.75  215.92
215.92  218.30
