0.00  6.71
6.71  8.88
8.88  11.68
11.68  14.26
14.26  15.05
15.05  17.26
17.26  44.29
44.29  49.88
49.88  52.59
52.59  60.47
60.47  63.10
63.10  68.18
68.18  76.36
76.36  92.16
92.16  98.96
98.96  101.67
101.67  108.80
108.80  110.22
110.22  116.77
116.77  127.57
127.57  128.53
128.53  151.42
151.42  161.43
161.43  167.56
167.56  169.73
169.73  171.06
171.06  175.28
175.28  178.20
178.20  181.99
181.99  183.37
183.37  187.75
187.75  189.66
189.66  190.58
190.58  194.29
194.29  218.98
218.98  223.15
223.15  224.82
224.82  227.86
227.86  229.86
229.86  231.74
231.74  233.74
233.74  234.58
234.58  238.25
238.25  239.16
239.16  240.08
240.08  241.25
241.25  242.25
242.25  243.04
243.04  245.71
245.71  248.30
248.30  249.63
249.63  256.47
256.47  263.27
263.27  265.40
265.40  267.06
267.06  270.48
270.48  280.12
280.12  285.50
285.50  293.54
293.54  299.05
