0.00  1.13
1.13  6.26
6.26  12.30
12.30  14.18
14.18  16.01
16.01  16.89
16.89  18.47
18.47  20.93
20.93  21.94
21.94  23.64
23.64  25.35
25.35  26.15
26.15  27.27
27.27  29.07
29.07  33.07
33.07  35.53
35.53  37.41
37.41  41.49
41.49  43.20
43.20  44.66
44.66  57.76
57.76  58.92
58.92  76.36
76.36  99.54
99.54  109.84
109.84  123.44
123.44  125.10
125.10  126.02
126.02  129.27
129.27  135.11
135.11  140.62
140.62  142.33
142.33  145.37
145.37  146.75
146.75  157.97
157.97  163.30
163.30  177.48
177.48  190.24
190.24  194.62
194.62  203.67
203.67  207.55
207.55  210.88
210.88  214.72
214.72  215.85
215.85  218.68
218.68  219.73
219.73  220.98
220.98  223.10
223.10  224.52
224.52  226.52
226.52  227.61
227.61  228.65
228.65  229.73
229.73  231.07
231.07  232.28
232.28  234.24
234.24  237.24
237.24  237.91
237.91  239.58
239.58  241.70
241.70  243.00
243.00  244.75
244.75  247.58
247.58  253.96
253.96  256.88
256.88  260.01
