0.00  33.70
33.70  37.24
37.24  73.06
73.06  79.36
79.36  90.62
90.62  94.62
94.62  101.42
101.42  105.13
105.13  110.34
110.34  119.43
119.43  123.31
123.31  135.86
135.86  140.20
140.20  153.50
153.50  159.72
159.72  172.27
172.27  179.78
179.78  191.33
191.33  193.04
193.04  195.71
195.71  199.17
199.17  200.88
200.88  202.67
202.67  204.01
204.01  207.80
207.80  211.76
211.76  214.64
214.64  217.73
217.73  220.60
220.60  224.11
224.11  231.40
231.40  235.37
235.37  242.33
242.33  246.29
246.29  248.75
248.75  251.13
251.13  260.43
260.43  264.72
264.72  267.02
