0.00  1.00
1.00  39.91
39.91  43.74
43.74  44.83
44.83  45.45
45.45  47.00
47.00  47.71
47.71  48.58
48.58  49.96
49.96  52.42
52.42  55.05
55.05  57.13
57.13  59.09
59.09  67.39
67.39  71.02
71.02  75.10
75.10  77.86
77.86  86.11
86.11  88.32
88.32  98.50
98.50  109.09
109.09  121.85
121.85  126.90
126.90  129.40
129.40  147.62
147.62  150.25
150.25  182.23
182.23  186.49
186.49  189.24
189.24  190.78
190.78  191.83
191.83  194.83
194.83  195.66
195.66  197.12
197.12  201.13
201.13  216.51
216.51  231.69
231.69  243.41
243.41  245.91
