0.00  3.29
3.29  9.42
9.42  14.43
14.43  15.30
15.30  16.64
16.64  24.98
24.98  29.94
29.94  31.82
31.82  36.61
36.61  47.29
47.29  56.46
56.46  62.51
62.51  71.48
71.48  75.27
75.27  85.57
85.57  97.04
97.04  104.09
104.09  108.80
108.80  110.92
110.92  112.34
112.34  115.26
115.26  117.18
117.18  118.43
118.43  119.22
119.22  120.02
120.02  121.22
121.22  124.10
124.10  131.65
131.65  136.82
136.82  143.03
143.03  145.45
145.45  147.62
147.62  150.75
150.75  153.75
153.75  156.38
156.38  157.46
157.46  158.26
158.26  159.01
159.01  162.34
162.34  164.18
164.18  165.64
165.64  167.80
167.80  168.97
168.97  169.76
169.76  181.52
181.52  182.90
182.90  184.44
184.44  189.36
189.36  193.24
193.24  194.41
194.41  198.16
198.16  198.87
198.87  202.50
202.50  204.17
204.17  206.34
206.34  210.55
210.55  215.22
215.22  217.64
217.64  218.51
218.51  220.97
220.97  222.77
222.77  226.44
226.44  228.10
228.10  229.06
229.06  230.56
230.56  237.20
237.20  239.86
