0.00  2.13
2.13  3.84
3.84  6.96
6.96  9.38
9.38  14.89
14.89  22.19
22.19  34.15
34.15  39.12
39.12  40.12
40.12  41.28
41.28  42.41
42.41  45.37
45.37  47.62
47.62  50.75
50.75  53.09
53.09  53.96
53.96  58.01
58.01  59.26
59.26  64.01
64.01  68.06
68.06  69.18
69.18  73.19
73.19  74.69
74.69  75.77
75.77  77.15
77.15  78.23
78.23  78.90
78.90  83.07
83.07  85.53
85.53  88.91
88.91  89.99
89.99  91.49
91.49  92.16
92.16  95.29
95.29  100.13
100.13  104.25
104.25  106.84
106.84  115.85
115.85  122.39
122.39  123.81
123.81  125.31
125.31  134.57
134.57  137.07
137.07  138.99
138.99  140.41
140.41  142.99
142.99  147.75
147.75  150.38
150.38  154.09
154.09  160.01
160.01  162.76
162.76  165.81
165.81  167.60
167.60  170.73
170.73  171.64
171.64  172.52
172.52  176.02
176.02  176.69
176.69  178.73
178.73  182.44
182.44  185.15
185.15  188.74
188.74  190.49
190.49  191.45
191.45  194.87
194.87  196.29
196.29  198.17
198.17  199.75
199.75  202.75
202.75  204.00
204.00  205.21
205.21  205.96
205.96  207.76
207.76  208.80
208.80  209.55
209.55  212.18
212.18  213.76
213.76  214.89
214.89  216.10
216.10  216.89
216.89  217.93
217.93  218.97
218.97  220.14
220.14  221.23
221.23  230.48
230.48  231.69
231.69  239.49
239.49  243.08
243.08  246.25
246.25  250.42
250.42  252.21
252.21  254.09
