0.00  2.54
2.54  4.84
4.84  8.88
8.88  10.38
10.38  14.34
14.34  18.35
18.35  19.60
19.60  21.10
21.10  21.98
21.98  22.85
22.85  25.81
25.81  27.86
27.86  31.32
31.32  40.78
40.78  43.49
43.49  44.70
44.70  46.33
46.33  49.04
49.04  56.13
56.13  62.93
62.93  68.30
68.30  71.72
71.72  79.73
79.73  81.94
81.94  83.48
83.48  84.61
84.61  85.44
85.44  88.45
88.45  92.37
92.37  98.25
98.25  99.04
99.04  99.95
99.95  101.58
101.58  103.29
103.29  105.71
105.71  106.38
106.38  107.63
107.63  110.42
110.42  111.38
111.38  112.38
112.38  113.97
113.97  115.18
115.18  116.55
116.55  120.22
120.22  123.22
123.22  124.43
124.43  125.10
125.10  126.98
126.98  129.69
129.69  131.56
131.56  134.65
134.65  137.74
137.74  144.99
144.99  149.49
149.49  150.83
150.83  152.58
152.58  157.38
157.38  159.38
159.38  162.59
162.59  166.17
166.17  167.55
167.55  169.59
169.59  174.56
174.56  179.14
179.14  180.06
180.06  190.69
190.69  197.91
197.91  199.99
199.99  207.87
207.87  211.13
