0.00  1.46
1.46  3.71
3.71  12.18
12.18  25.81
25.81  41.82
41.82  48.58
48.58  50.37
50.37  53.21
53.21  57.67
57.67  58.67
58.67  61.84
61.84  64.84
64.84  68.80
68.80  71.85
71.85  84.56
84.56  90.86
90.86  95.61
95.61  96.53
96.53  97.53
97.53  99.33
99.33  103.08
103.08  106.25
106.25  109.46
109.46  111.58
111.58  115.50
115.50  117.26
117.26  117.92
117.92  118.67
118.67  119.84
119.84  120.47
120.47  122.84
122.84  123.97
123.97  125.14
125.14  125.85
125.85  128.22
128.22  129.56
129.56  133.77
133.77  136.56
136.56  139.77
139.77  141.40
141.40  142.02
142.02  144.28
144.28  144.98
144.98  147.49
147.49  149.03
149.03  149.86
149.86  151.99
151.99  152.82
152.82  153.78
153.78  154.99
154.99  156.08
156.08  156.74
156.74  157.49
157.49  158.41
158.41  159.29
159.29  160.08
160.08  161.50
161.50  164.58
164.58  165.67
165.67  167.13
167.13  169.59
169.59  171.63
171.63  173.21
