0.00  2.29
2.29  5.25
5.25  8.59
8.59  12.18
12.18  14.22
14.22  21.56
21.56  26.52
26.52  29.94
29.94  32.69
32.69  34.78
34.78  38.32
38.32  39.87
39.87  40.62
40.62  41.74
41.74  44.16
44.16  45.25
45.25  47.04
47.04  49.21
49.21  53.63
53.63  56.97
56.97  65.14
65.14  70.35
70.35  73.31
73.31  77.69
77.69  78.94
78.94  80.99
80.99  82.07
82.07  83.15
83.15  84.36
84.36  88.03
88.03  89.45
89.45  92.70
92.70  94.08
94.08  94.79
94.79  96.17
96.17  97.00
97.00  97.92
97.92  98.54
98.54  101.29
101.29  102.00
102.00  102.84
102.84  105.17
105.17  106.01
106.01  107.38
107.38  108.26
108.26  109.43
109.43  111.72
111.72  112.76
112.76  115.06
115.06  115.77
115.77  119.23
119.23  120.69
120.69  121.77
121.77  122.69
122.69  124.48
124.48  125.94
125.94  126.86
126.86  127.69
127.69  132.78
132.78  133.45
133.45  134.41
134.41  135.53
135.53  136.49
136.49  138.87
138.87  140.79
140.79  142.54
142.54  144.21
144.21  144.92
144.92  148.92
148.92  150.50
150.50  156.59
156.59  159.43
159.43  162.22
162.22  163.43
163.43  165.02
165.02  169.06
169.06  170.85
170.85  172.86
172.86  175.61
175.61  176.61
176.61  177.73
177.73  178.49
178.49  182.41
182.41  183.24
183.24  186.78
186.78  188.91
188.91  200.71
200.71  203.13
203.13  205.84
205.84  207.97
207.97  218.89
218.89  223.27
223.27  233.03
233.03  266.39
266.39  278.65
278.65  281.53
281.53  286.66
286.66  288.45
