0.00  3.79
3.79  6.17
6.17  12.97
12.97  16.18
16.18  21.10
21.10  27.61
27.61  30.86
30.86  32.74
32.74  38.74
38.74  44.83
44.83  51.04
51.04  56.42
56.42  59.63
59.63  60.39
60.39  61.68
61.68  64.35
64.35  65.81
65.81  84.24
84.24  93.12
93.12  98.67
98.67  101.80
101.80  104.67
104.67  107.72
107.72  109.59
109.59  110.89
110.89  114.52
114.52  115.77
115.77  125.07
125.07  140.12
140.12  151.00
151.00  156.01
156.01  169.65
169.65  175.11
175.11  177.53
177.53  183.62
183.62  194.46
194.46  208.26
208.26  210.26
210.26  215.52
215.52  221.77
221.77  236.62
236.62  244.63
244.63  255.47
255.47  258.35
258.35  263.02
263.02  269.27
269.27  289.08
289.08  291.88
291.88  295.50
295.50  296.59
