0.00  1.00
1.00  4.88
4.88  12.01
12.01  14.93
14.93  24.56
24.56  27.52
27.52  31.52
31.52  38.44
38.44  40.57
40.57  43.70
43.70  46.32
46.32  48.28
48.28  48.91
48.91  49.91
49.91  51.49
51.49  52.62
52.62  53.49
53.49  55.08
55.08  57.83
57.83  60.92
60.92  65.54
65.54  68.38
68.38  73.22
73.22  77.51
77.51  79.43
79.43  85.43
85.43  87.23
87.23  89.52
89.52  93.98
93.98  96.27
96.27  98.28
98.28  100.74
100.74  105.66
105.66  111.87
111.87  116.91
116.91  118.62
118.62  120.79
120.79  121.92
121.92  129.21
129.21  131.34
