0.00  4.34
4.34  12.18
12.18  17.51
17.51  54.38
54.38  88.03
88.03  94.58
94.58  96.62
96.62  99.96
99.96  103.04
103.04  104.63
104.63  106.71
106.71  108.72
108.72  110.18
110.18  111.93
111.93  115.60
115.60  118.77
118.77  120.73
120.73  124.73
124.73  128.69
128.69  135.82
135.82  138.62
138.62  144.04
144.04  149.71
149.71  156.76
156.76  177.48
177.48  185.03
185.03  189.49
189.49  195.71
195.71  197.00
197.00  203.80
203.80  206.67
206.67  212.85
212.85  217.72
217.72  220.77
220.77  222.31
222.31  256.72
256.72  261.05
