0.00  2.21
2.21  5.46
5.46  7.80
7.80  9.55
9.55  22.39
22.39  24.19
24.19  33.11
33.11  47.79
47.79  51.04
51.04  56.17
56.17  65.31
65.31  69.85
69.85  70.56
70.56  72.31
72.31  75.86
75.86  77.06
77.06  78.36
78.36  82.57
82.57  107.47
107.47  124.02
124.02  144.50
144.50  175.15
175.15  179.03
179.03  188.83
188.83  201.71
201.71  205.72
205.72  216.22
216.22  221.10
221.10  223.65
223.65  226.27
226.27  228.11
228.11  228.98
228.98  230.69
230.69  231.61
231.61  232.49
232.49  234.57
234.57  235.57
235.57  237.45
237.45  239.70
239.70  245.50
245.50  247.50
247.50  254.26
254.26  256.92
256.92  261.26
261.26  262.93
262.93  265.39
