0.00  0.67
0.67  13.60
13.60  35.54
35.54  44.59
44.59  46.67
46.67  50.93
50.93  53.09
53.09  56.26
56.26  60.85
60.85  64.06
64.06  65.36
65.36  66.27
66.27  68.36
68.36  69.99
69.99  72.41
72.41  73.49
73.49  79.20
79.20  81.46
81.46  83.58
83.58  95.35
95.35  103.14
103.14  127.88
127.88  135.34
135.34  137.39
137.39  139.72
139.72  149.73
149.73  155.49
155.49  156.74
156.74  157.91
157.91  160.37
160.37  160.99
160.99  161.74
161.74  162.70
162.70  163.75
163.75  166.21
166.21  168.79
168.79  174.34
174.34  179.22
179.22  182.18
