0.00  1.04
1.04  8.13
8.13  10.80
10.80  14.39
14.39  18.18
18.18  23.69
23.69  25.07
25.07  28.45
28.45  29.53
29.53  31.20
31.20  32.12
32.12  33.12
33.12  34.87
34.87  37.41
37.41  38.50
38.50  40.67
40.67  42.33
42.33  50.09
50.09  52.39
52.39  55.68
55.68  64.77
64.77  83.29
83.29  84.92
84.92  94.72
94.72  96.10
96.10  98.01
98.01  102.35
102.35  104.40
104.40  110.07
110.07  115.62
115.62  119.16
119.16  121.96
121.96  123.75
123.75  128.09
128.09  130.38
130.38  137.51
137.51  149.48
149.48  158.16
158.16  159.37
159.37  160.99
160.99  180.47
180.47  182.85
182.85  191.94
191.94  194.53
194.53  198.70
198.70  201.83
201.83  206.71
206.71  209.54
209.54  211.63
211.63  212.34
212.34  214.01
214.01  216.76
216.76  217.38
217.38  218.51
218.51  227.27
227.27  241.82
241.82  244.83
