0.00  4.30
4.30  5.13
5.13  9.72
9.72  16.14
16.14  21.44
21.44  24.40
24.40  27.44
27.44  29.70
29.70  31.36
31.36  33.49
33.49  36.87
36.87  41.37
41.37  45.04
45.04  46.84
46.84  48.88
48.88  49.76
49.76  52.72
52.72  55.14
55.14  55.93
55.93  57.39
57.39  59.48
59.48  60.35
60.35  61.35
61.35  62.52
62.52  63.19
63.19  65.52
65.52  66.32
66.32  68.28
68.28  70.99
70.99  72.28
72.28  73.82
73.82  75.07
75.07  76.37
76.37  77.33
77.33  78.54
78.54  81.00
81.00  82.37
82.37  84.17
84.17  87.63
87.63  88.67
88.67  89.63
89.63  90.80
90.80  93.01
93.01  94.26
94.26  95.76
95.76  97.47
97.47  113.20
113.20  122.79
122.79  133.42
133.42  135.76
135.76  145.06
145.06  148.65
148.65  149.73
149.73  152.65
152.65  154.24
154.24  156.78
156.78  158.83
158.83  162.70
162.70  166.12
166.12  167.88
167.88  169.17
169.17  170.75
170.75  173.72
173.72  178.89
178.89  180.89
180.89  186.31
186.31  196.28
196.28  198.03
198.03  203.08
203.08  204.37
204.37  209.71
209.71  212.63
212.63  217.84
217.84  220.22
220.22  224.72
224.72  231.44
231.44  247.21
247.21  249.08
249.08  250.50
250.50  253.21
253.21  254.84
254.84  257.05
257.05  260.01
260.01  267.06
267.06  269.69
269.69  282.37
282.37  293.54
293.54  297.05
