0.00  1.00
1.00  3.50
3.50  6.67
6.67  12.93
12.93  18.10
18.10  20.52
20.52  23.65
23.65  25.57
25.57  26.61
26.61  28.15
28.15  32.62
32.62  37.08
37.08  39.87
39.87  43.46
43.46  44.79
44.79  57.81
57.81  59.64
59.64  61.27
61.27  63.56
63.56  69.74
69.74  71.78
71.78  78.50
78.50  81.50
81.50  84.17
84.17  86.17
86.17  87.55
87.55  90.59
90.59  92.76
92.76  100.48
100.48  102.19
102.19  103.94
103.94  107.44
107.44  111.07
111.07  114.07
114.07  117.28
117.28  120.25
120.25  123.04
123.04  125.63
125.63  134.59
