0.00  8.68
8.68  12.10
12.10  16.93
16.93  19.94
19.94  22.73
22.73  29.24
29.24  31.74
31.74  35.12
35.12  38.04
38.04  46.46
46.46  51.05
51.05  55.76
55.76  74.74
74.74  76.28
76.28  80.50
80.50  82.12
82.12  86.92
86.92  89.05
89.05  94.34
94.34  96.26
96.26  109.48
109.48  112.40
112.40  120.62
120.62  124.42
124.42  129.21
129.21  140.31
140.31  141.85
141.85  152.69
152.69  154.03
154.03  157.24
157.24  159.41
159.41  162.83
162.83  165.54
165.54  171.21
171.21  177.72
177.72  181.06
181.06  183.02
