0.00  1.96
1.96  9.38
9.38  10.59
10.59  15.81
15.81  16.89
16.89  22.27
22.27  27.65
27.65  29.53
29.53  31.49
31.49  33.53
33.53  36.24
36.24  42.75
42.75  44.84
44.84  51.30
51.30  55.47
55.47  60.14
60.14  67.94
67.94  74.57
74.57  82.67
82.67  90.76
90.76  92.05
92.05  95.60
95.60  99.39
99.39  101.02
101.02  110.07
110.07  117.95
117.95  121.00
121.00  125.29
125.29  128.13
128.13  129.88
129.88  136.30
136.30  139.01
139.01  141.93
141.93  144.77
144.77  146.65
146.65  148.65
148.65  153.65
153.65  154.74
154.74  155.82
155.82  159.62
159.62  163.45
163.45  166.71
166.71  170.34
170.34  173.26
173.26  179.93
179.93  182.60
182.60  188.77
188.77  199.57
