0.00  2.00
2.00  6.38
6.38  8.63
8.63  10.84
10.84  13.85
13.85  16.43
16.43  28.32
28.32  32.03
32.03  34.53
34.53  36.33
36.33  39.71
39.71  40.96
40.96  43.88
43.88  52.14
52.14  52.97
52.97  53.97
53.97  54.72
54.72  55.47
55.47  56.22
56.22  58.18
58.18  64.61
64.61  71.61
71.61  74.82
74.82  77.70
77.70  80.96
80.96  92.30
92.30  94.26
94.26  95.09
95.09  96.43
96.43  97.51
97.51  99.22
99.22  101.68
101.68  110.90
110.90  129.96
129.96  158.95
158.95  160.49
160.49  162.04
162.04  162.83
162.83  164.33
164.33  166.58
166.58  170.80
170.80  171.80
171.80  174.97
174.97  180.01
180.01  183.10
183.10  185.27
185.27  190.52
190.52  193.44
193.44  194.94
194.94  196.28
196.28  198.66
198.66  200.66
200.66  201.62
201.62  210.13
210.13  213.09
213.09  217.09
217.09  226.52
226.52  229.31
229.31  230.02
230.02  233.07
233.07  235.23
235.23  238.82
238.82  240.03
240.03  242.83
242.83  244.24
244.24  245.29
245.29  251.96
251.96  261.59
261.59  262.55
262.55  264.01
264.01  266.43
266.43  268.31
