0.00  1.00
1.00  12.89
12.89  22.15
22.15  23.77
23.77  28.32
28.32  41.83
41.83  43.59
43.59  45.30
45.30  47.30
47.30  50.80
50.80  57.06
57.06  61.23
61.23  62.52
62.52  68.23
68.23  69.07
69.07  72.49
72.49  75.91
75.91  86.04
86.04  89.80
89.80  90.92
90.92  101.43
101.43  105.36
105.36  109.15
109.15  111.95
111.95  113.74
113.74  115.11
115.11  117.24
117.24  119.49
119.49  121.79
121.79  123.08
123.08  124.00
124.00  124.83
124.83  125.67
125.67  127.75
127.75  131.55
131.55  134.76
134.76  139.01
139.01  140.43
140.43  141.18
141.18  141.89
141.89  142.73
142.73  143.73
143.73  144.44
144.44  145.65
145.65  146.98
146.98  148.52
148.52  149.19
149.19  150.02
150.02  152.28
152.28  154.11
154.11  158.20
158.20  160.99
160.99  170.50
170.50  181.18
181.18  182.06
182.06  183.52
183.52  193.28
193.28  195.86
195.86  197.57
197.57  198.53
198.53  199.53
199.53  200.33
200.33  201.53
201.53  202.54
202.54  203.41
203.41  204.66
204.66  205.79
205.79  206.92
206.92  207.83
207.83  209.25
209.25  210.96
210.96  212.42
212.42  214.21
214.21  215.30
215.30  216.67
216.67  217.72
217.72  219.22
219.22  220.30
220.30  221.35
221.35  222.10
222.10  223.14
223.14  224.35
224.35  228.44
228.44  229.69
229.69  231.77
