0.00  1.04
1.04  5.84
5.84  6.92
6.92  11.14
11.14  14.31
14.31  18.60
18.60  21.40
21.40  24.48
24.48  28.03
28.03  29.32
29.32  33.91
33.91  35.03
35.03  36.29
36.29  39.62
39.62  42.17
42.17  51.76
51.76  55.05
55.05  56.77
56.77  58.56
58.56  60.52
60.52  62.10
62.10  63.56
63.56  65.36
65.36  67.03
67.03  68.07
68.07  70.40
70.40  75.66
75.66  84.42
84.42  87.46
87.46  109.15
109.15  111.74
111.74  115.07
115.07  118.54
118.54  120.66
120.66  123.25
123.25  126.92
126.92  129.55
129.55  132.63
132.63  135.97
135.97  137.89
137.89  142.39
142.39  144.27
144.27  147.15
147.15  148.73
148.73  150.53
150.53  152.07
152.07  153.74
153.74  154.57
154.57  155.78
155.78  156.61
156.61  157.87
157.87  166.04
166.04  177.97
177.97  187.48
187.48  191.44
191.44  193.57
193.57  196.49
196.49  199.24
199.24  200.33
200.33  206.54
206.54  211.71
211.71  214.17
214.17  215.88
215.88  216.93
216.93  218.89
218.89  221.60
221.60  224.39
224.39  226.81
226.81  228.06
228.06  229.90
229.90  235.44
235.44  238.66
238.66  239.95
239.95  242.20
242.20  246.20
246.20  248.79
248.79  252.17
252.17  252.96
252.96  253.96
253.96  254.84
254.84  257.13
257.13  257.80
257.80  259.05
259.05  260.64
260.64  274.90
274.90  278.99
