0.00  4.63
4.63  19.52
19.52  23.27
23.27  27.78
27.78  40.42
40.42  45.00
45.00  50.47
50.47  52.76
52.76  57.81
57.81  61.19
61.19  69.90
69.90  72.41
72.41  76.28
76.28  84.71
84.71  88.55
88.55  90.22
90.22  92.72
92.72  96.22
96.22  100.73
100.73  103.19
103.19  104.52
104.52  106.98
106.98  110.82
110.82  112.36
112.36  115.03
115.03  117.74
117.74  123.50
123.50  126.92
126.92  135.43
135.43  139.14
139.14  140.27
140.27  142.89
142.89  146.73
146.73  151.03
151.03  157.12
157.12  161.33
161.33  163.00
163.00  166.00
166.00  178.68
178.68  180.10
180.10  181.39
181.39  182.39
182.39  187.06
187.06  190.94
190.94  192.86
192.86  200.78
200.78  208.08
208.08  213.55
213.55  225.31
225.31  229.19
229.19  241.53
241.53  253.96
253.96  259.84
259.84  263.76
263.76  277.94
277.94  288.29
288.29  298.92
