0.00  1.96
1.96  46.87
46.87  52.00
52.00  64.43
64.43  65.18
65.18  67.05
67.05  68.72
68.72  73.18
73.18  76.98
76.98  80.77
80.77  84.82
84.82  86.70
86.70  88.61
88.61  102.92
102.92  109.46
109.46  112.43
112.43  115.30
115.30  126.31
126.31  128.10
128.10  135.69
135.69  139.53
139.53  141.41
141.41  143.49
143.49  145.08
145.08  146.66
146.66  148.12
148.12  149.21
149.21  150.08
150.08  151.75
151.75  153.58
153.58  154.88
154.88  157.25
157.25  158.46
158.46  166.51
166.51  175.02
175.02  182.07
182.07  184.36
184.36  198.95
198.95  201.29
201.29  202.16
202.16  204.88
204.88  207.63
207.63  210.30
210.30  211.38
211.38  213.01
213.01  214.05
214.05  222.31
222.31  229.56
