0.00  14.97
14.97  17.89
17.89  20.93
20.93  31.11
31.11  34.45
34.45  38.91
38.91  52.17
52.17  53.54
53.54  55.84
55.84  58.17
58.17  59.67
59.67  62.09
62.09  63.55
63.55  66.31
66.31  69.18
69.18  74.90
74.90  77.02
77.02  79.23
79.23  81.03
81.03  86.66
86.66  88.57
88.57  90.24
90.24  94.25
94.25  103.17
103.17  112.34
112.34  113.64
113.64  115.26
115.26  116.56
116.56  121.31
121.31  122.60
122.60  125.19
125.19  126.94
126.94  130.44
130.44  132.82
132.82  133.65
133.65  135.11
135.11  139.66
139.66  142.83
142.83  145.08
145.08  146.33
146.33  147.54
147.54  153.71
153.71  160.51
160.51  163.01
163.01  170.89
170.89  176.61
176.61  177.86
177.86  181.44
181.44  185.49
185.49  188.12
188.12  204.46
204.46  206.01
206.01  217.01
217.01  233.32
233.32  239.62
239.62  250.21
250.21  252.75
