0.00  1.29
1.29  5.42
5.42  20.52
20.52  21.73
21.73  27.40
27.40  28.86
28.86  34.65
34.65  38.03
38.03  39.45
39.45  40.66
40.66  41.28
41.28  45.00
45.00  46.25
46.25  48.54
48.54  49.37
49.37  50.54
50.54  51.83
51.83  52.92
52.92  54.59
54.59  55.71
55.71  58.71
58.71  60.26
60.26  61.09
61.09  62.38
62.38  63.84
63.84  65.93
65.93  69.35
69.35  70.93
70.93  73.60
73.60  74.31
74.31  76.48
76.48  77.69
77.69  78.44
78.44  79.57
79.57  82.65
82.65  84.15
84.15  85.45
85.45  87.53
87.53  88.53
88.53  89.53
89.53  91.87
91.87  93.66
93.66  96.58
96.58  99.16
99.16  101.46
101.46  102.58
102.58  104.17
104.17  107.09
107.09  115.01
115.01  116.39
116.39  120.72
120.72  121.98
121.98  124.35
124.35  126.77
126.77  129.98
129.98  131.86
131.86  135.90
135.90  139.49
139.49  141.99
141.99  145.79
145.79  148.08
148.08  150.00
150.00  151.17
151.17  155.63
155.63  158.55
158.55  163.18
163.18  164.55
164.55  171.10
171.10  183.53
183.53  187.49
187.49  209.88
209.88  211.76
211.76  214.13
214.13  218.60
218.60  222.81
222.81  229.61
229.61  238.28
