0.00  4.75
4.75  9.47
9.47  10.84
10.84  18.02
18.02  22.11
22.11  27.99
27.99  29.86
29.86  35.49
35.49  43.08
43.08  47.13
47.13  50.22
50.22  53.01
53.01  53.80
53.80  55.68
55.68  62.02
62.02  63.31
63.31  65.69
65.69  68.03
68.03  71.32
71.32  80.96
80.96  82.46
82.46  85.42
85.42  87.21
87.21  88.38
88.38  93.68
93.68  94.76
94.76  96.68
96.68  97.76
97.76  99.81
99.81  100.48
100.48  106.11
106.11  106.82
106.82  110.15
110.15  110.94
110.94  113.99
113.99  117.99
117.99  118.79
118.79  120.58
120.58  121.33
121.33  123.00
123.00  123.71
123.71  127.00
127.00  128.50
128.50  131.05
131.05  132.59
132.59  133.51
133.51  134.43
134.43  136.55
136.55  146.02
146.02  152.57
152.57  159.66
159.66  162.66
162.66  163.50
163.50  165.71
165.71  167.38
167.38  172.13
172.13  175.05
175.05  178.34
178.34  179.60
179.60  181.51
181.51  182.85
182.85  183.85
183.85  186.60
186.60  189.36
189.36  195.07
