0.00  4.92
4.92  11.18
11.18  14.35
14.35  36.03
36.03  41.28
41.28  46.50
46.50  53.42
53.42  61.84
61.84  70.18
70.18  81.40
81.40  83.07
83.07  84.90
84.90  90.49
90.49  92.49
92.49  107.05
107.05  116.35
116.35  120.93
120.93  123.14
123.14  134.28
134.28  135.86
135.86  137.70
137.70  141.12
141.12  144.70
144.70  146.50
146.50  147.41
147.41  149.33
149.33  157.46
157.46  168.85
168.85  172.02
172.02  173.14
173.14  179.78
179.78  198.25
198.25  201.46
201.46  203.92
203.92  206.05
206.05  212.76
212.76  214.89
214.89  215.89
215.89  216.81
216.81  220.35
220.35  245.20
245.20  249.63
249.63  256.05
