0.00  2.71
2.71  8.26
8.26  13.05
13.05  15.10
15.10  18.68
18.68  20.56
20.56  22.48
22.48  26.27
26.27  27.81
27.81  29.77
29.77  33.86
33.86  70.10
70.10  84.23
84.23  97.12
97.12  98.66
98.66  100.79
100.79  103.58
103.58  105.17
105.17  106.04
106.04  110.13
110.13  115.88
115.88  117.51
117.51  128.98
128.98  145.12
145.12  148.41
148.41  150.54
150.54  152.62
152.62  176.35
176.35  180.06
180.06  182.73
182.73  184.52
184.52  188.11
188.11  189.90
189.90  199.16
199.16  205.66
205.66  210.84
