0.00  10.43
10.43  11.76
11.76  13.34
13.34  15.05
15.05  15.89
15.89  16.97
16.97  18.14
18.14  19.43
19.43  21.81
21.81  26.10
26.10  28.15
28.15  29.69
29.69  31.86
31.86  34.11
34.11  35.07
35.07  35.95
35.95  36.70
36.70  37.49
37.49  40.49
40.49  42.08
42.08  42.95
42.95  48.16
48.16  54.92
54.92  57.13
57.13  59.72
59.72  61.47
61.47  64.93
64.93  65.80
65.80  69.56
69.56  72.31
72.31  73.27
73.27  74.10
74.10  76.81
76.81  83.48
83.48  84.94
84.94  85.69
85.69  89.70
89.70  91.03
91.03  92.37
92.37  93.74
93.74  95.95
95.95  97.16
97.16  99.62
99.62  102.71
102.71  104.79
104.79  111.63
111.63  114.38
114.38  117.18
117.18  119.14
119.14  121.31
121.31  124.02
124.02  124.89
124.89  132.40
132.40  135.78
135.78  138.20
138.20  139.36
139.36  161.76
161.76  171.72
171.72  173.18
173.18  174.18
174.18  179.19
179.19  179.94
179.94  180.73
180.73  181.40
181.40  182.15
182.15  183.02
183.02  184.02
184.02  185.82
185.82  187.19
187.19  188.11
188.11  188.99
188.99  190.95
190.95  193.82
193.82  194.53
194.53  195.49
195.49  196.41
196.41  199.08
199.08  200.00
200.00  202.21
202.21  204.75
204.75  208.38
208.38  210.05
210.05  211.21
211.21  212.76
212.76  215.34
215.34  216.55
216.55  217.76
217.76  224.64
