0.00  4.17
4.17  6.13
6.13  7.38
7.38  8.72
8.72  10.22
10.22  11.76
11.76  13.76
13.76  17.22
17.22  19.10
19.10  20.35
20.35  27.31
27.31  29.15
29.15  31.32
31.32  32.74
32.74  34.95
34.95  35.70
35.70  36.82
36.82  40.41
40.41  52.84
52.84  114.35
114.35  115.68
115.68  117.10
117.10  118.60
118.60  145.83
145.83  148.17
148.17  195.58
195.58  198.54
198.54  202.84
202.84  204.26
204.26  206.01
206.01  224.61
224.61  235.53
235.53  242.96
242.96  245.42
245.42  249.00
249.00  251.34
251.34  255.42
255.42  257.26
257.26  260.43
260.43  268.44
268.44  271.44
271.44  276.65
