0.00  8.47
8.47  10.26
10.26  63.85
63.85  69.27
69.27  84.57
84.57  93.04
93.04  94.08
94.08  97.54
97.54  99.67
99.67  109.64
109.64  110.93
110.93  115.14
115.14  123.19
123.19  153.46
153.46  161.18
161.18  168.31
168.31  171.56
171.56  173.11
173.11  179.28
179.28  185.78
185.78  188.91
188.91  191.37
191.37  192.87
192.87  211.81
211.81  216.52
216.52  218.77
218.77  232.78
232.78  236.29
236.29  243.62
243.62  252.92
252.92  264.18
264.18  274.57
274.57  277.86
277.86  280.28
280.28  281.24
281.24  287.00
287.00  288.79
