0.00  37.76
37.76  53.46
53.46  58.30
58.30  61.10
61.10  64.07
64.07  67.08
67.08  76.92
76.92  79.43
79.43  81.93
81.93  133.14
133.14  143.96
143.96  147.86
147.86  153.67
153.67  165.81
165.81  172.13
172.13  174.55
174.55  176.08
176.08  177.48
177.48  178.24
178.24  180.53
180.53  181.76
181.76  183.16
183.16  184.27
184.27  203.82
203.82  205.39
205.39  212.27
212.27  214.47
214.47  215.87
215.87  216.98
216.98  219.40
219.40  222.49
222.49  226.27
226.27  227.58
227.58  236.49
236.49  242.22
242.22  248.42
248.42  258.94
258.94  261.53
261.53  265.77
265.77  266.79
266.79  270.82
270.82  296.15
296.15  297.34
297.34  298.57
298.57  302.17
302.17  310.28
310.28  312.19
