0.00  18.22
18.22  21.68
21.68  32.44
32.44  34.57
34.57  36.78
36.78  39.32
39.32  41.49
41.49  46.04
46.04  49.62
49.62  52.04
52.04  53.67
53.67  60.13
60.13  64.92
64.92  77.56
77.56  88.69
88.69  90.74
90.74  103.12
103.12  106.12
106.12  112.67
112.67  115.09
115.09  117.34
117.34  120.63
120.63  124.01
124.01  127.81
127.81  132.77
132.77  135.35
135.35  136.94
136.94  138.61
138.61  140.19
140.19  143.32
143.32  146.65
146.65  151.07
151.07  154.29
154.29  155.62
155.62  156.75
156.75  160.50
160.50  163.04
163.04  165.88
165.88  166.50
166.50  167.55
167.55  168.80
168.80  169.92
169.92  174.63
174.63  175.47
175.47  177.76
177.76  181.14
