0.00  6.80
6.80  8.84
8.84  10.43
10.43  11.05
11.05  14.09
14.09  14.89
14.89  18.18
18.18  21.52
21.52  25.06
25.06  26.02
26.02  27.90
27.90  30.52
30.52  31.94
31.94  33.61
33.61  35.90
35.90  40.03
40.03  42.16
42.16  43.24
43.24  46.54
46.54  50.96
50.96  52.29
52.29  53.59
53.59  56.71
56.71  88.61
88.61  98.66
98.66  99.62
99.62  105.13
105.13  107.55
107.55  109.26
109.26  113.63
113.63  117.09
117.09  120.43
120.43  124.18
124.18  131.40
131.40  137.40
137.40  139.61
139.61  142.28
142.28  146.45
146.45  152.50
152.50  156.21
156.21  210.00
210.00  215.88
215.88  217.43
217.43  222.56
