0.00  7.59
7.59  18.43
18.43  33.20
33.20  34.74
34.74  35.82
35.82  37.70
37.70  40.87
40.87  42.33
42.33  44.75
44.75  49.29
49.29  52.30
52.30  53.96
53.96  71.10
71.10  72.27
72.27  86.03
86.03  86.91
86.91  90.74
90.74  169.35
169.35  170.02
170.02  172.23
172.23  175.69
175.69  179.03
179.03  180.45
180.45  181.36
181.36  182.66
182.66  183.87
183.87  184.91
184.91  186.58
186.58  187.49
187.49  188.83
188.83  189.91
189.91  190.58
190.58  191.79
191.79  192.54
192.54  199.42
199.42  200.59
200.59  203.13
203.13  206.59
206.59  207.97
207.97  208.89
208.89  212.35
212.35  213.14
213.14  214.64
214.64  216.23
216.23  217.52
217.52  218.98
218.98  220.56
220.56  223.69
223.69  234.41
234.41  236.37
236.37  241.96
241.96  246.21
246.21  248.42
248.42  252.88
252.88  256.22
256.22  266.52
266.52  267.81
267.81  269.57
269.57  275.90
275.90  276.70
276.70  277.32
277.32  279.66
279.66  281.49
281.49  283.79
283.79  284.83
284.83  292.63
292.63  301.59
301.59  303.80
