0.00  13.97
13.97  41.45
41.45  42.91
42.91  51.00
51.00  52.34
52.34  54.75
54.75  109.09
109.09  118.81
118.81  120.31
120.31  122.14
122.14  126.82
126.82  128.69
128.69  129.53
129.53  137.24
137.24  143.70
143.70  144.62
144.62  152.71
152.71  154.17
154.17  155.05
155.05  160.59
160.59  163.97
163.97  169.89
169.89  171.48
171.48  172.27
172.27  173.73
173.73  175.02
175.02  176.40
176.40  179.40
179.40  188.78
188.78  190.16
190.16  191.16
191.16  192.79
192.79  193.96
193.96  197.21
197.21  198.29
198.29  199.38
199.38  200.59
200.59  201.38
201.38  202.46
202.46  208.63
208.63  212.55
212.55  213.68
213.68  216.81
216.81  219.35
219.35  221.23
221.23  224.36
224.36  229.19
229.19  231.03
231.03  233.11
233.11  234.45
234.45  235.99
235.99  237.16
237.16  238.62
238.62  240.24
240.24  244.87
244.87  247.46
247.46  249.42
249.42  251.38
251.38  252.09
252.09  254.88
254.88  258.13
258.13  261.43
261.43  264.89
264.89  265.60
265.60  266.48
266.48  270.65
