0.00  1.38
1.38  3.50
3.50  4.96
4.96  7.21
7.21  10.13
10.13  12.39
12.39  13.72
13.72  15.26
15.26  16.18
16.18  17.76
17.76  19.06
19.06  22.48
22.48  25.56
25.56  30.02
30.02  33.49
33.49  34.24
34.24  35.53
35.53  37.49
37.49  38.41
38.41  39.74
39.74  41.28
41.28  45.29
45.29  48.62
48.62  53.00
53.00  55.80
55.80  58.55
58.55  80.82
80.82  85.40
85.40  87.91
87.91  89.37
89.37  91.16
91.16  92.70
92.70  94.70
94.70  96.54
96.54  98.66
98.66  100.21
100.21  101.63
101.63  103.08
103.08  104.71
104.71  106.21
106.21  109.63
109.63  126.27
126.27  130.69
130.69  134.32
134.32  135.74
135.74  137.66
137.66  144.49
144.49  149.00
149.00  154.42
154.42  158.21
158.21  168.39
168.39  174.14
174.14  179.86
179.86  209.17
209.17  223.48
223.48  232.40
232.40  233.98
233.98  234.65
234.65  238.49
