0.00  7.84
7.84  11.47
11.47  13.51
13.51  14.30
14.30  16.51
16.51  18.35
18.35  19.77
19.77  20.93
20.93  23.02
23.02  24.81
24.81  26.02
26.02  27.94
27.94  33.82
33.82  36.82
36.82  40.95
40.95  44.20
44.20  46.00
46.00  55.76
55.76  57.22
57.22  58.26
58.26  59.09
59.09  64.64
64.64  65.56
65.56  66.51
66.51  72.06
72.06  79.23
79.23  94.41
94.41  95.71
95.71  97.83
97.83  102.59
102.59  105.42
105.42  109.51
109.51  114.39
114.39  116.68
116.68  131.28
131.28  132.95
132.95  135.11
135.11  137.74
137.74  139.24
139.24  142.50
142.50  147.00
147.00  148.33
148.33  151.71
151.71  153.05
153.05  155.46
155.46  158.51
158.51  160.14
160.14  162.22
162.22  164.97
164.97  195.75
195.75  250.92
250.92  270.44
270.44  272.48
