0.00  3.34
3.34  9.84
9.84  11.88
11.88  17.18
17.18  19.35
19.35  35.53
35.53  41.28
41.28  42.82
42.82  45.87
45.87  49.75
49.75  53.50
53.50  54.62
54.62  57.46
57.46  59.13
59.13  60.42
60.42  61.55
61.55  62.80
62.80  64.71
64.71  67.18
67.18  78.10
78.10  84.10
84.10  85.31
85.31  86.15
86.15  87.40
87.40  89.48
89.48  92.19
92.19  93.65
93.65  94.49
94.49  97.07
97.07  97.78
97.78  101.78
101.78  103.33
103.33  105.62
105.62  106.29
106.29  107.04
107.04  108.16
108.16  110.37
110.37  113.67
113.67  115.04
115.04  116.13
116.13  118.13
118.13  119.26
119.26  120.30
120.30  127.97
127.97  129.43
129.43  134.39
134.39  135.73
135.73  136.39
136.39  137.56
137.56  138.94
138.94  140.52
140.52  142.61
142.61  148.99
148.99  152.11
152.11  153.28
153.28  157.28
157.28  159.74
159.74  160.87
160.87  162.58
162.58  164.12
