0.00  2.54
2.54  3.67
3.67  5.38
5.38  7.67
7.67  10.17
10.17  15.68
15.68  17.35
17.35  18.68
18.68  23.14
23.14  24.64
24.64  28.81
28.81  32.27
32.27  34.86
34.86  39.78
39.78  41.66
41.66  42.82
42.82  43.82
43.82  45.12
45.12  58.75
58.75  67.47
67.47  76.10
76.10  77.35
77.35  79.39
79.39  104.95
104.95  106.96
106.96  108.08
108.08  110.29
110.29  111.00
111.00  115.80
115.80  121.22
121.22  124.30
124.30  126.01
126.01  128.10
128.10  129.31
129.31  130.81
130.81  133.23
133.23  135.39
135.39  140.57
140.57  141.23
141.23  144.73
144.73  150.24
150.24  150.95
150.95  153.95
153.95  160.33
160.33  161.08
161.08  168.21
168.21  170.17
170.17  174.67
