0.00  0.67
0.67  7.46
7.46  10.26
10.26  11.59
11.59  12.34
12.34  13.38
13.38  15.64
15.64  17.43
17.43  19.72
19.72  21.06
21.06  22.35
22.35  23.81
23.81  27.81
27.81  31.73
31.73  34.86
34.86  38.74
38.74  41.78
41.78  46.24
46.24  48.66
48.66  51.12
51.12  52.46
52.46  54.25
54.25  63.84
63.84  83.81
83.81  85.52
85.52  87.36
87.36  89.19
89.19  94.49
94.49  102.45
102.45  115.33
115.33  119.50
119.50  134.97
134.97  137.68
137.68  146.11
146.11  147.19
147.19  148.69
148.69  152.28
152.28  154.74
154.74  156.16
156.16  159.20
