0.00  0.67
0.67  48.12
48.12  50.92
50.92  56.09
56.09  57.13
57.13  63.14
63.14  65.18
65.18  66.81
66.81  71.81
71.81  74.60
74.60  76.06
76.06  77.65
77.65  80.74
80.74  82.49
82.49  85.82
85.82  88.07
88.07  101.25
101.25  105.05
105.05  135.07
135.07  145.75
145.75  148.71
148.71  153.38
153.38  155.34
155.34  162.14
162.14  169.27
169.27  172.06
172.06  183.20
183.20  201.34
201.34  206.26
206.26  213.14
213.14  233.28
233.28  234.82
234.82  239.87
239.87  246.83
246.83  251.09
251.09  264.39
264.39  268.10
268.10  271.10
271.10  274.69
