0.00  0.63
0.63  3.63
3.63  17.93
17.93  19.52
19.52  22.52
22.52  23.65
23.65  31.82
31.82  32.74
32.74  49.79
49.79  103.96
103.96  107.26
107.26  108.84
108.84  111.30
111.30  112.68
112.68  116.56
116.56  121.56
121.56  122.94
122.94  157.38
157.38  160.26
160.26  161.35
161.35  170.77
170.77  180.53
180.53  182.41
182.41  185.20
185.20  187.28
187.28  193.04
193.04  194.46
194.46  197.13
197.13  206.97
206.97  209.76
209.76  211.35
211.35  214.64
214.64  242.33
242.33  262.47
262.47  265.02
265.02  275.53
275.53  276.74
276.74  280.74
