0.00  3.75
3.75  7.92
7.92  10.80
10.80  13.76
13.76  14.97
14.97  17.18
17.18  21.77
21.77  29.31
29.31  31.57
31.57  49.45
49.45  50.45
50.45  52.46
52.46  55.50
55.50  61.75
61.75  64.80
64.80  69.26
69.26  78.18
78.18  83.10
83.10  88.32
88.32  90.44
90.44  99.07
99.07  103.04
103.04  107.50
107.50  108.12
108.12  109.33
109.33  111.04
111.04  111.75
111.75  116.67
116.67  120.67
120.67  123.93
123.93  128.81
128.81  130.60
130.60  131.85
131.85  133.77
133.77  135.44
135.44  136.69
136.69  142.02
142.02  142.73
142.73  143.48
143.48  144.32
144.32  144.94
144.94  146.36
146.36  147.90
147.90  152.91
152.91  159.79
159.79  163.83
163.83  167.21
167.21  167.96
167.96  172.88
