0.00  0.67
0.67  2.71
2.71  3.63
3.63  10.26
10.26  11.09
11.09  22.31
22.31  24.31
24.31  36.61
36.61  38.28
38.28  41.49
41.49  44.00
44.00  61.13
61.13  80.82
80.82  92.58
92.58  94.50
94.50  95.75
95.75  97.29
97.29  99.50
99.50  102.25
102.25  103.00
103.00  104.88
104.88  105.76
105.76  110.55
110.55  115.06
115.06  116.52
116.52  118.93
118.93  119.85
119.85  121.23
121.23  123.81
123.81  124.77
124.77  129.19
129.19  130.36
130.36  131.24
131.24  132.03
132.03  148.29
148.29  150.46
150.46  153.21
153.21  154.30
154.30  155.84
155.84  159.88
159.88  184.82
184.82  190.79
190.79  191.58
191.58  193.08
193.08  209.72
209.72  212.97
212.97  215.18
215.18  216.06
216.06  218.98
218.98  222.81
222.81  223.69
223.69  232.82
232.82  236.49
236.49  240.79
240.79  242.83
242.83  245.50
245.50  247.17
247.17  247.83
247.83  270.06
