0.00  25.15
25.15  33.24
33.24  35.61
35.61  36.28
36.28  37.16
37.16  40.24
40.24  41.87
41.87  43.20
43.20  47.75
47.75  54.38
54.38  55.00
55.00  56.63
56.63  71.94
71.94  84.45
84.45  86.95
86.95  90.99
90.99  95.58
95.58  97.96
97.96  109.47
109.47  112.72
112.72  114.76
114.76  117.22
117.22  121.85
121.85  123.65
123.65  127.32
127.32  133.53
133.53  134.41
134.41  140.58
140.58  153.50
153.50  162.76
162.76  163.89
163.89  167.64
167.64  170.60
170.60  171.98
171.98  174.77
174.77  175.73
175.73  182.11
182.11  185.32
185.32  188.24
188.24  195.16
195.16  197.37
197.37  202.59
202.59  203.92
203.92  206.09
206.09  207.68
207.68  208.34
208.34  209.05
209.05  209.76
209.76  210.64
210.64  213.22
213.22  213.93
213.93  214.60
214.60  217.52
217.52  221.73
221.73  222.73
222.73  224.27
224.27  226.07
226.07  227.94
227.94  228.69
228.69  239.24
239.24  240.08
240.08  240.91
240.91  241.87
241.87  243.83
243.83  245.08
245.08  246.46
246.46  247.79
247.79  249.96
249.96  250.63
250.63  251.71
251.71  252.46
252.46  253.92
253.92  255.51
255.51  262.76
