0.00  1.71
1.71  3.67
3.67  5.21
5.21  6.88
6.88  9.59
9.59  14.14
14.14  16.81
16.81  19.35
19.35  20.98
20.98  23.57
23.57  25.86
25.86  29.45
29.45  30.91
30.91  32.03
32.03  33.99
33.99  35.08
35.08  36.29
36.29  37.62
37.62  39.12
39.12  40.37
40.37  41.12
41.12  42.17
42.17  42.92
42.92  44.00
44.00  45.55
45.55  46.84
46.84  47.76
47.76  49.13
49.13  49.88
49.88  52.72
52.72  53.97
53.97  55.26
55.26  56.85
56.85  58.10
58.10  58.81
58.81  59.48
59.48  60.44
60.44  62.69
62.69  63.52
63.52  66.32
66.32  67.40
67.40  68.57
68.57  69.57
69.57  71.78
71.78  73.16
73.16  74.20
74.20  76.33
76.33  81.33
81.33  83.29
83.29  84.38
84.38  85.34
85.34  86.59
86.59  88.96
88.96  90.51
90.51  91.72
91.72  93.68
93.68  96.01
96.01  97.14
97.14  98.22
98.22  99.14
99.14  102.23
102.23  111.57
111.57  113.99
113.99  123.50
123.50  128.17
128.17  130.09
