0.00  0.67
0.67  1.67
1.67  2.37
2.37  2.94
2.94  4.40
4.40  5.11
5.11  6.44
6.44  8.07
8.07  10.64
10.64  11.91
11.91  13.31
13.31  15.22
15.22  16.12
16.12  17.32
17.32  18.72
18.72  19.39
19.39  20.25
20.25  22.39
22.39  23.29
23.29  26.23
26.23  28.29
28.29  30.73
30.73  33.67
33.67  36.64
36.64  38.24
38.24  40.11
40.11  41.37
41.37  42.28
42.28  43.04
43.04  44.14
44.14  46.05
46.05  47.11
47.11  48.48
48.48  50.35
50.35  52.55
52.55  53.32
53.32  53.92
53.92  55.16
55.16  59.49
59.49  60.36
60.36  61.86
61.86  63.56
63.56  64.46
64.46  67.50
67.50  70.54
70.54  72.47
72.47  74.07
74.07  76.24
76.24  77.61
77.61  80.01
80.01  81.35
81.35  83.45
83.45  84.35
84.35  85.12
85.12  86.59
86.59  87.52
87.52  88.82
88.82  89.89
89.89  90.76
90.76  91.52
91.52  92.43
92.43  94.03
94.03  95.43
95.43  96.23
96.23  100.80
100.80  101.84
101.84  102.97
102.97  106.41
106.41  108.98
108.98  110.44
110.44  111.38
111.38  114.91
114.91  115.68
115.68  117.22
117.22  119.25
119.25  119.95
119.95  120.75
120.75  121.92
121.92  123.02
123.02  125.29
125.29  125.93
