0.00  0.63
0.63  4.70
4.70  8.44
8.44  16.32
16.32  24.06
24.06  29.20
29.20  32.07
32.07  35.24
35.24  37.37
37.37  38.74
38.74  39.91
39.91  43.94
43.94  44.84
44.84  47.35
47.35  52.12
52.12  54.35
54.35  56.29
56.29  61.03
61.03  64.56
64.56  69.27
69.27  71.47
71.47  73.64
73.64  75.38
75.38  78.81
78.81  80.91
80.91  83.38
83.38  90.16
90.16  93.03
93.03  98.03
98.03  114.51
114.51  117.35
117.35  120.95
120.95  123.49
123.49  130.40
130.40  139.44
139.44  142.64
142.64  145.01
145.01  148.68
148.68  151.22
151.22  154.35
154.35  173.81
173.81  174.87
174.87  178.18
178.18  181.25
181.25  190.39
190.39  191.49
191.49  192.83
192.83  194.63
194.63  200.07
