0.00  0.63
0.63  2.20
2.20  7.67
7.67  11.01
11.01  16.28
16.28  18.22
18.22  22.26
22.26  37.37
37.37  42.34
42.34  45.81
45.81  48.18
48.18  50.48
50.48  51.52
51.52  54.45
54.45  55.56
55.56  56.06
56.06  56.92
56.92  60.29
60.29  61.73
61.73  63.70
63.70  64.26
64.26  74.04
74.04  74.81
74.81  76.81
76.81  77.64
77.64  79.95
79.95  80.98
80.98  83.02
83.02  84.12
84.12  86.35
86.35  88.86
88.86  92.19
92.19  93.36
93.36  96.10
96.10  107.27
107.27  117.78
117.78  124.89
124.89  130.66
130.66  133.73
133.73  135.44
135.44  140.94
140.94  143.41
143.41  147.08
147.08  149.48
149.48  152.89
