0.00  0.70
0.70  2.47
2.47  4.54
4.54  5.37
5.37  6.24
6.24  7.21
7.21  9.34
9.34  10.68
10.68  11.88
11.88  14.71
14.71  15.35
15.35  16.55
16.55  21.35
21.35  37.57
37.57  46.55
46.55  52.12
52.12  56.76
56.76  63.16
63.16  69.40
69.40  72.17
72.17  73.87
73.87  78.38
78.38  82.08
82.08  84.02
84.02  84.92
84.92  87.42
87.42  88.79
88.79  90.62
90.62  92.06
92.06  92.76
92.76  94.16
94.16  94.96
94.96  96.73
96.73  98.10
98.10  99.90
99.90  100.60
100.60  102.64
102.64  104.37
104.37  106.34
106.34  109.98
109.98  111.48
111.48  112.28
112.28  113.05
113.05  115.12
115.12  117.35
117.35  117.98
117.98  118.95
118.95  119.59
119.59  123.06
123.06  124.49
124.49  132.13
132.13  135.47
135.47  141.67
141.67  145.51
145.51  148.08
148.08  149.95
149.95  151.89
151.89  153.05
153.05  155.09
155.09  157.09
157.09  158.19
158.19  160.19
160.19  162.00
162.00  163.30
163.30  165.57
165.57  167.33
167.33  169.30
169.30  171.10
171.10  175.78
175.78  176.51
176.51  180.15
180.15  183.25
183.25  184.28
184.28  185.75
185.75  188.99
188.99  190.09
190.09  191.89
191.89  193.16
193.16  194.36
194.36  200.63
200.63  209.11
209.11  211.71
211.71  217.35
217.35  219.19
219.19  220.95
220.95  226.19
226.19  229.03
229.03  230.86
230.86  235.34
235.34  236.84
236.84  239.34
239.34  240.94
240.94  241.98
241.98  243.31
243.31  244.68
244.68  245.31
245.31  246.58
246.58  248.82
248.82  250.22
250.22  251.12
251.12  252.05
252.05  253.19
253.19  256.96
256.96  258.59
258.59  259.59
259.59  262.80
262.80  266.77
266.77  272.31
272.31  273.97
273.97  275.58
275.58  276.24
276.24  277.61
277.61  279.58
279.58  283.05
283.05  286.09
286.09  289.02
289.02  291.29
291.29  292.79
292.79  294.19
294.19  298.97
298.97  300.47
300.47  302.24
302.24  303.60
303.60  304.84
304.84  309.84
309.84  310.78
310.78  314.65
314.65  316.62
316.62  318.02
318.02  321.75
321.75  323.89
323.89  326.93
326.93  329.13
329.13  332.30
332.30  333.17
333.17  334.67
334.67  335.30
335.30  337.27
337.27  338.81
338.81  341.51
341.51  343.21
343.21  346.45
346.45  349.68
349.68  350.85
350.85  353.25
353.25  355.52
355.52  357.99
