0.00  0.87
0.87  2.34
2.34  6.34
6.34  7.71
7.71  10.34
10.34  16.02
16.02  20.22
20.22  23.06
23.06  26.89
26.89  29.80
29.80  32.87
32.87  33.67
33.67  35.47
35.47  37.94
37.94  40.07
40.07  41.01
41.01  41.98
41.98  42.51
42.51  45.01
45.01  45.61
45.61  46.25
46.25  47.25
47.25  48.42
48.42  50.45
50.45  53.05
53.05  54.52
54.52  57.86
57.86  77.88
77.88  81.28
81.28  84.15
84.15  84.98
84.98  85.65
85.65  86.92
86.92  88.39
88.39  91.26
91.26  93.86
93.86  95.66
95.66  98.40
98.40  99.97
99.97  100.57
100.57  101.43
101.43  102.74
102.74  107.74
107.74  112.01
112.01  114.35
114.35  117.22
117.22  120.82
120.82  122.19
122.19  123.19
123.19  124.32
124.32  125.86
125.86  126.43
126.43  127.29
127.29  128.13
128.13  129.86
129.86  132.07
132.07  136.74
136.74  139.71
139.71  140.91
140.91  141.64
141.64  143.84
143.84  145.15
145.15  147.75
147.75  150.68
150.68  152.79
152.79  154.42
154.42  155.22
155.22  155.86
155.86  156.86
156.86  157.79
157.79  158.73
158.73  159.33
159.33  160.39
160.39  161.06
161.06  162.20
162.20  162.73
162.73  164.13
164.13  165.27
165.27  166.40
166.40  167.80
167.80  168.70
168.70  169.64
169.64  170.30
170.30  171.77
171.77  173.34
173.34  174.11
174.11  174.94
174.94  178.34
178.34  179.01
179.01  180.61
180.61  182.78
182.78  183.38
183.38  185.85
185.85  187.09
187.09  188.42
188.42  190.09
190.09  191.62
191.62  192.19
192.19  193.03
193.03  194.43
194.43  195.40
195.40  196.66
196.66  197.86
197.86  198.46
198.46  199.30
199.30  200.10
200.10  201.00
201.00  202.44
202.44  203.44
203.44  204.14
204.14  205.10
205.10  207.31
207.31  209.11
209.11  210.04
210.04  211.18
211.18  213.91
213.91  216.38
216.38  217.55
217.55  218.89
218.89  221.52
221.52  223.16
223.16  224.29
224.29  225.36
225.36  227.93
227.93  228.66
228.66  229.83
229.83  231.50
231.50  232.43
232.43  233.30
233.30  235.97
235.97  236.60
236.60  237.54
237.54  238.20
238.20  239.11
239.11  240.41
240.41  242.21
242.21  243.01
243.01  245.45
245.45  246.18
246.18  247.45
247.45  249.55
249.55  250.95
250.95  253.09
253.09  254.25
254.25  254.95
254.95  255.56
255.56  256.56
256.56  257.99
257.99  258.56
258.56  260.23
260.23  262.80
262.80  266.33
266.33  268.64
268.64  270.60
270.60  272.01
272.01  274.37
274.37  275.48
275.48  276.08
276.08  277.44
277.44  278.98
278.98  280.81
280.81  282.18
282.18  282.88
282.88  283.88
283.88  284.65
284.65  285.32
285.32  286.65
286.65  287.52
287.52  288.19
288.19  288.79
288.79  289.99
289.99  291.02
291.02  292.79
292.79  295.96
295.96  296.53
296.53  297.16
297.16  298.00
298.00  300.57
300.57  301.87
301.87  302.84
302.84  304.14
304.14  306.44
306.44  307.37
307.37  308.11
308.11  309.71
309.71  311.01
311.01  312.45
312.45  313.98
313.98  315.25
315.25  316.32
316.32  316.92
316.92  318.95
318.95  319.62
319.62  324.09
324.09  325.32
325.32  327.76
327.76  328.29
328.29  332.40
332.40  333.20
333.20  333.97
333.97  334.53
334.53  336.70
336.70  338.07
338.07  339.67
339.67  341.87
341.87  343.21
343.21  344.38
344.38  347.01
347.01  347.68
347.68  349.42
349.42  351.18
351.18  352.52
352.52  353.39
353.39  353.95
353.95  355.62
355.62  357.62
357.62  358.83
358.83  359.43
359.43  360.16
360.16  361.06
361.06  362.83
362.83  364.56
364.56  365.26
365.26  366.23
366.23  367.37
367.37  369.00
369.00  369.57
369.57  372.71
372.71  375.14
375.14  376.24
376.24  377.38
377.38  378.85
378.85  380.51
380.51  381.25
381.25  382.01
382.01  383.08
383.08  384.35
384.35  386.92
386.92  388.25
388.25  389.49
389.49  390.39
390.39  391.49
391.49  392.96
392.96  393.69
393.69  394.53
394.53  396.80
396.80  398.93
398.93  399.50
399.50  400.60
400.60  401.17
401.17  402.27
402.27  403.74
403.74  408.81
408.81  415.48
415.48  417.75
417.75  419.92
419.92  421.45
421.45  423.52
423.52  424.59
424.59  425.63
425.63  426.36
426.36  427.66
427.66  428.56
428.56  429.20
429.20  429.76
429.76  431.43
431.43  434.57
434.57  435.74
435.74  437.30
437.30  442.94
442.94  447.71
447.71  449.45
