0.00  1.50
1.50  3.77
3.77  5.17
5.17  8.21
8.21  11.14
11.14  12.31
12.31  14.35
14.35  16.02
16.02  17.38
17.38  20.22
20.22  24.66
24.66  28.70
28.70  30.43
30.43  31.87
31.87  33.77
33.77  36.17
36.17  37.07
37.07  43.04
43.04  44.04
44.04  45.81
45.81  47.48
47.48  51.32
51.32  53.82
53.82  57.92
57.92  59.19
59.19  60.49
60.49  62.26
62.26  63.06
63.06  68.64
68.64  71.81
71.81  72.64
72.64  74.24
74.24  75.94
75.94  78.14
78.14  80.15
80.15  84.52
84.52  88.76
88.76  96.90
96.90  98.10
98.10  101.03
101.03  102.77
102.77  108.14
108.14  111.88
111.88  112.91
112.91  114.45
114.45  115.62
115.62  117.02
117.02  129.06
129.06  133.53
133.53  134.63
134.63  144.28
144.28  146.98
146.98  148.95
148.95  150.25
150.25  151.25
151.25  157.22
157.22  158.32
158.32  159.49
159.49  162.03
162.03  164.80
164.80  165.87
165.87  167.67
167.67  168.94
168.94  171.77
171.77  173.34
173.34  174.87
174.87  176.18
176.18  179.08
179.08  181.41
181.41  184.08
184.08  186.42
186.42  188.02
188.02  191.12
191.12  194.39
194.39  197.93
197.93  200.30
200.30  203.70
203.70  212.91
212.91  214.55
