0.00  4.70
4.70  5.61
5.61  6.81
6.81  9.28
9.28  24.09
24.09  24.79
24.79  25.33
25.33  31.13
31.13  36.14
36.14  39.44
39.44  40.47
40.47  42.14
42.14  43.31
43.31  44.28
44.28  46.41
46.41  48.62
48.62  49.58
49.58  51.45
51.45  55.39
55.39  60.96
60.96  62.73
62.73  63.56
63.56  65.03
65.03  72.87
72.87  74.97
74.97  78.38
78.38  79.81
79.81  82.22
82.22  84.45
84.45  89.62
89.62  90.66
90.66  99.07
99.07  100.83
100.83  101.50
101.50  102.84
102.84  105.94
105.94  107.14
107.14  107.74
107.74  108.74
108.74  109.24
109.24  110.24
110.24  111.61
111.61  113.25
113.25  113.91
113.91  116.65
116.65  120.39
120.39  121.99
121.99  122.72
122.72  123.89
123.89  124.72
124.72  126.49
126.49  127.69
127.69  134.83
134.83  138.00
138.00  138.54
138.54  139.04
139.04  139.67
139.67  141.71
141.71  143.18
143.18  144.14
144.14  146.58
146.58  147.91
147.91  148.82
148.82  150.08
150.08  150.62
150.62  152.12
152.12  152.95
152.95  153.95
153.95  155.19
155.19  157.46
157.46  158.02
158.02  159.09
159.09  159.69
159.69  160.89
160.89  161.83
161.83  162.50
162.50  163.26
163.26  164.90
164.90  165.50
165.50  166.77
166.77  168.07
168.07  169.07
169.07  170.60
170.60  171.54
171.54  173.51
173.51  174.24
174.24  176.61
176.61  177.34
177.34  179.21
179.21  181.05
181.05  182.75
182.75  185.59
185.59  187.65
187.65  189.42
189.42  190.22
190.22  191.69
191.69  192.66
192.66  195.36
195.36  198.13
198.13  199.77
199.77  206.27
206.27  206.94
206.94  209.98
209.98  211.48
211.48  212.45
212.45  215.35
215.35  218.12
218.12  219.29
219.29  220.35
220.35  221.79
221.79  222.29
222.29  224.39
224.39  225.12
225.12  227.89
227.89  228.70
228.70  231.10
231.10  232.37
232.37  234.13
234.13  234.97
234.97  235.94
235.94  237.54
237.54  238.77
238.77  240.44
240.44  242.74
242.74  250.92
250.92  257.16
257.16  257.82
