0.00  0.67
0.67  3.64
3.64  9.08
9.08  10.61
10.61  18.18
18.18  20.22
20.22  22.99
22.99  28.90
28.90  30.66
30.66  34.30
34.30  36.17
36.17  37.60
37.60  40.54
40.54  47.28
47.28  56.39
56.39  57.86
57.86  61.73
61.73  68.30
68.30  76.44
76.44  77.51
77.51  78.34
78.34  78.98
78.98  79.88
79.88  81.61
81.61  82.28
82.28  83.42
83.42  84.25
84.25  85.59
85.59  86.92
86.92  88.19
88.19  89.12
89.12  90.32
90.32  97.23
97.23  98.13
98.13  99.93
99.93  101.47
101.47  102.64
102.64  104.57
104.57  108.91
108.91  111.04
111.04  112.55
112.55  114.68
114.68  116.62
116.62  117.28
117.28  120.15
120.15  121.62
121.62  123.06
123.06  125.36
125.36  128.39
128.39  131.50
131.50  132.70
132.70  133.67
133.67  135.70
135.70  136.74
136.74  139.47
139.47  140.01
140.01  141.54
141.54  142.14
142.14  142.81
142.81  143.64
143.64  144.21
144.21  145.85
145.85  148.45
148.45  153.29
153.29  156.79
156.79  158.02
158.02  160.93
160.93  163.96
163.96  166.17
166.17  167.67
167.67  168.77
168.77  169.90
169.90  171.70
171.70  172.57
172.57  174.71
174.71  178.28
178.28  179.31
179.31  181.85
181.85  182.35
182.35  185.19
185.19  187.35
187.35  188.69
188.69  190.46
190.46  194.79
194.79  198.16
198.16  203.67
203.67  209.81
209.81  211.31
211.31  213.55
213.55  214.88
214.88  218.59
218.59  221.02
221.02  222.42
222.42  226.76
226.76  228.96
228.96  237.90
