0.00  7.11
7.11  7.91
7.91  8.64
8.64  10.71
10.71  12.18
12.18  14.18
14.18  17.38
17.38  20.59
20.59  25.53
25.53  27.63
27.63  29.16
29.16  32.70
32.70  35.54
35.54  37.57
37.57  41.31
41.31  43.14
43.14  43.64
43.64  45.25
45.25  47.11
47.11  56.09
56.09  59.73
59.73  63.33
63.33  64.63
64.63  65.77
65.77  66.50
66.50  67.63
67.63  68.47
68.47  73.57
73.57  76.14
76.14  77.98
77.98  79.81
79.81  83.45
83.45  87.39
87.39  90.16
90.16  94.06
94.06  98.13
98.13  105.07
105.07  107.24
107.24  112.05
112.05  113.45
113.45  115.38
115.38  119.62
119.62  121.89
121.89  126.06
126.06  133.83
133.83  140.71
140.71  142.01
142.01  143.48
143.48  147.15
147.15  149.38
149.38  150.88
150.88  152.69
152.69  157.42
157.42  158.83
158.83  163.86
163.86  165.93
165.93  167.63
167.63  168.47
168.47  169.67
169.67  170.70
170.70  171.50
171.50  175.91
175.91  179.28
179.28  180.55
180.55  182.35
182.35  185.25
185.25  187.32
187.32  189.39
189.39  192.79
192.79  195.09
195.09  199.53
199.53  201.03
201.03  202.97
202.97  205.37
205.37  206.77
206.77  210.11
210.11  214.18
214.18  217.42
217.42  218.22
218.22  221.32
221.32  223.59
223.59  229.96
229.96  231.83
231.83  233.13
233.13  236.30
236.30  238.04
238.04  241.37
241.37  268.30
268.30  278.78
278.78  280.41
