0.00  11.44
11.44  15.78
15.78  16.85
16.85  18.15
18.15  19.25
19.25  22.19
22.19  24.42
24.42  26.33
26.33  27.49
27.49  28.33
28.33  29.00
29.00  30.13
30.13  32.10
32.10  34.33
34.33  39.77
39.77  43.48
43.48  51.52
51.52  53.65
53.65  56.06
56.06  56.79
56.79  58.49
58.49  60.23
60.23  61.53
61.53  63.00
63.00  63.66
63.66  64.16
64.16  66.63
66.63  78.31
78.31  92.99
92.99  99.47
99.47  105.84
105.84  107.17
107.17  110.11
110.11  114.21
114.21  118.75
118.75  122.06
122.06  123.22
123.22  125.16
125.16  126.56
126.56  127.73
127.73  128.56
128.56  129.13
129.13  133.77
133.77  136.60
136.60  142.41
142.41  144.74
144.74  153.22
