0.00  0.63
0.63  3.77
3.77  6.44
6.44  11.21
11.21  14.38
14.38  29.20
29.20  43.21
43.21  45.55
45.55  57.36
57.36  63.96
63.96  76.74
76.74  79.78
79.78  107.01
107.01  109.34
109.34  121.42
121.42  123.72
123.72  124.89
124.89  126.23
126.23  129.46
129.46  132.03
132.03  140.51
140.51  142.51
142.51  145.78
145.78  148.75
148.75  150.32
150.32  150.98
150.98  152.29
152.29  153.29
153.29  155.79
155.79  157.79
157.79  158.99
158.99  163.26
163.26  164.53
164.53  169.90
169.90  173.34
173.34  177.21
177.21  209.81
209.81  216.15
216.15  219.92
219.92  227.29
227.29  230.73
230.73  241.24
241.24  249.48
249.48  268.00
268.00  271.57
271.57  274.77
