0.00  6.54
6.54  17.12
17.12  18.92
18.92  21.76
21.76  30.23
30.23  38.14
38.14  44.31
44.31  46.85
46.85  52.45
52.45  56.76
56.76  58.66
58.66  59.63
59.63  60.59
60.59  61.66
61.66  63.53
63.53  64.63
64.63  66.30
66.30  69.64
69.64  70.87
70.87  72.07
72.07  72.61
72.61  73.34
73.34  73.97
73.97  76.78
76.78  78.24
78.24  79.31
79.31  81.38
81.38  82.05
82.05  83.25
83.25  84.82
84.82  85.72
85.72  87.35
87.35  89.02
89.02  92.29
92.29  94.43
94.43  98.20
98.20  102.34
102.34  105.34
105.34  107.74
107.74  112.65
112.65  117.38
117.38  130.93
130.93  137.57
137.57  138.61
138.61  139.37
139.37  142.08
142.08  143.08
143.08  144.51
144.51  145.21
145.21  146.68
146.68  148.82
148.82  152.15
152.15  153.95
153.95  157.99
157.99  161.19
161.19  165.67
165.67  166.63
166.63  167.83
167.83  169.57
169.57  175.24
175.24  176.98
176.98  181.95
181.95  182.48
182.48  183.22
183.22  184.28
184.28  184.88
184.88  186.99
186.99  187.69
187.69  189.26
189.26  189.76
189.76  190.59
190.59  191.69
191.69  192.59
192.59  194.29
194.29  194.86
194.86  197.03
197.03  198.13
198.13  199.73
199.73  201.07
201.07  205.64
205.64  206.21
206.21  207.11
207.11  207.87
207.87  209.64
209.64  210.81
210.81  213.78
213.78  215.11
215.11  217.08
217.08  219.65
219.65  222.02
222.02  225.79
225.79  227.73
227.73  231.13
231.13  235.67
235.67  236.44
236.44  237.10
237.10  240.21
240.21  241.21
241.21  242.54
242.54  243.08
243.08  243.78
243.78  244.68
244.68  245.48
245.48  246.11
246.11  249.45
249.45  250.05
250.05  251.18
251.18  251.72
251.72  252.62
252.62  253.45
253.45  255.02
255.02  255.89
255.89  257.02
257.02  258.16
258.16  259.13
259.13  260.76
260.76  261.66
261.66  262.73
262.73  263.33
263.33  266.33
266.33  266.90
266.90  268.87
268.87  270.70
270.70  272.34
272.34  273.34
273.34  274.97
274.97  280.25
280.25  284.65
284.65  286.25
286.25  290.32
290.32  294.93
294.93  295.43
295.43  296.93
296.93  302.24
302.24  303.07
303.07  305.47
305.47  306.27
306.27  306.87
306.87  308.07
308.07  311.01
311.01  312.88
