0.00  6.81
6.81  10.34
10.34  13.35
13.35  15.78
15.78  17.35
17.35  20.95
20.95  23.66
23.66  24.29
24.29  25.83
25.83  30.73
30.73  33.03
33.03  35.44
35.44  36.34
36.34  37.20
37.20  37.77
37.77  38.91
38.91  39.47
39.47  46.55
46.55  49.05
49.05  49.72
49.72  51.68
51.68  53.02
53.02  55.82
55.82  57.22
57.22  58.53
58.53  59.09
59.09  62.70
62.70  65.77
65.77  66.47
66.47  68.67
68.67  69.67
69.67  70.44
70.44  72.94
72.94  73.84
73.84  75.41
75.41  76.44
76.44  78.01
78.01  79.25
79.25  81.21
81.21  81.85
81.85  82.92
82.92  84.28
84.28  86.15
86.15  88.72
88.72  89.26
89.26  94.93
94.93  97.26
97.26  98.93
98.93  99.77
99.77  100.60
100.60  104.57
104.57  106.41
106.41  117.58
