0.00  0.73
0.73  1.77
1.77  3.57
3.57  6.84
6.84  7.74
7.74  11.71
11.71  13.78
13.78  17.72
17.72  19.59
19.59  20.75
20.75  21.55
21.55  23.99
23.99  25.63
25.63  32.40
32.40  37.30
37.30  39.31
39.31  40.97
40.97  44.58
44.58  56.49
56.49  59.03
59.03  67.03
67.03  69.24
69.24  75.38
75.38  78.31
78.31  80.01
80.01  81.28
81.28  84.72
84.72  88.86
88.86  94.79
94.79  102.80
102.80  105.37
105.37  107.31
107.31  114.18
114.18  119.89
119.89  127.73
127.73  154.29
154.29  164.13
164.13  169.54
169.54  178.71
178.71  195.63
195.63  203.17
203.17  208.84
208.84  215.35
