0.00  7.54
7.54  11.91
11.91  15.98
15.98  20.85
20.85  23.82
23.82  28.40
28.40  30.96
30.96  37.57
37.57  39.41
39.41  44.61
44.61  47.05
47.05  48.35
48.35  49.78
49.78  52.19
52.19  53.52
53.52  54.59
54.59  55.66
55.66  56.56
56.56  57.72
57.72  61.29
61.29  63.50
63.50  70.80
70.80  72.34
72.34  74.94
74.94  76.61
76.61  86.25
86.25  86.92
86.92  87.49
87.49  88.09
88.09  98.23
98.23  100.70
100.70  104.04
104.04  105.41
105.41  110.24
110.24  113.65
113.65  128.63
128.63  131.03
131.03  134.60
134.60  137.37
137.37  139.17
139.17  143.28
143.28  153.52
153.52  157.72
157.72  165.37
165.37  172.51
172.51  175.88
175.88  177.48
177.48  178.75
178.75  181.01
