0.00  0.67
0.67  2.80
2.80  7.31
7.31  10.71
10.71  13.35
13.35  16.65
16.65  21.99
21.99  24.72
24.72  26.13
26.13  29.83
29.83  36.47
36.47  40.64
40.64  43.01
43.01  45.85
45.85  56.29
56.29  57.59
57.59  61.53
61.53  63.30
63.30  65.90
65.90  68.67
68.67  71.67
71.67  76.18
76.18  91.22
91.22  93.83
93.83  100.60
100.60  102.27
102.27  105.24
105.24  111.68
111.68  119.02
119.02  120.89
120.89  122.06
122.06  123.09
123.09  124.32
124.32  126.96
126.96  130.03
130.03  131.70
131.70  133.40
133.40  135.34
135.34  136.87
136.87  138.47
138.47  141.54
141.54  143.64
143.64  145.95
145.95  148.18
148.18  150.38
150.38  151.35
151.35  152.35
152.35  154.99
154.99  158.63
158.63  161.69
161.69  164.26
164.26  168.40
168.40  175.94
175.94  180.81
180.81  183.65
