0.00  1.57
1.57  8.41
8.41  15.25
15.25  17.95
17.95  21.02
21.02  41.24
41.24  43.84
43.84  46.91
46.91  52.39
52.39  54.42
54.42  57.12
57.12  60.46
60.46  62.53
62.53  65.80
65.80  68.23
68.23  71.04
71.04  83.52
83.52  86.49
86.49  88.46
88.46  89.59
89.59  97.73
97.73  101.97
101.97  106.07
106.07  110.28
110.28  112.61
112.61  116.12
116.12  168.13
168.13  171.07
171.07  173.74
173.74  175.54
175.54  177.44
177.44  180.28
180.28  181.95
181.95  189.26
189.26  193.19
193.19  198.00
198.00  201.90
201.90  204.47
204.47  212.58
212.58  214.68
214.68  217.58
217.58  227.63
227.63  230.13
230.13  231.23
231.23  241.87
241.87  245.91
245.91  258.76
258.76  261.69
261.69  267.53
267.53  269.84
