0.00  0.67
0.67  4.17
4.17  6.67
6.67  16.85
16.85  19.69
19.69  22.69
22.69  25.76
25.76  28.03
28.03  31.93
31.93  34.07
34.07  35.74
35.74  40.67
40.67  44.31
44.31  47.71
47.71  51.95
51.95  54.42
54.42  56.72
56.72  58.73
58.73  61.03
61.03  63.56
63.56  65.50
65.50  67.43
67.43  69.10
69.10  72.01
72.01  76.18
76.18  95.66
95.66  98.57
98.57  101.23
101.23  102.74
102.74  106.14
106.14  108.74
108.74  122.42
122.42  125.26
125.26  128.03
128.03  131.13
131.13  132.50
132.50  133.97
133.97  137.50
137.50  139.04
139.04  140.77
140.77  142.81
142.81  145.21
