0.00  0.63
0.63  2.10
2.10  3.44
3.44  4.77
4.77  6.34
6.34  7.74
7.74  12.71
12.71  21.69
21.69  39.14
39.14  41.31
41.31  44.78
44.78  48.05
48.05  53.32
53.32  59.13
59.13  62.70
62.70  65.90
65.90  68.33
68.33  71.81
71.81  74.31
74.31  80.28
80.28  84.18
84.18  90.39
90.39  97.53
97.53  101.33
101.33  105.34
105.34  110.61
110.61  113.18
113.18  114.48
114.48  116.28
116.28  117.72
117.72  119.29
119.29  122.86
122.86  124.86
124.86  127.43
127.43  131.53
131.53  133.40
133.40  136.74
136.74  138.10
138.10  140.77
140.77  142.98
142.98  146.21
146.21  147.88
147.88  149.48
149.48  153.15
153.15  154.85
154.85  156.52
156.52  160.96
160.96  165.33
165.33  168.87
168.87  182.45
182.45  186.12
186.12  187.69
187.69  189.46
189.46  192.59
192.59  195.23
195.23  199.20
199.20  201.80
201.80  203.67
203.67  210.68
210.68  228.36
228.36  233.80
233.80  255.12
255.12  257.82
257.82  259.36
259.36  261.23
261.23  262.93
262.93  267.47
267.47  269.60
269.60  272.34
272.34  274.11
274.11  278.38
278.38  281.48
