0.00  0.63
0.63  3.77
3.77  7.01
7.01  10.98
10.98  14.45
14.45  17.35
17.35  20.25
20.25  34.20
34.20  37.74
37.74  46.25
46.25  50.62
50.62  56.12
56.12  61.53
61.53  64.80
64.80  69.54
69.54  73.24
73.24  75.44
75.44  78.01
78.01  81.78
81.78  84.32
84.32  87.79
87.79  90.72
90.72  94.43
94.43  97.43
97.43  98.10
98.10  99.60
99.60  101.23
101.23  116.92
116.92  118.72
118.72  128.53
128.53  130.70
130.70  138.04
138.04  154.25
154.25  159.23
159.23  169.10
169.10  170.84
170.84  173.04
173.04  175.31
175.31  179.78
179.78  186.49
186.49  190.36
190.36  195.53
195.53  199.70
199.70  202.10
202.10  228.53
228.53  238.20
238.20  250.02
250.02  253.22
253.22  261.79
261.79  264.93
