0.00  4.54
4.54  6.14
6.14  8.38
8.38  11.04
11.04  12.85
12.85  14.68
14.68  15.88
15.88  17.35
17.35  20.92
20.92  22.52
22.52  25.59
25.59  26.89
26.89  33.43
33.43  34.77
34.77  36.94
36.94  40.07
40.07  41.64
41.64  43.84
43.84  45.95
45.95  49.12
49.12  59.56
59.56  63.33
63.33  67.90
67.90  75.04
75.04  79.51
79.51  81.65
81.65  85.85
85.85  87.82
87.82  89.69
89.69  91.19
91.19  97.36
97.36  99.37
99.37  100.67
100.67  102.77
102.77  105.81
105.81  107.94
107.94  109.81
109.81  112.15
112.15  113.71
113.71  115.32
115.32  117.95
117.95  126.03
126.03  131.00
131.00  132.90
132.90  135.74
135.74  138.20
138.20  140.51
140.51  143.31
143.31  144.81
144.81  146.51
146.51  149.28
149.28  151.28
151.28  153.69
153.69  155.69
155.69  158.32
