0.00  4.04
4.04  5.81
5.81  6.91
6.91  8.34
8.34  11.04
11.04  15.42
15.42  17.22
17.22  18.55
18.55  21.25
21.25  22.66
22.66  24.26
24.26  26.16
26.16  27.16
27.16  29.40
29.40  32.80
32.80  34.10
34.10  35.80
35.80  39.44
39.44  41.91
41.91  52.15
52.15  54.25
54.25  56.66
56.66  58.96
58.96  63.80
63.80  69.00
69.00  71.94
71.94  77.51
77.51  80.31
80.31  82.32
82.32  83.55
83.55  90.52
90.52  99.93
99.93  101.94
101.94  104.67
104.67  109.01
109.01  113.08
113.08  116.32
116.32  118.62
118.62  119.79
119.79  121.12
121.12  127.09
127.09  130.16
130.16  145.78
145.78  149.15
149.15  149.72
149.72  151.38
151.38  155.69
155.69  159.46
159.46  160.23
160.23  162.26
162.26  163.43
163.43  165.13
165.13  166.23
166.23  167.67
167.67  168.47
168.47  169.70
169.70  170.70
170.70  172.04
172.04  174.17
174.17  175.31
175.31  176.51
176.51  177.28
177.28  179.28
179.28  181.01
181.01  182.88
182.88  183.98
183.98  185.08
185.08  186.02
186.02  188.49
