0.00  1.03
1.03  2.17
2.17  4.10
4.10  6.34
6.34  11.91
11.91  14.98
14.98  18.02
18.02  19.89
19.89  20.79
20.79  21.62
21.62  22.99
22.99  26.76
26.76  27.49
27.49  29.76
29.76  30.56
30.56  37.50
37.50  38.61
38.61  40.24
40.24  43.41
43.41  45.45
45.45  48.65
48.65  49.68
49.68  50.58
50.58  52.35
52.35  53.49
53.49  54.55
54.55  55.22
55.22  56.22
56.22  57.62
57.62  62.20
62.20  62.83
62.83  65.13
65.13  65.67
65.67  66.60
66.60  67.67
67.67  69.57
69.57  70.54
70.54  73.94
73.94  74.84
74.84  77.18
77.18  77.91
77.91  82.08
82.08  82.75
82.75  85.12
85.12  86.15
86.15  87.82
87.82  89.46
89.46  91.09
91.09  91.69
91.69  93.73
93.73  95.23
95.23  96.86
96.86  98.33
98.33  99.33
99.33  100.60
100.60  101.23
101.23  102.07
102.07  102.60
102.60  103.44
103.44  104.87
104.87  105.94
105.94  107.14
107.14  108.64
108.64  109.74
109.74  111.48
111.48  112.25
112.25  113.08
113.08  113.78
113.78  114.65
114.65  115.85
115.85  118.69
118.69  119.25
119.25  120.39
120.39  121.02
121.02  121.96
121.96  124.42
124.42  125.79
125.79  126.99
126.99  127.99
127.99  129.03
129.03  130.00
130.00  133.10
133.10  135.13
135.13  137.30
137.30  138.27
138.27  140.07
140.07  143.54
143.54  145.04
145.04  145.61
145.61  146.91
146.91  147.45
147.45  149.85
149.85  150.45
150.45  151.45
151.45  152.69
152.69  153.35
153.35  154.39
154.39  155.76
155.76  156.76
156.76  158.83
158.83  161.36
161.36  162.23
162.23  164.10
164.10  164.83
164.83  168.90
168.90  170.20
170.20  174.24
174.24  174.84
174.84  176.94
176.94  177.94
177.94  180.85
180.85  182.78
182.78  184.85
184.85  185.45
185.45  188.09
188.09  190.89
