0.00  0.93
0.93  6.71
6.71  10.38
10.38  15.48
15.48  17.55
17.55  19.69
19.69  22.86
22.86  24.59
24.59  26.03
26.03  29.03
29.03  31.46
31.46  34.03
34.03  36.30
36.30  39.31
39.31  40.97
40.97  42.68
42.68  44.58
44.58  47.45
47.45  49.02
49.02  58.19
58.19  60.56
60.56  62.20
62.20  64.10
64.10  66.47
66.47  68.77
68.77  70.27
70.27  72.27
72.27  81.75
81.75  84.05
84.05  91.19
91.19  93.69
93.69  105.91
105.91  111.28
111.28  116.15
116.15  124.29
124.29  129.46
129.46  131.30
131.30  133.20
133.20  134.47
134.47  138.61
138.61  140.24
140.24  141.81
141.81  145.48
145.48  146.78
146.78  147.95
147.95  148.65
148.65  149.22
149.22  150.22
150.22  152.82
152.82  153.99
153.99  156.12
156.12  157.02
157.02  159.03
159.03  162.76
162.76  164.23
164.23  166.20
166.20  168.10
168.10  169.87
169.87  184.35
184.35  186.25
186.25  189.02
189.02  190.36
190.36  191.96
191.96  193.09
193.09  204.30
204.30  205.47
205.47  206.21
206.21  209.21
209.21  210.88
210.88  212.45
212.45  214.85
214.85  219.19
219.19  220.02
220.02  221.49
221.49  222.49
222.49  226.16
226.16  227.49
227.49  229.46
