0.00  0.63
0.63  2.44
2.44  4.94
4.94  6.21
6.21  8.78
8.78  11.01
11.01  13.51
13.51  16.08
16.08  18.62
18.62  21.76
21.76  23.69
23.69  24.39
24.39  25.69
25.69  27.89
27.89  29.76
29.76  31.13
31.13  35.87
35.87  40.57
40.57  42.38
42.38  43.34
43.34  44.31
44.31  45.68
45.68  48.45
48.45  50.28
50.28  51.58
51.58  52.92
52.92  58.16
58.16  59.79
59.79  61.16
61.16  62.73
62.73  65.40
65.40  72.84
72.84  77.01
77.01  84.28
84.28  85.62
85.62  87.39
87.39  90.52
90.52  96.16
96.16  104.90
104.90  108.27
108.27  109.71
109.71  112.05
112.05  112.65
112.65  113.15
113.15  114.28
114.28  115.08
115.08  116.18
116.18  117.58
117.58  119.29
119.29  125.19
125.19  127.06
127.06  127.76
127.76  128.76
128.76  129.90
129.90  132.33
132.33  134.13
134.13  135.40
135.40  139.57
139.57  144.21
144.21  145.45
145.45  150.38
150.38  153.12
153.12  154.25
154.25  155.05
155.05  156.52
156.52  159.46
159.46  160.99
160.99  162.10
162.10  163.40
163.40  165.40
165.40  166.97
166.97  169.24
169.24  170.20
170.20  172.27
172.27  172.84
172.84  175.11
175.11  178.18
178.18  180.68
180.68  182.05
182.05  184.02
184.02  189.26
189.26  191.06
191.06  192.99
192.99  195.30
195.30  196.50
196.50  197.63
197.63  198.63
198.63  199.80
199.80  200.57
200.57  204.84
204.84  211.08
211.08  213.81
213.81  214.41
214.41  216.72
216.72  220.75
220.75  222.06
222.06  224.46
224.46  226.16
226.16  228.60
228.60  230.46
230.46  233.10
233.10  234.73
234.73  238.27
238.27  240.24
240.24  241.81
241.81  244.44
244.44  246.91
246.91  248.48
248.48  250.42
250.42  252.49
252.49  254.55
254.55  256.46
256.46  261.86
261.86  280.11
280.11  285.42
