0.00  1.07
1.07  15.48
15.48  17.38
17.38  19.52
19.52  22.39
22.39  27.86
27.86  30.20
30.20  31.40
31.40  33.00
33.00  34.90
34.90  41.94
41.94  45.11
45.11  52.85
52.85  57.69
57.69  59.79
59.79  61.39
61.39  63.00
63.00  67.17
67.17  80.38
80.38  85.35
85.35  90.29
90.29  96.53
96.53  101.50
101.50  106.74
106.74  147.31
147.31  153.25
153.25  159.29
159.29  160.06
160.06  162.30
162.30  164.60
164.60  167.03
167.03  169.07
169.07  170.00
170.00  175.44
175.44  177.44
177.44  182.45
182.45  187.89
187.89  193.29
193.29  201.50
201.50  227.16
227.16  234.27
234.27  247.15
247.15  275.54
275.54  279.35
279.35  282.08
282.08  308.37
308.37  312.15
