0.00  0.70
0.70  4.00
4.00  10.74
10.74  13.88
13.88  16.18
16.18  18.42
18.42  26.86
26.86  31.40
31.40  33.63
33.63  39.14
39.14  42.14
42.14  47.71
47.71  51.58
51.58  53.55
53.55  55.39
55.39  57.19
57.19  58.73
58.73  59.93
59.93  63.30
63.30  64.20
64.20  65.06
65.06  66.20
66.20  67.97
67.97  69.90
69.90  71.50
71.50  73.51
73.51  76.38
76.38  77.41
77.41  78.88
78.88  80.15
80.15  83.45
83.45  91.89
91.89  95.46
95.46  98.53
98.53  103.67
103.67  111.38
111.38  114.55
114.55  117.68
117.68  118.92
118.92  120.69
120.69  123.26
123.26  131.40
131.40  134.17
134.17  136.97
136.97  140.27
140.27  143.68
143.68  145.85
145.85  148.25
148.25  154.45
154.45  158.96
158.96  166.90
166.90  178.34
178.34  181.98
181.98  185.29
185.29  188.35
188.35  191.02
191.02  193.76
