0.00  2.44
2.44  5.67
5.67  7.67
7.67  10.34
10.34  17.85
17.85  23.06
23.06  29.13
29.13  39.97
39.97  44.91
44.91  51.82
51.82  54.05
54.05  67.67
67.67  72.64
72.64  76.34
76.34  78.58
78.58  81.15
81.15  83.28
83.28  85.29
85.29  86.75
86.75  89.16
89.16  92.63
92.63  95.96
95.96  98.90
98.90  101.40
101.40  103.07
103.07  106.44
106.44  111.95
111.95  114.28
114.28  116.22
116.22  119.65
119.65  122.49
122.49  126.89
126.89  129.80
129.80  132.30
132.30  138.34
138.34  140.84
140.84  144.71
144.71  147.35
147.35  149.55
149.55  156.29
156.29  158.89
158.89  160.29
160.29  161.96
161.96  166.53
166.53  168.37
168.37  172.47
172.47  174.27
174.27  177.41
177.41  179.81
179.81  182.52
182.52  184.72
184.72  189.86
189.86  197.36
197.36  213.25
213.25  218.65
218.65  233.10
233.10  238.34
238.34  252.79
252.79  256.26
256.26  262.40
262.40  267.60
267.60  270.34
