0.00  0.67
0.67  28.46
28.46  40.61
40.61  50.92
50.92  54.45
54.45  56.09
56.09  57.69
57.69  60.83
60.83  64.80
64.80  66.70
66.70  69.44
69.44  73.94
73.94  78.24
78.24  80.61
80.61  84.45
84.45  87.15
87.15  93.89
93.89  96.00
96.00  97.86
97.86  104.87
104.87  107.87
107.87  112.81
112.81  116.78
116.78  122.26
122.26  125.09
125.09  131.30
131.30  135.27
135.27  136.44
136.44  137.10
137.10  137.94
137.94  139.54
139.54  146.98
146.98  149.18
149.18  151.12
151.12  152.35
152.35  156.86
156.86  158.26
158.26  159.53
159.53  167.97
167.97  169.07
169.07  172.41
172.41  174.01
174.01  179.61
179.61  184.42
184.42  186.25
186.25  188.02
188.02  189.99
189.99  191.76
191.76  193.26
193.26  201.33
201.33  203.47
203.47  204.90
