0.00  0.67
0.67  4.24
4.24  18.55
18.55  33.70
33.70  36.17
36.17  57.29
57.29  69.80
69.80  76.11
76.11  78.68
78.68  80.11
80.11  85.02
85.02  89.32
89.32  91.49
91.49  93.03
93.03  95.60
95.60  97.20
97.20  98.83
98.83  100.77
100.77  101.47
101.47  103.24
103.24  104.44
104.44  105.47
105.47  106.34
106.34  107.47
107.47  110.41
110.41  113.81
113.81  115.48
115.48  118.72
118.72  122.99
122.99  153.02
153.02  164.53
164.53  168.03
168.03  175.28
175.28  179.61
179.61  182.15
182.15  187.59
187.59  192.06
192.06  217.62
217.62  220.82
220.82  223.66
223.66  226.73
