0.00  13.38
13.38  15.42
15.42  18.35
18.35  21.62
21.62  26.59
26.59  84.28
84.28  85.72
85.72  89.52
89.52  92.13
92.13  97.96
97.96  108.84
108.84  112.95
112.95  118.05
118.05  133.77
133.77  137.84
137.84  145.85
145.85  151.02
151.02  153.75
153.75  156.06
156.06  157.56
157.56  158.83
158.83  159.89
159.89  162.06
162.06  164.63
164.63  165.87
165.87  167.40
167.40  169.40
169.40  170.70
170.70  172.11
172.11  173.47
173.47  175.01
175.01  178.65
178.65  183.18
183.18  189.02
189.02  189.86
189.86  192.13
192.13  193.63
193.63  198.03
198.03  199.63
199.63  203.20
203.20  204.64
204.64  209.11
209.11  223.06
223.06  229.16
229.16  242.68
242.68  247.28
247.28  249.32
249.32  261.03
261.03  286.95
286.95  292.93
292.93  295.80
