0.00  0.67
0.67  3.50
3.50  6.31
6.31  8.21
8.21  10.64
10.64  12.68
12.68  15.02
15.02  16.88
16.88  18.72
18.72  20.19
20.19  22.59
22.59  25.26
25.26  27.73
27.73  31.13
31.13  33.97
33.97  35.47
35.47  39.71
39.71  41.37
41.37  42.94
42.94  44.11
44.11  49.02
49.02  51.45
51.45  54.35
54.35  59.83
59.83  62.10
62.10  64.46
64.46  65.90
65.90  67.97
67.97  69.40
69.40  72.14
72.14  74.17
74.17  77.88
77.88  81.61
81.61  84.68
84.68  87.65
87.65  91.46
91.46  93.43
93.43  95.40
95.40  97.06
97.06  99.33
99.33  107.67
107.67  113.25
113.25  116.82
116.82  118.82
118.82  121.22
121.22  122.82
122.82  124.56
124.56  130.40
130.40  132.80
132.80  136.40
136.40  138.94
138.94  142.68
142.68  145.11
145.11  149.38
149.38  160.63
