0.00  0.67
0.67  2.34
2.34  3.34
3.34  4.94
4.94  5.91
5.91  6.84
6.84  10.61
10.61  11.75
11.75  12.78
12.78  13.58
13.58  14.75
14.75  16.55
16.55  17.62
17.62  18.45
18.45  19.69
19.69  20.62
20.62  22.19
22.19  23.02
23.02  24.36
24.36  25.39
25.39  26.69
26.69  30.86
30.86  32.37
32.37  33.47
33.47  36.10
36.10  37.47
37.47  39.01
39.01  39.71
39.71  41.11
41.11  42.14
42.14  42.78
42.78  43.71
43.71  45.01
45.01  45.78
45.78  47.01
47.01  48.18
48.18  48.88
48.88  50.15
50.15  51.38
51.38  52.12
52.12  53.12
53.12  55.69
55.69  57.12
57.12  58.26
58.26  60.49
60.49  61.19
61.19  61.69
61.69  62.20
62.20  62.90
62.90  64.43
64.43  66.67
66.67  67.60
67.60  68.27
68.27  69.40
69.40  70.37
70.37  71.24
71.24  72.64
72.64  73.81
73.81  74.74
74.74  75.78
75.78  76.81
76.81  77.61
77.61  78.71
78.71  80.68
80.68  81.21
81.21  81.95
81.95  83.02
83.02  84.58
84.58  85.29
85.29  86.79
86.79  87.45
87.45  88.39
88.39  89.19
89.19  90.69
90.69  91.32
91.32  91.96
91.96  92.83
92.83  93.39
93.39  94.19
94.19  95.90
95.90  97.03
97.03  98.80
98.80  99.33
99.33  100.63
100.63  101.63
101.63  102.20
102.20  103.17
103.17  103.70
103.70  104.20
104.20  106.81
106.81  107.84
107.84  111.41
111.41  117.05
117.05  127.96
127.96  129.26
129.26  130.90
130.90  136.90
136.90  141.98
141.98  143.64
143.64  145.91
145.91  149.08
149.08  152.65
