0.00  7.41
7.41  8.71
8.71  10.58
10.58  13.11
13.11  16.05
16.05  18.62
18.62  21.65
21.65  24.36
24.36  24.92
24.92  26.19
26.19  27.53
27.53  28.36
28.36  33.87
33.87  35.37
35.37  37.27
37.27  37.84
37.84  38.94
38.94  39.67
39.67  41.37
41.37  41.94
41.94  42.88
42.88  43.54
43.54  44.11
44.11  46.91
46.91  47.45
47.45  48.01
48.01  49.32
49.32  50.35
50.35  51.02
51.02  52.19
52.19  52.85
52.85  53.55
53.55  54.65
54.65  57.16
57.16  57.76
57.76  58.29
58.29  59.83
59.83  60.73
60.73  61.29
61.29  61.96
61.96  62.76
62.76  63.53
63.53  64.36
64.36  65.17
65.17  65.93
65.93  66.60
66.60  67.43
67.43  68.74
68.74  69.57
69.57  72.04
72.04  73.24
73.24  74.34
74.34  75.84
75.84  76.41
76.41  76.94
76.94  77.44
77.44  80.51
80.51  81.21
81.21  82.05
82.05  82.88
82.88  83.38
83.38  84.52
84.52  85.82
85.82  88.02
88.02  88.69
88.69  89.32
89.32  89.99
89.99  91.02
91.02  91.66
91.66  92.33
92.33  94.33
94.33  95.23
95.23  96.03
96.03  97.83
97.83  98.73
98.73  100.53
100.53  103.37
103.37  104.27
104.27  107.67
107.67  108.34
108.34  118.99
118.99  119.72
119.72  121.52
121.52  122.32
122.32  126.59
126.59  128.29
128.29  129.23
129.23  131.06
131.06  132.40
132.40  133.60
133.60  134.20
134.20  134.90
134.90  136.17
136.17  137.50
137.50  138.37
138.37  141.57
141.57  144.24
144.24  145.31
145.31  146.05
146.05  146.98
146.98  148.95
148.95  149.55
149.55  150.38
150.38  151.02
151.02  151.65
151.65  152.35
152.35  153.45
153.45  154.02
154.02  155.66
155.66  156.69
156.69  157.66
157.66  158.29
158.29  160.46
160.46  161.09
161.09  164.26
164.26  165.16
165.16  166.53
166.53  167.67
167.67  168.94
168.94  169.67
169.67  170.40
170.40  171.14
171.14  172.17
172.17  173.37
173.37  175.58
175.58  176.18
176.18  177.34
177.34  178.01
178.01  179.21
179.21  180.28
180.28  181.01
181.01  182.05
182.05  183.35
183.35  184.42
184.42  185.65
185.65  186.59
186.59  191.39
191.39  192.16
192.16  192.99
192.99  193.89
193.89  195.93
195.93  196.50
196.50  197.83
197.83  198.50
198.50  199.20
199.20  200.33
200.33  201.90
201.90  204.30
204.30  204.84
204.84  205.57
205.57  206.11
206.11  206.77
206.77  207.51
207.51  209.01
209.01  209.81
209.81  210.88
210.88  212.75
212.75  213.95
213.95  214.58
214.58  215.85
215.85  219.45
219.45  220.12
220.12  221.55
221.55  222.79
222.79  224.39
224.39  225.63
225.63  226.43
226.43  227.06
227.06  230.96
230.96  231.53
231.53  232.43
232.43  233.20
233.20  233.90
233.90  235.74
235.74  236.40
236.40  238.40
238.40  239.34
239.34  243.04
243.04  243.61
243.61  246.15
246.15  247.08
247.08  251.72
251.72  252.35
252.35  253.15
253.15  253.75
253.75  254.89
254.89  256.39
256.39  256.92
256.92  261.49
261.49  262.03
262.03  262.63
262.63  264.50
264.50  265.10
265.10  265.93
265.93  267.13
267.13  267.63
267.63  268.17
268.17  268.84
268.84  270.40
270.40  270.94
270.94  271.90
271.90  272.47
272.47  273.27
273.27  273.87
273.87  275.31
275.31  276.18
276.18  276.94
276.94  277.61
277.61  278.11
278.11  278.78
278.78  279.61
279.61  281.15
281.15  281.91
281.91  282.98
282.98  284.22
284.22  285.39
285.39  285.95
285.95  286.59
286.59  287.55
287.55  288.39
288.39  289.02
289.02  289.66
289.66  290.39
290.39  291.12
291.12  292.36
292.36  294.03
294.03  294.53
294.53  295.16
295.16  297.13
297.13  297.66
297.66  300.20
300.20  304.84
