0.00  2.77
2.77  4.27
4.27  6.11
6.11  7.71
7.71  9.64
9.64  10.31
10.31  11.95
11.95  13.28
13.28  14.18
14.18  15.45
15.45  16.22
16.22  17.55
17.55  18.99
18.99  21.09
21.09  22.89
22.89  24.36
24.36  26.23
26.23  27.39
27.39  28.60
28.60  30.20
30.20  31.36
31.36  32.40
32.40  33.23
33.23  33.77
33.77  34.50
34.50  35.34
35.34  37.40
37.40  38.74
38.74  40.41
40.41  41.17
41.17  42.31
42.31  43.48
43.48  44.24
44.24  45.31
45.31  46.85
46.85  48.01
48.01  49.58
49.58  50.38
50.38  51.22
51.22  52.05
52.05  52.82
52.82  55.16
55.16  56.72
56.72  58.12
58.12  61.83
61.83  63.20
63.20  64.60
64.60  65.60
65.60  66.73
66.73  67.50
67.50  68.67
68.67  69.90
69.90  70.77
70.77  72.17
72.17  73.27
73.27  75.14
75.14  76.48
76.48  77.54
77.54  78.58
78.58  79.15
79.15  81.71
81.71  82.38
82.38  83.15
83.15  84.12
84.12  88.19
88.19  90.16
90.16  92.33
92.33  93.19
93.19  94.19
94.19  95.53
95.53  98.97
98.97  100.40
100.40  102.57
102.57  105.11
105.11  106.87
106.87  109.08
109.08  110.84
110.84  112.28
112.28  114.65
114.65  116.22
116.22  119.12
119.12  120.99
120.99  124.06
124.06  124.96
124.96  126.69
126.69  127.56
127.56  131.23
131.23  133.37
133.37  135.24
135.24  137.77
