0.00  0.67
0.67  3.67
3.67  7.17
7.17  14.51
14.51  16.08
16.08  16.95
16.95  20.35
20.35  23.29
23.29  25.03
25.03  27.39
27.39  31.53
31.53  40.91
40.91  45.75
45.75  47.01
47.01  50.52
50.52  51.28
51.28  51.95
51.95  53.39
53.39  58.43
58.43  61.33
61.33  63.70
63.70  65.30
65.30  68.17
68.17  73.57
73.57  75.91
75.91  77.38
77.38  78.95
78.95  80.08
80.08  83.25
83.25  87.42
87.42  89.79
89.79  91.22
91.22  93.89
93.89  97.23
97.23  98.93
98.93  100.23
100.23  101.67
101.67  102.64
102.64  103.84
103.84  104.47
104.47  106.51
106.51  107.81
107.81  109.38
109.38  110.81
110.81  112.11
112.11  112.71
112.71  114.91
114.91  117.02
117.02  120.22
120.22  121.82
121.82  123.76
123.76  125.06
125.06  127.26
127.26  129.70
129.70  131.10
131.10  131.80
131.80  132.60
132.60  133.87
133.87  135.20
135.20  135.70
135.70  136.84
136.84  138.30
138.30  139.91
139.91  141.74
141.74  144.08
144.08  146.41
146.41  147.35
147.35  150.02
150.02  150.65
150.65  151.45
151.45  152.25
152.25  153.52
153.52  155.02
155.02  157.19
157.19  158.22
158.22  159.86
159.86  160.43
160.43  161.63
161.63  164.66
164.66  165.27
165.27  166.77
166.77  167.87
167.87  169.20
169.20  170.07
170.07  171.00
171.00  172.34
172.34  172.97
172.97  175.01
175.01  175.88
175.88  177.64
177.64  178.18
178.18  180.71
180.71  181.58
181.58  182.82
182.82  184.72
184.72  185.79
185.79  187.05
187.05  188.66
188.66  189.89
189.89  190.96
190.96  191.93
191.93  192.86
192.86  194.09
194.09  195.16
195.16  196.73
196.73  198.20
198.20  199.27
199.27  201.53
201.53  202.10
202.10  204.34
204.34  205.44
205.44  207.74
207.74  209.18
209.18  209.78
209.78  210.74
210.74  215.38
215.38  215.95
215.95  216.92
216.92  218.48
218.48  219.35
219.35  219.89
219.89  221.79
221.79  222.49
222.49  223.29
223.29  224.49
224.49  225.22
225.22  226.03
226.03  226.73
226.73  227.53
227.53  228.70
228.70  229.20
229.20  230.83
230.83  234.97
234.97  237.60
237.60  238.27
238.27  239.77
239.77  241.34
241.34  243.58
243.58  245.25
245.25  246.38
246.38  247.41
247.41  248.08
248.08  249.25
249.25  250.35
250.35  251.78
251.78  252.39
252.39  254.12
254.12  255.02
255.02  255.92
255.92  257.16
257.16  257.99
257.99  259.03
259.03  259.93
259.93  260.63
260.63  262.60
262.60  263.26
263.26  265.73
265.73  266.33
266.33  266.90
266.90  267.77
267.77  268.74
268.74  269.74
269.74  270.90
270.90  271.94
271.94  273.07
273.07  273.57
273.57  274.11
274.11  274.64
274.64  275.38
275.38  276.08
276.08  277.74
277.74  279.01
279.01  279.75
279.75  280.48
280.48  282.45
282.45  284.65
284.65  287.92
287.92  288.69
288.69  290.99
290.99  291.89
291.89  292.69
292.69  295.16
295.16  295.83
295.83  296.83
296.83  298.77
298.77  299.60
299.60  300.37
300.37  301.17
301.17  301.97
301.97  302.60
302.60  304.24
304.24  305.07
305.07  306.44
306.44  307.87
307.87  309.68
309.68  310.94
310.94  313.41
313.41  317.38
317.38  320.65
320.65  321.59
321.59  324.29
324.29  327.99
327.99  333.43
333.43  340.54
340.54  345.18
345.18  348.15
348.15  352.02
352.02  354.59
354.59  357.19
357.19  361.36
361.36  363.53
363.53  364.76
364.76  367.53
367.53  369.24
369.24  374.84
