0.00  0.67
0.67  1.43
1.43  4.57
4.57  5.94
5.94  6.97
6.97  10.28
10.28  13.75
13.75  14.91
14.91  15.62
15.62  16.42
16.42  17.15
17.15  20.39
20.39  22.89
22.89  25.63
25.63  27.73
27.73  29.26
29.26  30.76
30.76  32.60
32.60  33.43
33.43  35.37
35.37  36.60
36.60  37.87
37.87  38.77
38.77  39.91
39.91  41.24
41.24  42.54
42.54  45.38
45.38  46.65
46.65  47.31
47.31  51.72
51.72  53.22
53.22  55.19
55.19  56.52
56.52  58.73
58.73  60.86
60.86  63.93
63.93  65.17
65.17  66.63
66.63  68.37
68.37  70.90
70.90  72.47
72.47  76.44
76.44  78.48
78.48  80.08
80.08  81.98
81.98  83.62
83.62  89.09
89.09  90.69
90.69  92.19
92.19  93.73
93.73  96.06
96.06  97.43
97.43  99.90
99.90  102.54
102.54  104.87
104.87  106.24
106.24  108.01
108.01  109.71
109.71  112.05
112.05  113.95
113.95  117.45
117.45  118.52
118.52  120.59
120.59  122.46
122.46  123.96
123.96  125.02
125.02  126.26
126.26  127.66
127.66  130.13
130.13  131.56
131.56  132.90
132.90  133.47
133.47  134.57
134.57  136.27
136.27  138.10
138.10  139.77
139.77  142.81
142.81  145.55
145.55  147.68
147.68  148.41
148.41  149.95
149.95  151.52
151.52  158.59
158.59  163.83
163.83  165.47
