0.00  5.44
5.44  9.71
9.71  12.18
12.18  15.05
15.05  16.02
16.02  17.95
17.95  20.82
20.82  21.35
21.35  23.52
23.52  24.66
24.66  26.69
26.69  27.39
27.39  30.16
30.16  32.03
32.03  34.33
34.33  36.70
36.70  37.37
37.37  38.17
38.17  39.61
39.61  41.61
41.61  43.31
43.31  44.68
44.68  47.75
47.75  48.52
48.52  50.52
50.52  52.79
52.79  53.39
53.39  57.56
57.56  58.73
58.73  60.13
60.13  61.29
61.29  62.36
62.36  63.93
63.93  65.53
65.53  66.80
66.80  71.74
71.74  74.74
74.74  76.08
76.08  77.11
77.11  78.81
78.81  80.61
80.61  84.42
84.42  85.39
85.39  86.82
86.82  93.33
93.33  96.10
96.10  98.87
98.87  103.04
103.04  104.47
104.47  106.91
106.91  110.81
110.81  112.38
112.38  115.08
115.08  116.88
116.88  120.59
120.59  121.96
121.96  123.76
123.76  124.89
124.89  127.86
127.86  130.50
130.50  132.20
132.20  133.47
133.47  135.77
135.77  138.34
138.34  144.14
144.14  145.65
145.65  147.88
147.88  149.48
149.48  153.82
153.82  154.82
154.82  156.12
156.12  157.02
157.02  158.69
158.69  159.69
159.69  162.46
162.46  163.76
163.76  165.50
165.50  167.83
167.83  170.34
170.34  177.41
177.41  178.81
178.81  180.41
180.41  183.02
183.02  184.58
184.58  186.85
186.85  189.79
