0.00  2.24
2.24  4.00
4.00  6.11
6.11  11.88
11.88  14.75
14.75  16.15
16.15  18.52
18.52  20.15
20.15  22.26
22.26  26.73
26.73  28.46
28.46  30.23
30.23  32.70
32.70  35.80
35.80  41.57
41.57  44.51
44.51  46.01
46.01  47.38
47.38  49.25
49.25  52.82
52.82  54.55
54.55  56.66
56.66  57.46
57.46  58.53
58.53  59.69
59.69  61.83
61.83  66.13
66.13  70.37
70.37  74.67
74.67  76.28
76.28  79.08
79.08  81.38
81.38  82.65
82.65  84.88
84.88  88.05
88.05  90.12
90.12  90.76
90.76  92.23
92.23  93.49
93.49  96.33
