0.00  2.67
2.67  4.07
4.07  5.17
5.17  7.61
7.61  10.68
10.68  12.08
12.08  13.18
13.18  15.18
15.18  16.02
16.02  18.95
18.95  20.82
20.82  21.35
21.35  23.82
23.82  25.43
25.43  26.69
26.69  28.73
28.73  32.03
32.03  35.40
35.40  38.71
38.71  41.44
41.44  42.71
42.71  43.78
43.78  44.81
44.81  45.88
45.88  48.05
48.05  49.68
49.68  53.15
53.15  55.96
55.96  59.79
59.79  61.46
61.46  65.97
65.97  70.34
70.34  72.01
72.01  74.67
74.67  80.05
80.05  85.09
85.09  89.09
89.09  90.72
90.72  94.33
94.33  96.10
96.10  99.67
99.67  102.54
102.54  104.17
