0.00  2.30
2.30  3.87
3.87  4.37
4.37  5.57
5.57  7.47
7.47  8.71
8.71  10.44
10.44  11.51
11.51  12.68
12.68  13.88
13.88  14.38
14.38  16.95
16.95  17.52
17.52  20.92
20.92  21.55
21.55  23.22
23.22  24.42
24.42  25.56
25.56  26.26
26.26  26.93
26.93  27.79
27.79  30.06
30.06  32.03
32.03  33.47
33.47  34.23
34.23  36.37
36.37  37.80
37.80  39.11
39.11  40.97
40.97  42.71
42.71  43.21
43.21  45.08
45.08  47.18
47.18  49.52
49.52  51.28
51.28  55.16
55.16  58.89
58.89  62.90
62.90  64.06
64.06  65.20
65.20  68.94
68.94  70.37
70.37  72.17
72.17  73.77
73.77  74.74
74.74  78.41
78.41  81.88
81.88  84.65
84.65  86.32
86.32  88.72
88.72  93.03
93.03  98.16
98.16  103.77
103.77  105.44
105.44  106.51
106.51  108.58
108.58  110.28
110.28  112.11
112.11  114.21
114.21  115.32
115.32  116.72
116.72  120.75
120.75  123.22
123.22  125.79
125.79  128.13
128.13  129.43
129.43  131.40
131.40  140.21
140.21  142.88
142.88  144.64
144.64  152.79
