0.00  4.14
4.14  5.34
5.34  6.37
6.37  16.68
16.68  18.62
18.62  20.45
20.45  25.23
25.23  26.69
26.69  28.16
28.16  32.17
32.17  33.70
33.70  39.14
39.14  42.11
42.11  44.31
44.31  46.51
46.51  49.58
49.58  51.95
51.95  54.12
54.12  57.32
57.32  58.73
58.73  60.46
60.46  62.80
62.80  65.30
65.30  68.74
68.74  71.87
71.87  74.74
74.74  76.21
76.21  77.74
77.74  80.08
80.08  83.35
83.35  87.59
87.59  88.62
88.62  89.29
89.29  90.76
90.76  91.52
91.52  96.10
96.10  99.13
99.13  101.43
101.43  106.17
106.17  109.98
109.98  117.45
117.45  121.25
121.25  122.79
122.79  128.13
128.13  130.83
130.83  133.47
133.47  138.84
138.84  142.71
142.71  144.14
144.14  145.21
145.21  146.71
146.71  149.48
149.48  152.95
152.95  154.85
154.85  155.62
155.62  157.36
157.36  158.86
158.86  159.66
159.66  161.09
161.09  163.23
163.23  168.20
168.20  169.90
169.90  180.88
180.88  182.05
182.05  185.45
185.45  186.89
186.89  188.59
188.59  190.16
190.16  197.13
197.13  199.77
199.77  201.30
201.30  201.83
201.83  203.24
203.24  204.30
204.30  208.64
208.64  217.95
217.95  222.82
222.82  223.82
223.82  236.44
236.44  239.24
239.24  240.84
240.84  242.18
242.18  243.14
243.14  244.78
