0.00  2.60
2.60  3.54
3.54  4.67
4.67  6.17
6.17  8.64
8.64  10.68
10.68  12.78
12.78  21.05
21.05  23.06
23.06  27.86
27.86  30.23
30.23  33.57
33.57  35.60
35.60  37.37
37.37  40.04
40.04  42.71
42.71  56.02
56.02  56.62
56.62  59.36
59.36  60.03
60.03  61.96
61.96  62.83
62.83  63.63
63.63  65.17
65.17  66.73
66.73  69.40
69.40  71.97
71.97  80.88
80.88  84.22
84.22  85.62
85.62  87.99
87.99  89.82
89.82  92.09
92.09  94.33
94.33  97.53
97.53  100.83
100.83  102.50
102.50  103.24
103.24  104.00
104.00  107.47
107.47  108.11
108.11  110.31
110.31  113.45
113.45  115.32
115.32  117.98
117.98  122.79
122.79  124.39
124.39  127.93
127.93  129.63
129.63  131.20
131.20  132.30
132.30  133.93
133.93  135.10
135.10  136.94
136.94  138.81
138.81  141.37
141.37  142.94
142.94  143.71
143.71  146.51
146.51  149.48
149.48  150.55
150.55  154.82
154.82  157.56
