0.00  0.63
0.63  2.44
2.44  4.94
4.94  6.94
6.94  8.44
8.44  10.41
10.41  12.25
12.25  14.18
14.18  15.68
15.68  19.45
19.45  20.75
20.75  23.12
23.12  26.79
26.79  29.20
29.20  30.90
30.90  33.03
33.03  36.87
36.87  38.87
38.87  39.77
39.77  41.51
41.51  43.38
43.38  47.25
47.25  51.32
51.32  53.15
53.15  54.95
54.95  55.99
55.99  57.29
57.29  58.89
58.89  60.16
60.16  60.69
60.69  63.13
63.13  65.13
65.13  67.27
67.27  69.44
69.44  74.74
74.74  77.38
77.38  79.11
79.11  84.22
84.22  86.19
86.19  87.92
87.92  88.86
88.86  90.19
90.19  91.86
91.86  93.99
93.99  95.09
95.09  96.20
96.20  97.33
97.33  100.00
