0.00  1.77
1.77  4.40
4.40  6.21
6.21  9.51
9.51  12.81
12.81  17.82
17.82  23.19
23.19  25.93
25.93  29.00
29.00  35.14
35.14  36.30
36.30  37.44
37.44  39.71
39.71  40.87
40.87  42.28
42.28  44.68
44.68  45.75
45.75  47.11
47.11  48.72
48.72  50.62
50.62  51.85
51.85  53.15
53.15  54.85
54.85  55.69
55.69  56.89
56.89  60.53
60.53  64.16
64.16  66.13
66.13  67.13
67.13  68.57
68.57  70.84
70.84  73.11
73.11  74.47
74.47  77.21
77.21  78.48
78.48  79.81
79.81  80.65
80.65  81.48
81.48  84.78
84.78  86.59
86.59  88.15
88.15  90.76
90.76  93.13
93.13  93.73
93.73  94.29
94.29  95.26
95.26  96.13
96.13  96.73
96.73  97.56
97.56  98.10
98.10  98.73
98.73  99.53
99.53  100.07
100.07  102.54
102.54  103.07
103.07  104.54
104.54  105.41
105.41  105.91
105.91  107.41
107.41  108.07
108.07  108.74
108.74  109.74
109.74  111.28
111.28  111.91
111.91  112.55
112.55  113.21
113.21  114.01
114.01  116.52
116.52  117.15
117.15  118.35
118.35  118.92
118.92  119.55
119.55  120.22
120.22  123.22
123.22  123.79
123.79  124.32
124.32  125.63
125.63  126.36
126.36  127.03
127.03  127.99
127.99  128.53
128.53  129.03
129.03  129.80
129.80  130.36
130.36  130.86
130.86  132.00
132.00  132.97
132.97  134.23
134.23  138.07
138.07  139.14
139.14  139.81
139.81  140.34
140.34  141.94
141.94  144.18
144.18  145.18
145.18  147.28
147.28  149.88
149.88  151.78
151.78  152.42
152.42  153.45
153.45  154.42
154.42  155.56
155.56  156.36
156.36  157.26
157.26  158.59
158.59  159.13
159.13  161.56
161.56  162.56
162.56  163.40
163.40  164.36
164.36  165.03
165.03  167.23
167.23  167.77
167.77  168.74
168.74  169.37
169.37  170.80
170.80  172.07
172.07  173.21
173.21  173.97
173.97  175.64
175.64  176.21
176.21  176.88
176.88  178.65
178.65  179.98
179.98  181.68
181.68  182.38
182.38  184.05
184.05  184.88
184.88  185.62
185.62  186.45
186.45  188.82
188.82  189.62
189.62  191.32
191.32  192.86
192.86  193.43
193.43  194.76
194.76  198.50
198.50  201.57
201.57  202.40
202.40  203.57
203.57  205.74
205.74  206.31
206.31  206.87
206.87  208.44
208.44  208.98
208.98  211.08
211.08  212.05
212.05  214.38
214.38  214.95
214.95  216.78
216.78  217.85
217.85  219.35
219.35  219.95
219.95  220.99
220.99  221.75
221.75  223.16
223.16  223.72
223.72  224.26
224.26  225.06
225.06  226.09
226.09  226.76
226.76  228.09
228.09  228.93
228.93  229.70
229.70  230.46
230.46  231.50
231.50  234.13
234.13  235.07
235.07  236.54
236.54  237.17
237.17  237.94
237.94  238.84
238.84  240.11
240.11  241.37
241.37  242.54
242.54  243.34
243.34  244.01
244.01  244.78
244.78  245.65
245.65  246.45
246.45  247.48
247.48  248.92
248.92  249.95
249.95  250.95
250.95  252.25
252.25  253.49
253.49  254.99
254.99  258.83
258.83  259.56
259.56  260.83
260.83  261.56
261.56  262.76
262.76  263.63
263.63  264.80
264.80  265.40
265.40  266.20
266.20  267.97
267.97  270.14
270.14  271.94
271.94  274.07
274.07  275.91
275.91  277.11
277.11  278.21
278.21  279.45
279.45  280.38
280.38  281.65
281.65  282.52
282.52  284.75
284.75  285.75
285.75  286.35
286.35  287.69
287.69  289.79
289.79  290.82
290.82  291.49
291.49  292.86
292.86  293.39
293.39  294.49
294.49  295.33
295.33  296.46
296.46  297.70
297.70  299.27
299.27  301.00
301.00  303.00
303.00  304.97
304.97  307.27
307.27  308.64
308.64  310.38
310.38  311.44
311.44  311.98
311.98  312.58
312.58  313.85
313.85  314.61
314.61  315.55
315.55  319.59
319.59  320.15
320.15  321.25
321.25  322.02
322.02  322.62
322.62  325.06
325.06  326.13
326.13  326.76
326.76  327.73
327.73  329.40
329.40  331.76
331.76  333.10
333.10  333.83
333.83  334.43
334.43  336.27
336.27  338.34
338.34  338.87
338.87  376.14
376.14  378.28
378.28  379.21
379.21  380.78
380.78  381.41
381.41  382.28
382.28  384.42
