0.00  7.54
7.54  9.21
9.21  10.51
10.51  14.01
14.01  17.48
17.48  19.55
19.55  21.35
21.35  23.12
23.12  26.79
26.79  29.23
29.23  30.96
30.96  32.70
32.70  34.20
34.20  36.50
36.50  37.54
37.54  39.47
39.47  40.51
40.51  41.51
41.51  42.44
42.44  43.08
43.08  44.08
44.08  44.91
44.91  47.78
47.78  50.65
50.65  54.89
54.89  58.06
58.06  60.69
60.69  63.40
63.40  64.13
64.13  66.10
66.10  66.87
66.87  67.93
67.93  69.27
69.27  70.44
70.44  72.17
72.17  75.31
75.31  77.51
77.51  79.65
79.65  82.22
82.22  86.55
86.55  88.22
88.22  91.62
91.62  96.20
96.20  98.33
98.33  100.53
100.53  108.48
108.48  109.58
109.58  110.41
110.41  112.08
112.08  114.21
114.21  119.05
119.05  125.83
125.83  129.03
129.03  132.10
132.10  133.70
133.70  135.30
135.30  137.47
137.47  138.97
138.97  141.34
141.34  142.34
142.34  143.61
143.61  147.55
147.55  153.49
153.49  154.92
154.92  157.79
157.79  158.79
158.79  166.77
166.77  169.94
169.94  172.04
172.04  174.77
174.77  175.84
175.84  177.21
177.21  181.51
181.51  183.02
183.02  184.82
184.82  185.92
185.92  187.69
187.69  188.72
188.72  189.99
189.99  190.86
190.86  191.69
191.69  192.29
192.29  192.86
192.86  193.83
193.83  195.13
195.13  196.50
196.50  197.06
197.06  198.30
198.30  200.03
200.03  201.80
201.80  202.60
202.60  204.20
204.20  205.00
205.00  207.11
207.11  209.64
209.64  210.91
210.91  214.15
214.15  214.81
214.81  217.12
217.12  218.99
218.99  219.55
219.55  220.75
220.75  222.46
222.46  223.82
223.82  224.56
224.56  225.33
225.33  226.93
226.93  228.26
228.26  228.80
228.80  229.36
229.36  230.13
230.13  231.97
231.97  233.30
233.30  236.50
236.50  237.60
237.60  239.11
239.11  241.94
241.94  243.68
243.68  245.14
245.14  246.38
246.38  248.98
248.98  249.98
249.98  251.02
251.02  252.12
252.12  252.72
252.72  253.65
253.65  254.65
254.65  256.62
256.62  258.19
258.19  259.36
259.36  260.79
260.79  262.26
262.26  262.86
262.86  263.66
263.66  264.66
264.66  266.03
266.03  272.41
272.41  274.94
274.94  276.74
276.74  278.04
278.04  278.61
278.61  280.08
280.08  281.05
281.05  283.88
283.88  286.35
286.35  288.62
288.62  292.13
292.13  294.53
294.53  295.76
295.76  299.07
299.07  301.40
301.40  304.37
304.37  305.41
305.41  312.11
312.11  315.31
315.31  316.82
316.82  319.82
319.82  322.42
322.42  324.16
324.16  325.19
325.19  325.96
325.96  328.59
328.59  331.26
331.26  333.33
333.33  336.07
336.07  337.40
337.40  338.10
338.10  339.44
339.44  340.11
340.11  340.94
340.94  341.97
341.97  342.61
342.61  343.88
343.88  345.45
345.45  346.28
346.28  349.12
349.12  350.05
350.05  350.62
350.62  352.19
352.19  353.32
353.32  353.92
353.92  355.56
355.56  361.56
361.56  363.13
363.13  364.96
364.96  365.47
365.47  367.40
367.40  368.77
368.77  370.27
370.27  371.30
371.30  372.14
372.14  373.37
373.37  376.11
376.11  379.25
379.25  380.98
380.98  382.62
382.62  384.18
384.18  385.72
385.72  387.15
387.15  388.62
388.62  389.79
389.79  390.72
390.72  392.33
392.33  394.93
394.93  395.86
395.86  397.60
397.60  398.77
398.77  399.90
399.90  401.73
401.73  402.77
402.77  404.10
404.10  405.34
405.34  406.04
406.04  407.21
407.21  408.71
408.71  409.61
409.61  411.01
