0.00  1.03
1.03  3.34
3.34  4.47
4.47  5.34
5.34  6.61
6.61  7.81
7.81  10.64
10.64  12.18
12.18  13.48
13.48  15.38
15.38  17.05
17.05  19.19
19.19  22.66
22.66  23.56
23.56  24.16
24.16  25.76
25.76  26.83
26.83  27.79
27.79  29.23
29.23  31.10
31.10  31.90
31.90  34.53
34.53  37.10
37.10  40.37
40.37  42.38
42.38  44.24
44.24  46.11
46.11  49.75
49.75  55.79
55.79  77.81
77.81  79.88
79.88  81.98
81.98  84.42
84.42  102.54
102.54  112.15
112.15  117.45
117.45  128.13
128.13  133.47
133.47  146.65
146.65  148.35
148.35  153.42
153.42  154.82
154.82  155.39
155.39  167.70
167.70  180.28
180.28  232.50
