0.00  0.63
0.63  2.94
2.94  5.54
5.54  8.38
8.38  12.15
12.15  13.91
13.91  16.92
16.92  19.02
19.02  21.52
21.52  22.79
22.79  25.39
25.39  27.99
27.99  31.03
31.03  33.00
33.00  34.70
34.70  37.00
37.00  39.07
39.07  43.71
43.71  47.45
47.45  49.08
49.08  51.25
51.25  53.79
53.79  56.26
56.26  58.49
58.49  61.16
61.16  63.13
63.13  66.40
66.40  70.07
70.07  75.78
75.78  77.58
77.58  80.08
80.08  81.48
81.48  87.52
87.52  89.69
89.69  93.33
93.33  95.03
95.03  99.20
99.20  103.94
103.94  106.94
106.94  114.25
114.25  121.75
121.75  131.53
131.53  134.20
134.20  136.10
