0.00  0.63
0.63  3.17
3.17  5.57
5.57  7.24
7.24  16.52
16.52  48.35
48.35  68.37
68.37  73.67
73.67  75.48
75.48  77.98
77.98  84.65
84.65  88.25
88.25  90.92
90.92  103.70
103.70  106.91
106.91  118.65
118.65  122.16
122.16  123.36
123.36  125.29
125.29  127.89
127.89  129.80
129.80  133.50
133.50  134.63
134.63  137.30
137.30  138.07
138.07  139.61
139.61  140.67
140.67  141.91
141.91  143.61
143.61  145.38
145.38  148.35
148.35  149.45
149.45  150.08
150.08  154.79
154.79  156.79
156.79  157.46
157.46  158.79
158.79  159.93
159.93  163.83
163.83  165.27
165.27  166.67
166.67  169.67
169.67  171.04
171.04  172.67
172.67  174.74
174.74  176.51
176.51  179.31
179.31  181.31
181.31  183.82
183.82  185.62
185.62  189.42
189.42  194.86
194.86  196.83
196.83  198.43
198.43  200.47
200.47  201.97
201.97  203.30
203.30  204.37
204.37  205.94
205.94  208.91
208.91  209.71
209.71  212.05
212.05  214.85
214.85  216.22
216.22  219.42
219.42  220.69
220.69  221.82
221.82  222.76
222.76  223.86
223.86  224.49
224.49  225.69
225.69  228.36
228.36  232.80
232.80  236.24
236.24  238.34
238.34  239.97
239.97  241.71
241.71  246.41
246.41  250.62
250.62  253.02
253.02  255.82
255.82  257.49
257.49  259.13
259.13  260.26
260.26  262.00
262.00  263.40
263.40  265.47
265.47  266.23
266.23  268.10
268.10  268.97
268.97  271.30
271.30  275.24
275.24  276.41
276.41  284.02
284.02  286.99
286.99  290.16
290.16  291.39
291.39  292.79
292.79  294.03
294.03  294.79
294.79  295.50
295.50  296.76
296.76  303.50
303.50  304.14
