0.00  0.63
0.63  3.34
3.34  7.17
7.17  32.23
32.23  44.24
44.24  45.98
45.98  49.82
49.82  51.02
51.02  54.85
54.85  56.82
56.82  58.46
58.46  59.96
59.96  60.96
60.96  61.96
61.96  66.67
66.67  68.87
68.87  70.24
70.24  72.24
72.24  76.31
76.31  80.61
80.61  83.52
83.52  84.72
84.72  87.32
87.32  88.52
88.52  89.62
89.62  90.19
90.19  91.06
91.06  93.99
93.99  95.70
95.70  98.47
98.47  100.30
100.30  101.30
101.30  102.47
102.47  103.20
103.20  104.57
104.57  105.81
105.81  108.48
108.48  109.88
109.88  110.54
110.54  111.14
111.14  113.65
113.65  113.95
113.95  115.22
115.22  116.42
116.42  117.42
117.42  118.75
118.75  120.42
120.42  121.45
121.45  122.82
122.82  123.59
123.59  124.62
124.62  125.16
125.16  125.79
125.79  126.66
126.66  127.43
127.43  127.89
127.89  128.50
128.50  129.76
129.76  130.73
130.73  131.87
131.87  132.77
132.77  134.67
134.67  136.24
136.24  137.94
137.94  142.24
142.24  146.58
146.58  148.72
148.72  171.94
171.94  173.97
173.97  181.21
