0.00  2.84
2.84  9.18
9.18  16.45
16.45  18.99
18.99  21.35
21.35  25.93
25.93  39.81
39.81  40.71
40.71  43.11
43.11  51.22
51.22  54.42
54.42  56.22
56.22  57.76
57.76  60.73
60.73  61.93
61.93  63.03
63.03  66.70
66.70  74.67
74.67  78.61
78.61  80.11
80.11  82.18
82.18  86.69
86.69  91.72
91.72  97.13
97.13  101.87
101.87  103.27
103.27  105.61
105.61  109.24
109.24  110.01
110.01  111.85
111.85  113.35
113.35  114.61
114.61  115.22
115.22  117.38
117.38  118.49
118.49  119.32
119.32  123.89
123.89  124.72
124.72  127.73
127.73  134.67
134.67  140.31
140.31  143.51
143.51  144.64
144.64  145.81
145.81  147.85
147.85  148.98
148.98  149.62
149.62  151.08
151.08  157.56
157.56  158.46
158.46  166.37
