0.00  8.71
8.71  10.64
10.64  13.45
13.45  14.98
14.98  22.52
22.52  23.96
23.96  26.53
26.53  31.60
31.60  34.73
34.73  37.54
37.54  40.01
40.01  43.18
43.18  46.01
46.01  49.55
49.55  51.52
51.52  52.99
52.99  55.49
55.49  60.39
60.39  61.93
61.93  67.53
67.53  69.07
69.07  71.37
71.37  73.41
73.41  75.68
75.68  77.24
77.24  80.38
80.38  82.22
82.22  84.75
84.75  86.22
86.22  88.42
88.42  92.03
92.03  98.36
98.36  105.27
105.27  109.08
109.08  116.82
116.82  122.12
122.12  123.32
123.32  124.92
124.92  131.56
131.56  133.70
133.70  135.17
135.17  137.07
137.07  141.04
141.04  146.05
146.05  149.98
149.98  151.45
151.45  154.02
154.02  156.59
156.59  158.79
