0.00  1.92
1.92  10.79
10.79  14.86
14.86  17.55
17.55  19.07
19.07  22.56
22.56  24.42
24.42  30.75
30.75  36.24
36.24  37.30
37.30  37.99
37.99  38.30
38.30  39.51
39.51  40.11
40.11  41.83
41.83  43.51
43.51  46.95
46.95  48.26
48.26  52.55
52.55  53.75
53.75  56.42
56.42  61.51
61.51  63.26
63.26  69.79
69.79  72.96
72.96  75.94
75.94  79.60
79.60  80.71
80.71  87.14
87.14  90.61
90.61  92.01
92.01  93.18
93.18  95.98
95.98  97.70
97.70  98.41
98.41  99.73
99.73  114.41
114.41  115.97
115.97  116.62
116.62  120.29
120.29  123.12
123.12  125.38
125.38  126.01
126.01  126.89
126.89  136.89
136.89  138.34
138.34  140.17
140.17  141.86
141.86  142.98
142.98  144.93
144.93  147.85
147.85  148.97
148.97  150.28
150.28  151.62
151.62  152.74
152.74  154.85
154.85  156.26
156.26  156.86
156.86  157.66
157.66  158.66
158.66  159.98
159.98  164.05
164.05  165.30
165.30  168.42
168.42  169.69
169.69  171.34
171.34  171.86
171.86  172.77
172.77  173.61
173.61  174.46
174.46  176.33
176.33  177.98
177.98  179.38
179.38  180.36
180.36  183.08
183.08  184.33
184.33  186.20
186.20  186.94
186.94  187.94
187.94  189.14
189.14  190.06
190.06  190.97
190.97  191.72
191.72  195.50
195.50  198.01
198.01  198.93
198.93  200.65
200.65  201.77
201.77  202.85
202.85  206.12
206.12  207.89
207.89  211.53
211.53  258.57
258.57  268.42
268.42  271.49
271.49  277.44
