0.00  0.73
0.73  1.63
1.63  11.14
11.14  16.52
16.52  18.72
18.72  22.09
22.09  24.72
24.72  31.50
31.50  47.88
47.88  57.59
57.59  59.73
59.73  63.96
63.96  68.87
68.87  71.24
71.24  73.24
73.24  74.81
74.81  77.54
77.54  78.91
78.91  81.65
81.65  84.42
84.42  88.15
88.15  91.52
91.52  94.09
94.09  98.67
98.67  100.30
100.30  102.37
102.37  104.94
104.94  107.91
107.91  111.71
111.71  114.58
114.58  117.75
117.75  120.52
120.52  122.99
122.99  125.06
125.06  127.56
127.56  157.22
157.22  163.76
