0.00  7.16
7.16  12.16
12.16  13.96
13.96  28.11
28.11  30.15
30.15  37.15
37.15  38.69
38.69  40.49
40.49  41.74
41.74  43.31
43.31  45.21
45.21  53.12
53.12  55.39
55.39  57.36
57.36  59.06
59.06  61.56
61.56  63.90
63.90  65.17
65.17  65.83
65.83  70.50
70.50  72.84
72.84  74.37
74.37  78.55
78.55  86.32
86.32  88.25
88.25  90.92
90.92  93.89
93.89  94.39
94.39  99.30
99.30  101.97
101.97  102.47
102.47  104.70
104.70  105.27
105.27  106.11
106.11  106.37
106.37  107.61
107.61  108.78
108.78  109.88
109.88  110.28
110.28  111.08
111.08  112.91
112.91  113.51
113.51  118.85
118.85  123.86
123.86  132.53
132.53  147.51
147.51  152.65
152.65  153.89
153.89  154.39
154.39  157.72
157.72  159.93
159.93  161.63
161.63  166.63
166.63  175.41
