0.00  0.67
0.67  23.36
23.36  24.52
24.52  29.15
29.15  30.45
30.45  32.82
32.82  43.79
43.79  45.38
45.38  47.05
47.05  49.09
49.09  52.22
52.22  53.43
53.43  55.68
55.68  57.85
57.85  63.40
63.40  71.65
71.65  75.41
75.41  76.79
76.79  78.50
78.50  85.75
85.75  87.38
87.38  88.38
88.38  89.51
89.51  90.38
90.38  91.72
91.72  95.89
95.89  97.01
97.01  98.85
98.85  100.85
100.85  104.85
104.85  108.40
108.40  109.82
109.82  111.49
111.49  117.53
117.53  118.45
118.45  119.62
119.62  120.45
120.45  124.42
124.42  126.58
126.58  128.63
128.63  130.26
130.26  131.01
131.01  132.38
132.38  133.05
133.05  134.22
134.22  135.39
135.39  139.10
139.10  141.85
141.85  144.73
144.73  149.32
149.32  151.15
151.15  152.32
152.32  153.99
153.99  155.32
155.32  156.99
156.99  158.45
158.45  160.33
160.33  164.37
164.37  165.62
165.62  166.96
166.96  167.79
167.79  171.34
171.34  172.09
172.09  173.88
173.88  175.59
175.59  176.89
176.89  177.80
177.80  179.10
179.10  180.56
180.56  183.68
183.68  184.39
184.39  205.37
205.37  206.54
206.54  207.21
207.21  209.71
209.71  210.46
210.46  213.00
213.00  215.13
215.13  215.80
215.80  217.09
217.09  217.84
217.84  219.34
219.34  221.47
221.47  222.56
222.56  226.23
226.23  227.10
227.10  229.60
229.60  231.11
231.11  232.40
232.40  233.40
233.40  234.28
234.28  235.86
235.86  240.74
240.74  242.33
242.33  244.66
244.66  249.04
249.04  250.38
250.38  252.29
252.29  255.96
255.96  256.80
256.80  259.63
259.63  264.10
264.10  266.02
266.02  266.93
266.93  268.27
268.27  270.27
270.27  271.48
271.48  272.56
272.56  273.65
273.65  275.23
275.23  277.07
277.07  282.53
282.53  288.50
288.50  290.83
290.83  294.13
294.13  294.96
294.96  296.63
296.63  297.80
297.80  304.76
304.76  306.31
306.31  309.27
309.27  313.86
