0.00  1.62
1.62  3.02
3.02  4.09
4.09  6.02
6.02  10.16
10.16  13.06
13.06  16.27
16.27  17.30
17.30  18.80
18.80  19.97
19.97  21.54
21.54  24.21
24.21  25.34
25.34  26.71
26.71  30.68
30.68  31.85
31.85  32.85
32.85  34.75
34.75  36.25
36.25  38.96
38.96  39.49
39.49  40.19
40.19  40.69
40.69  40.96
40.96  41.36
41.36  42.76
42.76  44.69
44.69  53.59
53.59  57.76
57.76  59.43
59.43  61.09
61.09  62.66
62.66  64.73
64.73  65.73
65.73  67.30
67.30  68.80
68.80  70.54
70.54  71.70
71.70  72.51
72.51  73.74
73.74  78.65
78.65  80.41
80.41  82.65
82.65  87.19
87.19  89.56
89.56  92.16
92.16  93.43
93.43  94.06
94.06  94.86
94.86  95.20
95.20  95.53
95.53  96.33
96.33  97.43
97.43  98.57
98.57  100.03
100.03  101.43
101.43  102.27
102.27  103.24
103.24  104.80
104.80  105.71
105.71  108.34
108.34  109.11
109.11  110.04
110.04  111.04
111.04  111.71
111.71  114.48
114.48  116.22
116.22  120.59
120.59  121.92
121.92  123.12
123.12  124.02
124.02  129.40
129.40  131.20
131.20  137.84
137.84  141.31
141.31  144.01
144.01  148.88
148.88  155.79
155.79  158.49
158.49  160.66
160.66  162.76
162.76  165.57
165.57  168.27
168.27  172.64
172.64  174.87
174.87  178.21
178.21  181.08
181.08  183.18
183.18  185.08
185.08  186.39
186.39  190.89
190.89  192.53
192.53  195.66
195.66  197.06
197.06  198.80
198.80  202.80
202.80  204.54
204.54  213.43
