0.00  0.70
0.70  2.10
2.10  22.89
22.89  29.70
29.70  44.64
44.64  46.71
46.71  48.38
48.38  52.32
52.32  54.12
54.12  55.92
55.92  56.99
56.99  62.73
62.73  78.65
78.65  85.65
85.65  89.06
89.06  95.36
95.36  96.76
96.76  106.07
106.07  107.01
107.01  108.98
108.98  114.68
114.68  116.82
116.82  140.21
140.21  150.78
150.78  178.31
178.31  186.29
186.29  188.39
188.39  189.96
189.96  191.59
191.59  195.93
195.93  202.60
202.60  205.21
205.21  206.74
206.74  217.92
217.92  220.45
220.45  233.13
233.13  238.17
238.17  241.24
241.24  244.78
244.78  247.88
