0.00  0.67
0.67  2.07
2.07  3.37
3.37  5.37
5.37  7.37
7.37  11.28
11.28  13.21
13.21  14.61
14.61  15.88
15.88  16.68
16.68  21.49
21.49  23.86
23.86  25.19
25.19  28.46
28.46  30.56
30.56  33.07
33.07  35.44
35.44  36.87
36.87  42.84
42.84  50.62
50.62  52.15
52.15  53.45
53.45  56.49
56.49  60.29
60.29  67.03
67.03  69.24
69.24  94.43
94.43  97.36
97.36  101.63
101.63  104.07
104.07  105.00
105.00  106.94
106.94  109.24
109.24  110.44
110.44  112.95
112.95  130.50
130.50  151.95
151.95  152.62
