0.00  0.67
0.67  3.40
3.40  8.94
8.94  20.52
20.52  24.16
24.16  35.84
35.84  38.17
38.17  77.71
77.71  83.75
83.75  86.42
86.42  90.22
90.22  121.92
121.92  124.56
124.56  130.03
130.03  132.03
132.03  133.70
133.70  135.94
135.94  138.77
138.77  140.77
140.77  154.95
154.95  169.10
169.10  175.48
175.48  181.85
181.85  184.05
184.05  192.59
192.59  194.96
194.96  213.28
213.28  226.53
226.53  228.26
228.26  234.90
234.90  241.17
241.17  242.94
242.94  255.82
255.82  259.29
259.29  294.93
294.93  296.96
