0.00  2.60
2.60  20.27
20.27  31.36
31.36  33.55
33.55  37.47
37.47  41.07
41.07  43.08
43.08  45.60
45.60  48.80
48.80  55.56
55.56  57.52
57.52  60.51
60.51  63.16
63.16  66.20
66.20  66.92
66.92  69.92
69.92  73.99
73.99  76.08
76.08  78.56
78.56  80.80
80.80  82.37
82.37  85.15
85.15  86.35
86.35  88.32
88.32  90.67
90.67  92.76
92.76  94.16
94.16  97.43
97.43  100.52
100.52  102.75
102.75  105.07
105.07  109.24
109.24  120.24
120.24  124.52
124.52  135.75
135.75  136.95
136.95  137.52
137.52  155.92
155.92  157.16
157.16  158.16
158.16  163.56
163.56  166.72
166.72  169.84
169.84  176.08
176.08  178.76
178.76  185.15
185.15  185.89
185.89  187.75
187.75  196.48
196.48  198.97
198.97  200.48
200.48  203.32
203.32  204.15
204.15  205.61
205.61  208.47
208.47  209.28
209.28  210.84
210.84  212.48
212.48  214.40
214.40  217.43
217.43  218.64
218.64  219.24
219.24  223.16
223.16  226.24
226.24  227.88
227.88  229.60
229.60  230.60
230.60  232.40
232.40  234.52
234.52  237.12
237.12  238.64
238.64  241.07
241.07  242.31
242.31  246.61
