0.00  16.95
16.95  25.83
25.83  31.36
31.36  39.97
39.97  41.44
41.44  43.44
43.44  44.61
44.61  47.41
47.41  51.99
51.99  53.42
53.42  62.86
62.86  75.24
75.24  77.68
77.68  83.92
83.92  88.59
88.59  100.90
100.90  111.78
111.78  114.95
114.95  116.02
116.02  121.22
121.22  123.49
123.49  128.80
128.80  133.40
133.40  135.90
135.90  137.94
137.94  140.64
140.64  144.18
144.18  172.61
172.61  176.08
176.08  197.60
197.60  209.24
209.24  211.98
211.98  214.95
214.95  218.12
218.12  235.70
235.70  245.68
