0.00  0.70
0.70  3.07
3.07  18.42
18.42  22.26
22.26  36.54
36.54  41.67
41.67  60.99
60.99  64.00
64.00  72.91
72.91  78.18
78.18  81.38
81.38  89.06
89.06  95.23
95.23  97.30
97.30  105.54
105.54  106.61
106.61  114.18
114.18  125.26
125.26  127.26
127.26  131.90
131.90  136.27
136.27  138.61
138.61  141.67
141.67  144.21
144.21  145.78
145.78  147.35
147.35  150.68
150.68  152.55
152.55  155.02
155.02  156.62
156.62  162.23
162.23  169.10
169.10  172.21
172.21  173.07
173.07  176.24
176.24  177.94
177.94  179.45
179.45  182.25
182.25  184.08
184.08  187.62
187.62  188.66
188.66  190.06
190.06  191.79
191.79  195.53
195.53  196.86
196.86  200.77
200.77  211.01
211.01  218.02
218.02  218.89
218.89  219.85
219.85  220.72
220.72  221.92
221.92  224.49
