0.00  1.00
1.00  2.08
2.08  3.84
3.84  7.88
7.88  10.56
10.56  13.96
13.96  16.76
16.76  18.64
18.64  20.36
20.36  22.16
22.16  24.16
24.16  28.04
28.04  40.16
40.16  45.08
45.08  46.88
46.88  51.84
51.84  55.56
55.56  57.96
57.96  71.12
71.12  76.52
76.52  78.48
78.48  85.00
85.00  95.36
95.36  111.36
111.36  116.56
116.56  168.72
168.72  189.88
189.88  200.16
200.16  204.84
204.84  207.00
207.00  209.36
209.36  224.52
224.52  228.32
228.32  231.92
231.92  235.76
235.76  237.20
237.20  238.72
238.72  240.04
240.04  241.80
241.80  243.40
