0.00  1.33
1.33  4.60
4.60  5.84
5.84  7.14
7.14  7.97
7.97  17.02
17.02  31.87
31.87  34.13
34.13  35.94
35.94  41.41
41.41  49.68
49.68  53.19
53.19  58.46
58.46  71.97
71.97  73.77
73.77  74.91
74.91  76.01
76.01  77.14
77.14  77.68
77.68  86.12
86.12  87.65
87.65  93.09
93.09  94.63
94.63  97.36
97.36  98.97
98.97  101.20
101.20  105.97
105.97  107.21
107.21  112.45
112.45  114.15
114.15  117.58
117.58  118.99
118.99  121.09
121.09  125.06
125.06  126.29
126.29  132.77
132.77  134.50
134.50  139.31
139.31  141.11
141.11  142.18
142.18  144.44
