0.00  25.04
25.04  34.16
34.16  42.88
42.88  44.28
44.28  48.52
48.52  51.32
51.32  52.56
52.56  56.08
56.08  59.76
59.76  63.52
63.52  66.36
66.36  67.68
67.68  70.04
70.04  71.00
71.00  72.04
72.04  73.56
73.56  74.96
74.96  80.48
80.48  82.52
82.52  84.44
84.44  86.52
86.52  87.32
87.32  90.96
90.96  94.36
94.36  100.04
100.04  108.72
108.72  111.08
111.08  119.04
119.04  122.52
122.52  128.60
128.60  132.40
132.40  134.84
134.84  138.48
138.48  140.24
140.24  143.08
143.08  145.48
145.48  157.56
157.56  159.32
159.32  183.88
183.88  187.52
