0.00  3.84
3.84  4.34
4.34  7.54
7.54  13.68
13.68  14.51
14.51  16.22
16.22  17.22
17.22  18.22
18.22  21.62
21.62  27.13
27.13  31.93
31.93  33.87
33.87  36.34
36.34  39.97
39.97  43.08
43.08  45.55
45.55  51.02
51.02  52.42
52.42  53.19
53.19  54.35
54.35  57.12
57.12  58.12
58.12  60.96
60.96  61.46
61.46  68.84
68.84  71.30
71.30  73.04
73.04  74.54
74.54  76.24
76.24  78.04
78.04  81.98
81.98  84.58
84.58  86.32
86.32  88.76
88.76  90.06
90.06  91.16
91.16  94.33
94.33  97.83
97.83  99.13
99.13  100.93
100.93  101.50
101.50  102.50
102.50  104.14
104.14  110.61
110.61  115.62
115.62  119.49
119.49  124.26
124.26  127.19
127.19  128.19
128.19  128.70
128.70  130.70
130.70  144.68
144.68  148.41
148.41  151.78
151.78  152.72
152.72  154.35
154.35  154.99
154.99  156.06
156.06  157.39
157.39  158.79
158.79  159.56
159.56  160.63
