0.00  1.43
1.43  3.00
3.00  9.11
9.11  14.85
14.85  20.69
20.69  26.89
26.89  32.80
32.80  35.07
35.07  37.30
37.30  38.07
38.07  38.97
38.97  39.67
39.67  41.17
41.17  48.62
48.62  51.79
51.79  54.35
54.35  56.82
56.82  60.89
60.89  65.70
65.70  67.73
67.73  72.61
72.61  73.91
73.91  85.65
85.65  87.35
87.35  88.49
88.49  89.22
89.22  90.62
90.62  94.63
94.63  97.43
97.43  98.60
98.60  100.63
100.63  102.10
102.10  103.47
103.47  104.87
104.87  105.64
105.64  106.47
106.47  107.11
107.11  107.71
107.71  108.54
108.54  109.74
109.74  110.81
110.81  113.01
113.01  113.81
113.81  114.98
114.98  135.34
135.34  140.51
