0.00  6.77
6.77  8.84
8.84  12.75
12.75  16.32
16.32  17.95
17.95  21.42
21.42  22.59
22.59  23.12
23.12  23.92
23.92  25.26
25.26  27.89
27.89  30.66
30.66  32.40
32.40  40.01
40.01  42.28
42.28  44.61
44.61  48.01
48.01  50.28
50.28  54.99
54.99  59.53
59.53  61.33
61.33  62.16
62.16  62.90
62.90  67.47
67.47  69.57
69.57  70.80
70.80  72.57
72.57  77.24
77.24  78.91
78.91  81.18
81.18  82.42
82.42  83.45
83.45  85.19
85.19  89.66
89.66  90.86
90.86  94.06
94.06  95.60
95.60  97.23
97.23  98.83
98.83  101.07
101.07  102.94
102.94  106.37
106.37  109.14
109.14  115.18
115.18  115.92
115.92  116.85
116.85  118.92
118.92  123.96
123.96  126.13
126.13  127.26
127.26  129.63
129.63  131.13
131.13  134.20
134.20  136.97
136.97  139.01
139.01  140.57
140.57  141.74
141.74  143.94
143.94  145.18
145.18  147.41
147.41  148.68
148.68  151.38
151.38  152.45
152.45  154.05
154.05  156.96
156.96  157.62
157.62  158.99
158.99  159.73
159.73  166.80
166.80  168.33
168.33  171.04
171.04  172.14
172.14  174.14
174.14  175.54
175.54  177.21
177.21  183.55
183.55  208.94
208.94  211.14
211.14  213.45
213.45  216.42
216.42  220.45
220.45  223.22
223.22  225.96
225.96  227.63
227.63  229.90
229.90  230.46
230.46  232.60
232.60  236.07
236.07  237.70
237.70  239.84
239.84  247.95
247.95  254.55
254.55  255.82
255.82  256.66
256.66  259.09
259.09  260.83
260.83  262.23
262.23  263.56
263.56  265.93
265.93  267.50
267.50  268.27
268.27  269.44
269.44  271.74
271.74  274.37
274.37  284.22
284.22  287.32
287.32  288.35
288.35  289.49
289.49  291.62
291.62  292.66
292.66  294.66
294.66  295.63
295.63  296.63
296.63  297.16
297.16  297.86
297.86  300.03
300.03  300.70
300.70  306.07
306.07  318.45
318.45  320.32
320.32  321.79
321.79  323.22
323.22  323.82
