0.00  2.64
2.64  4.47
4.47  7.27
7.27  11.64
11.64  13.95
13.95  17.32
17.32  19.12
19.12  20.79
20.79  23.62
23.62  28.19
28.19  31.56
31.56  33.10
33.10  37.00
37.00  39.61
39.61  42.41
42.41  45.81
45.81  50.05
50.05  51.12
51.12  52.82
52.82  55.05
55.05  56.76
56.76  58.59
58.59  59.53
59.53  60.59
60.59  62.36
62.36  63.73
63.73  64.53
64.53  65.37
65.37  65.87
65.87  67.87
67.87  71.27
71.27  71.81
71.81  74.01
74.01  77.24
77.24  78.14
78.14  78.71
78.71  80.81
80.81  87.75
87.75  90.59
90.59  103.67
103.67  104.34
104.34  107.91
107.91  108.74
108.74  110.61
110.61  111.54
111.54  114.05
114.05  118.62
