0.00  1.17
1.17  2.47
2.47  4.94
4.94  6.24
6.24  16.62
16.62  18.35
18.35  21.49
21.49  22.39
22.39  23.26
23.26  23.76
23.76  25.93
25.93  26.49
26.49  27.13
27.13  29.80
29.80  31.43
31.43  33.37
33.37  34.67
34.67  36.17
36.17  37.57
37.57  38.20
38.20  39.87
39.87  41.94
41.94  44.41
44.41  45.71
45.71  46.71
46.71  47.78
47.78  49.75
49.75  50.88
50.88  52.19
52.19  53.92
53.92  55.66
55.66  56.66
56.66  58.66
58.66  59.59
59.59  60.86
60.86  62.50
62.50  63.76
63.76  64.76
64.76  66.20
66.20  67.73
67.73  72.04
72.04  73.37
73.37  73.97
73.97  74.84
74.84  75.41
75.41  76.51
76.51  77.08
77.08  78.18
78.18  79.58
79.58  80.71
80.71  83.05
83.05  84.28
84.28  87.02
87.02  89.16
89.16  90.56
90.56  91.22
91.22  92.29
92.29  94.29
94.29  95.20
95.20  96.30
96.30  97.40
97.40  100.57
100.57  101.50
101.50  105.87
105.87  107.27
