0.00  4.60
4.60  5.57
5.57  8.81
8.81  16.45
16.45  18.28
18.28  28.86
28.86  29.76
29.76  32.43
32.43  34.67
34.67  36.04
36.04  39.91
39.91  41.57
41.57  45.51
45.51  46.71
46.71  48.42
48.42  48.92
48.92  50.42
50.42  52.22
52.22  54.25
54.25  54.85
54.85  56.26
56.26  61.23
61.23  63.36
63.36  67.53
67.53  70.37
70.37  71.91
71.91  73.47
73.47  75.08
75.08  76.24
76.24  78.04
78.04  78.75
78.75  80.95
80.95  83.18
83.18  84.78
84.78  87.82
87.82  88.72
88.72  90.39
90.39  91.39
91.39  93.26
93.26  95.63
95.63  97.80
97.80  98.97
98.97  105.51
105.51  108.64
108.64  118.02
118.02  119.09
119.09  120.15
120.15  121.89
121.89  125.49
125.49  126.96
126.96  130.26
130.26  133.77
133.77  136.70
136.70  137.54
137.54  139.17
139.17  141.31
141.31  145.35
145.35  146.61
146.61  148.11
148.11  151.02
151.02  152.49
152.49  153.85
153.85  155.96
155.96  157.76
157.76  160.23
160.23  161.69
161.69  164.86
164.86  167.97
167.97  168.54
