0.00  1.43
1.43  3.27
3.27  5.27
5.27  8.38
8.38  9.01
9.01  10.18
10.18  11.04
11.04  11.54
11.54  12.51
12.51  15.38
15.38  16.62
16.62  17.98
17.98  19.29
19.29  20.32
20.32  21.19
21.19  22.02
22.02  22.72
22.72  23.26
23.26  24.32
24.32  28.90
28.90  29.93
29.93  31.50
31.50  33.17
33.17  35.10
35.10  36.94
36.94  38.67
38.67  40.61
40.61  42.71
42.71  44.38
44.38  44.91
44.91  45.78
45.78  47.71
47.71  48.82
48.82  51.22
51.22  52.92
52.92  54.22
54.22  56.26
56.26  57.56
57.56  58.79
58.79  60.09
60.09  63.56
63.56  65.43
65.43  67.67
67.67  71.47
71.47  75.84
75.84  89.66
89.66  93.56
93.56  97.83
