0.00  2.14
2.14  3.17
3.17  4.40
4.40  5.41
5.41  7.57
7.57  8.91
8.91  9.98
9.98  11.51
11.51  14.58
14.58  17.68
17.68  20.29
20.29  21.35
21.35  21.96
21.96  25.13
25.13  25.69
25.69  26.86
26.86  28.66
28.66  31.93
31.93  35.24
35.24  37.07
37.07  38.10
38.10  39.21
39.21  40.07
40.07  42.71
42.71  43.48
43.48  45.75
45.75  46.55
46.55  47.45
47.45  48.28
48.28  49.62
49.62  51.38
51.38  53.42
53.42  55.02
55.02  58.66
58.66  66.97
66.97  69.67
69.67  71.10
71.10  71.91
71.91  72.64
72.64  77.11
77.11  79.68
79.68  82.62
82.62  85.12
85.12  88.62
88.62  91.02
91.02  91.52
91.52  92.79
92.79  93.63
93.63  94.26
94.26  95.90
95.90  101.47
101.47  102.14
102.14  107.34
107.34  108.41
108.41  109.18
109.18  109.71
109.71  112.21
112.21  117.98
117.98  121.42
121.42  122.49
122.49  123.12
123.12  124.89
124.89  126.53
126.53  128.23
128.23  129.46
129.46  133.27
133.27  133.77
133.77  134.60
134.60  138.74
138.74  140.64
140.64  142.71
142.71  143.88
143.88  144.91
144.91  146.11
146.11  147.35
147.35  149.18
149.18  150.22
150.22  151.72
151.72  153.15
153.15  154.35
154.35  155.16
155.16  157.69
157.69  160.29
160.29  161.79
161.79  161.86
