0.00  8.14
8.14  11.75
11.75  14.48
14.48  23.32
23.32  26.43
26.43  32.40
32.40  35.84
35.84  36.44
36.44  37.17
37.17  39.31
39.31  40.64
40.64  42.78
42.78  46.08
46.08  56.19
56.19  59.19
59.19  62.36
62.36  63.43
63.43  64.26
64.26  65.10
65.10  67.03
67.03  67.53
67.53  68.07
68.07  68.74
68.74  70.77
70.77  73.71
73.71  75.88
75.88  76.48
76.48  79.05
79.05  81.45
81.45  84.12
84.12  85.39
85.39  87.72
87.72  89.52
89.52  90.46
90.46  92.36
92.36  93.79
93.79  94.76
94.76  95.96
95.96  97.43
97.43  98.30
98.30  99.30
99.30  100.40
100.40  101.40
101.40  102.24
102.24  102.97
102.97  104.27
104.27  105.64
105.64  107.27
107.27  107.77
107.77  108.64
108.64  109.21
109.21  110.01
110.01  110.98
110.98  111.71
111.71  112.25
112.25  113.05
113.05  113.65
113.65  114.45
114.45  115.05
115.05  115.82
115.82  116.92
116.92  117.58
117.58  119.32
119.32  120.55
120.55  123.12
123.12  128.09
128.09  129.50
129.50  131.00
131.00  132.10
132.10  139.21
139.21  142.11
142.11  144.31
144.31  145.31
145.31  146.45
146.45  148.08
148.08  152.72
152.72  154.19
154.19  154.95
154.95  155.62
155.62  159.66
159.66  160.96
160.96  162.86
162.86  166.40
166.40  169.50
169.50  170.90
170.90  173.67
173.67  174.74
174.74  176.04
176.04  177.24
177.24  178.11
178.11  179.41
179.41  182.82
182.82  184.38
184.38  185.49
185.49  186.12
186.12  187.42
187.42  188.42
188.42  189.99
189.99  190.96
190.96  191.52
191.52  192.93
192.93  193.83
193.83  194.39
194.39  196.10
196.10  197.53
197.53  198.63
198.63  199.87
199.87  200.43
200.43  201.83
201.83  204.00
204.00  204.60
204.60  206.51
206.51  209.44
209.44  210.68
210.68  211.64
211.64  213.71
213.71  216.68
216.68  219.29
219.29  219.92
