0.00  2.34
2.34  4.50
4.50  5.07
5.07  14.25
14.25  19.72
19.72  21.79
21.79  24.42
24.42  26.23
26.23  27.73
27.73  30.03
30.03  32.83
32.83  35.57
35.57  40.74
40.74  41.88
41.88  42.61
42.61  45.98
45.98  47.15
47.15  50.28
50.28  51.35
51.35  52.45
52.45  56.62
56.62  57.46
57.46  58.12
58.12  58.79
58.79  59.69
59.69  60.46
60.46  61.09
61.09  64.46
64.46  65.70
65.70  69.60
69.60  71.37
71.37  72.01
72.01  73.87
73.87  74.94
74.94  76.54
76.54  78.31
78.31  80.91
80.91  85.65
85.65  89.29
89.29  92.09
92.09  92.89
92.89  93.39
93.39  94.63
94.63  95.23
95.23  96.56
96.56  102.87
102.87  105.07
105.07  107.14
107.14  112.35
112.35  115.08
115.08  116.22
116.22  117.45
117.45  118.52
118.52  119.59
119.59  120.99
120.99  122.56
122.56  123.32
123.32  124.16
124.16  125.23
125.23  126.16
126.16  127.53
127.53  129.10
129.10  130.03
130.03  131.03
131.03  132.03
132.03  136.24
136.24  137.04
137.04  138.37
138.37  139.44
139.44  141.98
141.98  143.18
143.18  144.38
144.38  145.25
145.25  146.51
146.51  147.21
147.21  148.28
148.28  149.08
149.08  153.82
153.82  154.82
154.82  155.46
155.46  156.56
156.56  157.56
157.56  158.39
158.39  159.29
159.29  160.46
160.46  161.13
161.13  162.30
162.30  163.30
163.30  164.33
164.33  165.60
165.60  166.17
166.17  167.73
167.73  169.24
169.24  169.84
169.84  170.87
170.87  171.54
171.54  174.31
174.31  174.91
174.91  175.64
175.64  178.34
178.34  180.48
180.48  181.95
181.95  183.68
183.68  184.85
184.85  186.35
186.35  191.02
191.02  192.06
192.06  193.26
193.26  194.09
194.09  200.63
200.63  201.47
201.47  203.54
203.54  212.85
212.85  216.05
216.05  218.82
218.82  223.89
223.89  226.56
226.56  228.03
228.03  230.96
230.96  232.57
232.57  234.60
234.60  236.24
236.24  238.44
238.44  239.34
239.34  240.81
240.81  242.38
242.38  245.31
245.31  248.72
248.72  251.15
251.15  253.99
253.99  260.29
260.29  262.46
262.46  263.73
263.73  266.50
266.50  267.80
267.80  273.87
273.87  276.04
276.04  280.68
280.68  283.52
283.52  285.29
285.29  291.99
291.99  297.36
297.36  302.97
302.97  311.24
311.24  313.08
313.08  314.51
