0.00  2.54
2.54  5.54
5.54  8.38
8.38  9.28
9.28  11.08
11.08  11.61
11.61  13.01
13.01  13.68
13.68  15.82
15.82  17.05
17.05  17.65
17.65  18.89
18.89  21.79
21.79  24.89
24.89  29.13
29.13  31.97
31.97  32.57
32.57  33.23
33.23  34.23
34.23  36.17
36.17  37.50
37.50  40.44
40.44  43.74
43.74  44.91
44.91  46.75
46.75  47.98
47.98  48.88
48.88  50.08
50.08  50.98
50.98  53.35
53.35  54.49
54.49  55.89
55.89  57.66
57.66  58.76
58.76  60.09
60.09  62.20
62.20  64.20
64.20  67.03
67.03  69.04
69.04  70.67
70.67  72.87
72.87  73.57
73.57  74.97
74.97  75.51
75.51  76.78
76.78  77.88
77.88  81.75
81.75  83.22
83.22  85.15
85.15  86.72
86.72  87.59
87.59  88.62
88.62  90.29
90.29  91.79
91.79  96.40
96.40  98.03
98.03  98.93
98.93  99.90
99.90  101.67
101.67  102.27
102.27  103.37
103.37  104.60
104.60  106.14
106.14  106.67
106.67  108.21
108.21  109.08
109.08  110.84
110.84  111.64
111.64  112.88
112.88  114.08
114.08  117.75
117.75  118.99
118.99  120.19
120.19  121.75
121.75  122.36
122.36  126.56
126.56  130.80
130.80  133.07
133.07  135.94
135.94  140.21
140.21  145.11
145.11  147.01
147.01  149.38
149.38  150.68
150.68  152.82
152.82  153.59
153.59  154.69
154.69  156.19
156.19  157.19
157.19  158.89
158.89  161.79
161.79  162.96
162.96  163.93
163.93  165.77
165.77  169.17
169.17  170.64
170.64  172.41
172.41  174.47
174.47  175.54
175.54  177.24
177.24  180.91
180.91  182.32
182.32  185.59
185.59  186.59
186.59  194.16
194.16  196.10
196.10  198.36
198.36  201.63
201.63  205.04
205.04  207.21
207.21  209.08
209.08  211.34
211.34  212.45
212.45  213.28
213.28  218.65
218.65  223.52
223.52  225.63
225.63  227.23
227.23  229.96
229.96  235.80
235.80  236.80
236.80  239.27
239.27  240.84
240.84  241.41
241.41  242.01
242.01  245.81
245.81  251.18
251.18  254.65
254.65  255.19
255.19  262.50
262.50  263.83
263.83  264.40
264.40  268.00
268.00  269.27
269.27  270.27
270.27  272.47
272.47  274.24
274.24  274.84
274.84  275.84
275.84  276.78
