0.00  2.74
2.74  3.47
3.47  7.01
7.01  11.64
11.64  17.45
17.45  25.56
25.56  26.83
26.83  27.49
27.49  36.84
36.84  41.44
41.44  46.01
46.01  54.45
54.45  60.93
60.93  65.83
65.83  68.80
68.80  72.87
72.87  73.81
73.81  77.44
77.44  79.38
79.38  84.18
84.18  95.16
95.16  97.43
97.43  103.54
103.54  105.87
105.87  109.08
109.08  113.91
113.91  118.92
118.92  123.09
123.09  136.90
136.90  145.04
145.04  152.39
152.39  163.90
163.90  166.87
166.87  169.47
169.47  172.81
172.81  175.68
175.68  179.58
179.58  181.48
181.48  185.69
185.69  190.39
190.39  196.36
196.36  202.57
202.57  211.08
