0.00  0.83
0.83  4.58
4.58  9.79
9.79  14.96
14.96  16.17
16.17  21.62
21.62  31.12
31.12  31.88
31.88  36.08
36.08  42.17
42.17  45.62
45.62  55.08
55.08  62.21
62.21  74.04
74.04  83.08
83.08  85.75
85.75  94.33
94.33  100.00
100.00  103.08
103.08  104.67
104.67  106.67
106.67  108.71
108.71  109.38
109.38  110.67
110.67  111.46
111.46  112.46
112.46  127.25
127.25  131.08
131.08  133.08
133.08  135.29
135.29  137.54
137.54  145.38
145.38  154.67
154.67  162.58
162.58  166.00
166.00  171.17
171.17  173.46
173.46  176.88
176.88  182.92
182.92  185.71
185.71  189.50
189.50  190.33
190.33  191.54
191.54  192.25
192.25  194.54
194.54  202.29
202.29  206.08
206.08  217.17
217.17  223.46
223.46  224.21
