0.00  0.75
0.75  1.67
1.67  3.08
3.08  5.79
5.79  19.42
19.42  35.62
35.62  47.46
47.46  53.42
53.42  56.96
56.96  73.17
73.17  85.00
85.00  90.96
90.96  95.25
95.25  101.83
101.83  110.42
110.42  114.71
114.71  121.29
121.29  141.12
141.12  153.54
153.54  155.21
155.21  157.50
157.50  161.83
161.83  167.58
167.58  190.71
190.71  194.50
194.50  218.54
218.54  219.79
219.79  222.00
222.00  222.79
222.79  226.75
226.75  227.54
227.54  229.17
229.17  239.83
239.83  241.12
241.12  245.92
245.92  249.46
249.46  250.21
250.21  252.17
252.17  254.83
254.83  269.21
269.21  289.96
289.96  317.58
