0.00  0.67
0.67  3.21
3.21  6.75
6.75  10.58
10.58  16.08
16.08  17.96
17.96  20.92
20.92  23.71
23.71  24.79
24.79  25.75
25.75  26.46
26.46  27.46
27.46  30.42
30.42  33.38
33.38  35.88
35.88  37.67
37.67  39.21
39.21  41.92
41.92  45.46
45.46  48.50
48.50  51.46
51.46  53.58
53.58  54.62
54.62  58.92
58.92  61.88
61.88  68.21
68.21  71.62
71.62  75.38
75.38  76.62
76.62  80.42
80.42  81.58
81.58  84.08
84.08  90.67
90.67  95.79
95.79  98.92
98.92  101.29
101.29  103.62
103.62  106.62
106.62  109.17
109.17  112.17
112.17  114.08
114.08  115.62
115.62  116.46
116.46  118.25
118.25  121.67
121.67  124.71
124.71  125.96
125.96  129.17
129.17  134.58
134.58  137.50
137.50  139.79
139.79  142.00
142.00  144.42
144.42  146.58
146.58  149.62
149.62  151.62
151.62  155.29
155.29  158.58
158.58  162.42
162.42  167.08
167.08  175.04
175.04  181.88
181.88  188.54
188.54  189.38
189.38  190.38
190.38  198.96
198.96  200.29
200.29  201.54
201.54  203.08
203.08  204.96
204.96  208.00
208.00  209.12
209.12  210.00
210.00  213.75
213.75  216.79
216.79  220.67
220.67  221.92
221.92  223.54
223.54  225.04
225.04  228.04
228.04  230.00
230.00  238.67
238.67  240.25
240.25  241.21
241.21  243.21
243.21  243.96
243.96  251.25
251.25  257.21
257.21  262.21
262.21  264.08
264.08  272.00
272.00  276.29
276.29  277.33
277.33  278.04
278.04  296.83
296.83  309.33
309.33  314.00
