0.00  1.92
1.92  3.58
3.58  12.12
12.12  15.33
15.33  20.21
20.21  27.62
27.62  31.21
31.21  32.17
32.17  34.29
34.29  35.75
35.75  42.83
42.83  44.42
44.42  53.38
53.38  55.71
55.71  58.25
58.25  62.75
62.75  67.58
67.58  69.33
69.33  70.12
70.12  71.71
71.71  78.21
78.21  80.21
80.21  82.67
82.67  87.25
87.25  93.00
93.00  94.08
94.08  96.50
96.50  101.29
101.29  109.54
109.54  116.92
116.92  119.42
119.42  122.62
122.62  123.50
123.50  125.08
125.08  126.58
126.58  132.71
132.71  134.71
134.71  136.58
136.58  139.12
139.12  144.83
144.83  146.79
146.79  147.46
147.46  149.67
149.67  150.71
150.71  154.42
154.42  157.33
157.33  174.58
174.58  177.54
177.54  183.88
183.88  194.46
194.46  195.75
195.75  207.08
207.08  211.67
211.67  212.62
212.62  214.71
214.71  226.46
226.46  232.29
232.29  246.29
246.29  252.79
252.79  254.08
254.08  256.50
256.50  261.17
261.17  267.46
267.46  274.88
274.88  277.21
277.21  281.42
281.42  283.00
283.00  284.50
284.50  290.62
290.62  292.62
292.62  294.50
294.50  297.04
297.04  302.75
302.75  304.71
304.71  305.38
305.38  307.58
307.58  308.62
308.62  312.33
312.33  315.25
315.25  332.50
332.50  335.46
335.46  341.79
341.79  352.38
352.38  353.67
353.67  365.00
365.00  370.54
370.54  372.62
372.62  385.08
