0.00  3.17
3.17  6.00
6.00  8.58
8.58  9.83
9.83  12.25
12.25  13.58
13.58  16.50
16.50  20.42
20.42  32.12
32.12  40.58
40.58  45.83
45.83  48.67
48.67  74.08
74.08  88.96
88.96  93.50
93.50  101.54
101.54  103.75
103.75  112.96
112.96  142.83
142.83  157.04
157.04  159.08
159.08  172.38
172.38  177.38
177.38  180.46
180.46  182.96
182.96  185.08
185.08  186.38
186.38  188.04
188.04  192.08
192.08  201.00
201.00  203.29
203.29  208.58
208.58  214.71
214.71  218.67
218.67  222.38
222.38  226.00
226.00  226.96
226.96  228.58
228.58  230.88
230.88  235.75
235.75  242.17
242.17  247.46
247.46  249.33
249.33  254.38
254.38  260.75
260.75  262.38
262.38  267.25
267.25  268.79
