0.00  4.25
4.25  9.88
9.88  11.98
11.98  13.48
13.48  19.08
19.08  39.36
39.36  40.21
40.21  41.35
41.35  42.35
42.35  46.76
46.76  50.16
50.16  53.20
53.20  58.00
58.00  64.29
64.29  75.83
75.83  85.03
85.03  86.36
86.36  89.31
89.31  106.87
106.87  115.61
115.61  118.67
118.67  120.71
120.71  128.41
128.41  130.67
130.67  134.69
134.69  136.92
136.92  144.99
144.99  154.39
154.39  157.69
157.69  161.19
161.19  164.59
164.59  165.52
165.52  167.92
167.92  170.12
170.12  176.40
176.40  177.27
177.27  180.57
180.57  185.40
185.40  198.27
