0.00  1.42
1.42  7.17
7.17  10.04
10.04  15.79
15.79  17.46
17.46  18.96
18.96  20.87
20.87  23.50
23.50  24.21
24.21  26.25
26.25  26.87
26.87  28.41
28.41  30.71
30.71  32.79
32.79  34.75
34.75  37.25
37.25  39.25
39.25  41.37
41.37  42.75
42.75  44.41
44.41  46.75
46.75  47.95
47.95  49.79
49.79  51.29
51.29  53.08
53.08  54.54
54.54  56.12
56.12  56.95
56.95  58.99
58.99  61.29
61.29  65.62
65.62  67.95
67.95  69.53
69.53  70.66
70.66  73.49
73.49  74.62
74.62  75.91
75.91  77.16
77.16  80.91
80.91  81.95
81.95  84.66
84.66  85.78
85.78  87.12
87.12  88.87
88.87  90.41
90.41  91.57
91.57  92.28
92.28  94.62
94.62  95.95
95.95  97.32
97.32  98.91
98.91  100.95
100.95  102.99
102.99  105.07
105.07  107.24
107.24  109.41
109.41  110.49
110.49  111.28
111.28  114.24
114.24  115.65
115.65  117.86
117.86  120.15
120.15  121.65
121.65  123.70
123.70  126.03
126.03  128.61
128.61  131.32
131.32  133.86
133.86  135.57
135.57  140.32
140.32  145.28
145.28  147.40
147.40  158.69
158.69  159.98
159.98  161.82
161.82  165.32
165.32  167.32
167.32  169.52
169.52  171.57
171.57  172.73
172.73  174.52
174.52  176.19
176.19  176.90
176.90  178.19
178.19  179.15
179.15  180.11
180.11  181.48
181.48  183.06
183.06  184.31
184.31  188.81
188.81  192.60
192.60  194.98
194.98  199.48
199.48  205.02
205.02  206.85
206.85  208.94
208.94  211.81
211.81  213.56
213.56  215.77
215.77  218.19
218.19  219.77
219.77  223.23
223.23  225.56
225.56  228.81
228.81  232.06
232.06  233.81
233.81  235.68
235.68  241.39
241.39  243.77
243.77  246.22
246.22  247.72
247.72  249.18
249.18  251.31
251.31  253.93
253.93  260.85
260.85  262.93
262.93  265.81
265.81  268.39
268.39  270.26
270.26  272.26
272.26  276.72
276.72  279.97
279.97  281.76
281.76  283.60
283.60  284.72
284.72  289.14
289.14  291.22
291.22  292.14
292.14  293.09
293.09  294.43
294.43  295.05
295.05  296.80
296.80  298.01
298.01  298.89
298.89  300.34
300.34  301.93
301.93  303.80
303.80  305.09
305.09  306.68
306.68  309.68
309.68  321.59
321.59  323.84
323.84  328.05
328.05  330.72
330.72  337.55
337.55  341.71
341.71  343.34
343.34  345.26
345.26  351.84
351.84  354.25
354.25  357.92
357.92  360.67
360.67  362.59
362.59  365.38
365.38  368.00
368.00  370.42
370.42  377.29
377.29  380.34
380.34  383.09
383.09  387.54
387.54  389.04
389.04  391.67
391.67  393.00
393.00  393.88
393.88  395.71
395.71  396.38
396.38  397.04
397.04  403.54
