0.00  9.96
9.96  18.62
18.62  23.29
23.29  28.54
28.54  29.29
29.29  30.04
30.04  31.42
31.42  33.17
33.17  34.42
34.42  36.62
36.62  39.25
39.25  40.42
40.42  41.54
41.54  43.71
43.71  46.17
46.17  49.88
49.88  52.08
52.08  53.50
53.50  54.88
54.88  56.71
56.71  58.12
58.12  59.33
59.33  61.46
61.46  63.75
63.75  68.08
68.08  70.96
70.96  76.08
76.08  77.21
77.21  78.00
78.00  78.62
78.62  79.92
79.92  83.38
83.38  84.54
84.54  86.04
86.04  89.17
89.17  91.54
91.54  93.62
93.62  94.83
94.83  96.79
96.79  98.67
98.67  100.12
100.12  101.00
101.00  102.00
102.00  104.83
104.83  106.00
106.00  107.62
107.62  109.71
109.71  111.67
111.67  113.58
113.58  115.00
115.00  116.25
116.25  116.88
116.88  118.00
118.00  122.04
122.04  124.71
124.71  127.54
127.54  128.71
128.71  130.21
130.21  132.12
132.12  135.29
135.29  137.83
137.83  140.42
140.42  141.83
141.83  144.12
144.12  145.50
145.50  147.46
147.46  150.25
150.25  152.38
152.38  154.96
154.96  157.46
157.46  159.08
159.08  162.83
162.83  165.38
165.38  169.38
169.38  172.12
172.12  177.88
177.88  180.21
180.21  186.21
186.21  186.96
186.96  190.58
190.58  191.88
191.88  196.00
