0.00  6.50
6.50  11.46
11.46  14.42
14.42  18.71
18.71  21.67
21.67  26.67
26.67  30.88
30.88  33.17
33.17  40.96
40.96  47.71
47.71  52.67
52.67  57.46
57.46  59.75
59.75  61.67
61.67  65.54
65.54  67.08
67.08  69.50
69.50  71.83
71.83  73.46
73.46  76.00
76.00  78.42
78.42  81.46
81.46  82.54
82.54  86.50
86.50  94.42
94.42  97.46
97.46  100.58
100.58  101.25
101.25  102.29
102.29  104.67
104.67  107.46
107.46  109.33
109.33  110.38
110.38  112.75
112.75  114.58
114.58  117.00
117.00  118.92
118.92  121.21
121.21  122.88
122.88  124.54
124.54  126.25
126.25  130.58
130.58  132.00
132.00  133.54
133.54  134.75
134.75  136.83
136.83  140.08
140.08  141.29
141.29  142.46
142.46  144.25
144.25  145.38
145.38  146.83
146.83  148.29
148.29  148.96
148.96  150.42
150.42  152.12
152.12  154.00
154.00  154.71
154.71  155.62
155.62  157.08
157.08  158.96
158.96  159.96
159.96  160.83
160.83  162.12
162.12  163.38
163.38  164.46
164.46  165.67
165.67  166.79
166.79  168.67
168.67  169.75
169.75  172.62
172.62  174.12
174.12  175.67
175.67  176.96
176.96  178.67
178.67  179.83
179.83  180.58
180.58  181.92
181.92  183.33
183.33  185.83
185.83  187.33
187.33  189.92
189.92  192.67
192.67  195.54
195.54  197.17
197.17  198.75
198.75  199.71
199.71  200.96
200.96  203.08
203.08  204.00
204.00  204.96
204.96  208.88
208.88  209.54
209.54  210.29
210.29  213.25
213.25  214.33
214.33  215.67
215.67  217.25
217.25  218.38
218.38  219.29
219.29  220.08
220.08  221.12
221.12  221.92
221.92  223.12
223.12  224.33
224.33  225.79
225.79  238.96
238.96  240.04
240.04  241.21
241.21  242.00
242.00  244.25
244.25  246.29
246.29  256.04
256.04  258.54
258.54  262.08
262.08  265.79
265.79  268.75
268.75  273.79
273.79  275.88
275.88  279.46
279.46  292.08
292.08  297.00
297.00  309.04
309.04  311.17
311.17  319.12
319.12  322.00
322.00  325.33
