0.00  0.75
0.75  3.96
3.96  16.88
16.88  27.29
27.29  32.54
32.54  40.62
40.62  42.25
42.25  46.17
46.17  49.29
49.29  51.83
51.83  58.54
58.54  65.25
65.25  73.08
73.08  77.75
77.75  83.92
83.92  94.38
94.38  97.67
97.67  105.67
105.67  113.46
113.46  116.04
116.04  119.83
119.83  123.83
123.83  148.67
148.67  160.75
160.75  164.96
164.96  168.50
168.50  173.29
173.29  176.50
176.50  180.42
180.42  183.17
183.17  192.92
192.92  202.25
202.25  214.29
214.29  244.08
244.08  257.04
257.04  260.88
260.88  266.58
266.58  283.79
283.79  287.46
287.46  291.88
291.88  294.04
294.04  295.92
295.92  297.92
297.92  299.62
299.62  302.17
302.17  304.25
304.25  306.00
306.00  307.17
307.17  309.71
309.71  312.75
312.75  316.08
316.08  317.96
317.96  320.50
320.50  323.00
323.00  326.25
326.25  328.54
328.54  332.25
332.25  335.25
335.25  337.46
337.46  343.67
343.67  344.42
344.42  345.08
345.08  349.83
349.83  352.75
352.75  356.04
356.04  360.12
360.12  363.04
363.04  366.50
366.50  369.88
369.88  373.12
373.12  378.33
378.33  381.83
381.83  393.08
393.08  397.58
397.58  397.67
