0.00  1.84
1.84  4.67
4.67  8.38
8.38  9.72
9.72  11.93
11.93  13.01
13.01  16.52
16.52  19.39
19.39  22.48
22.48  24.86
24.86  26.19
26.19  28.99
28.99  29.86
29.86  31.61
31.61  32.57
32.57  33.83
33.83  39.00
39.00  40.04
40.04  41.96
41.96  44.59
44.59  50.63
50.63  58.18
58.18  60.85
60.85  61.73
61.73  62.90
62.90  65.82
65.82  67.23
67.23  70.86
70.86  72.16
72.16  73.78
73.78  74.57
74.57  75.66
75.66  76.79
76.79  80.66
80.66  95.30
95.30  96.01
96.01  97.47
97.47  100.35
100.35  102.85
102.85  105.27
105.27  106.77
106.77  108.48
108.48  109.73
109.73  113.40
113.40  114.20
114.20  116.53
116.53  119.54
119.54  122.16
122.16  123.46
123.46  124.87
124.87  125.63
125.63  128.17
128.17  129.21
129.21  145.02
145.02  148.15
