0.00  5.84
5.84  8.88
8.88  10.39
10.39  14.60
14.60  20.77
20.77  26.74
26.74  32.87
32.87  35.20
35.20  40.08
40.08  40.96
40.96  47.96
47.96  55.01
55.01  55.81
55.81  57.31
57.31  58.77
58.77  61.27
61.27  64.90
64.90  66.73
66.73  68.53
68.53  73.62
73.62  78.29
78.29  81.33
81.33  82.92
82.92  84.33
84.33  86.34
86.34  88.00
88.00  89.67
89.67  92.59
92.59  94.30
94.30  97.14
97.14  98.43
98.43  101.94
101.94  102.60
102.60  108.32
108.32  114.82
114.82  116.83
116.83  118.70
118.70  120.29
120.29  122.54
122.54  126.13
126.13  126.96
126.96  134.59
134.59  138.64
138.64  142.27
142.27  146.40
146.40  149.94
149.94  153.61
153.61  156.32
156.32  156.45
