0.00  1.88
1.88  5.38
5.38  7.17
7.17  9.12
9.12  10.42
10.42  12.00
12.00  14.08
14.08  15.04
15.04  16.33
16.33  18.25
18.25  19.42
19.42  21.21
21.21  22.42
22.42  24.21
24.21  32.71
32.71  33.88
33.88  35.21
35.21  37.50
37.50  38.58
38.58  39.71
39.71  40.96
40.96  43.08
43.08  44.21
44.21  45.92
45.92  46.62
46.62  52.25
52.25  53.92
53.92  57.21
57.21  58.12
58.12  59.00
59.00  60.00
60.00  62.58
62.58  64.33
64.33  69.12
69.12  71.04
71.04  73.88
73.88  76.08
76.08  78.00
78.00  78.88
78.88  79.79
79.79  82.29
82.29  83.62
83.62  88.92
88.92  92.25
92.25  94.67
94.67  96.04
96.04  98.92
98.92  101.42
101.42  102.71
102.71  103.42
103.42  105.33
105.33  106.83
106.83  108.08
108.08  109.46
109.46  115.25
115.25  116.83
116.83  119.04
119.04  121.25
121.25  123.38
123.38  124.62
124.62  125.75
125.75  127.46
127.46  129.46
129.46  131.04
131.04  131.75
131.75  135.17
135.17  136.79
136.79  138.54
138.54  139.83
139.83  141.04
141.04  142.04
142.04  143.42
143.42  146.08
146.08  148.25
148.25  149.71
149.71  152.00
152.00  153.25
153.25  156.83
156.83  159.71
159.71  161.71
161.71  163.21
163.21  165.08
165.08  168.04
168.04  169.67
169.67  171.42
171.42  173.83
173.83  175.83
175.83  177.71
177.71  179.92
179.92  183.50
183.50  185.38
185.38  186.62
186.62  188.21
188.21  188.88
188.88  190.42
190.42  191.71
191.71  192.75
192.75  194.04
194.04  195.29
195.29  197.50
197.50  198.12
198.12  198.79
198.79  199.67
199.67  201.71
201.71  202.33
202.33  204.00
204.00  206.46
206.46  207.42
207.42  212.88
212.88  216.46
216.46  218.38
218.38  220.17
220.17  221.96
221.96  224.04
224.04  225.12
225.12  227.50
227.50  229.54
229.54  232.42
232.42  233.58
233.58  235.25
235.25  237.29
237.29  238.54
238.54  240.42
240.42  242.33
242.33  244.67
244.67  246.04
246.04  247.62
247.62  249.29
249.29  250.58
250.58  251.38
251.38  253.58
253.58  255.54
255.54  257.62
257.62  259.71
259.71  260.79
260.79  263.33
263.33  264.25
264.25  265.29
265.29  267.25
267.25  270.67
270.67  271.33
271.33  276.96
276.96  278.46
278.46  281.79
281.79  283.92
283.92  285.50
285.50  287.08
287.08  287.71
287.71  289.42
289.42  290.96
290.96  293.21
293.21  295.75
295.75  297.04
297.04  298.71
298.71  299.75
299.75  300.92
300.92  301.79
301.79  302.79
302.79  303.75
303.75  304.75
304.75  306.21
306.21  307.00
307.00  308.38
308.38  311.17
311.17  312.92
312.92  315.00
315.00  316.67
316.67  318.67
318.67  319.62
319.62  320.42
320.42  323.21
323.21  324.67
324.67  326.04
326.04  328.54
328.54  330.67
330.67  332.12
332.12  337.00
337.00  338.46
338.46  340.96
340.96  344.21
344.21  345.50
345.50  346.25
346.25  347.67
347.67  348.42
348.42  350.17
350.17  350.83
350.83  351.75
351.75  354.54
354.54  356.12
356.12  357.54
357.54  358.71
358.71  359.75
359.75  360.71
360.71  361.38
361.38  363.25
363.25  364.25
364.25  365.08
365.08  366.75
366.75  367.79
367.79  368.54
368.54  369.75
369.75  371.12
371.12  373.54
373.54  375.04
375.04  376.92
376.92  377.79
377.79  382.00
382.00  383.54
383.54  384.88
384.88  388.08
388.08  389.71
389.71  391.83
391.83  394.83
394.83  395.54
395.54  396.42
396.42  397.75
397.75  399.17
399.17  399.92
399.92  401.12
401.12  404.00
404.00  406.67
406.67  411.04
411.04  413.38
413.38  414.67
414.67  416.17
416.17  416.96
416.96  418.33
418.33  419.17
419.17  421.21
421.21  422.50
422.50  423.75
423.75  425.96
425.96  427.12
427.12  428.33
428.33  429.58
429.58  430.83
430.83  435.12
435.12  435.83
435.83  436.46
436.46  437.33
437.33  438.62
438.62  440.88
440.88  442.04
442.04  444.62
444.62  446.04
