0.00  3.42
3.42  5.92
5.92  7.92
7.92  13.46
13.46  16.83
16.83  19.17
19.17  22.12
22.12  25.46
25.46  28.04
28.04  30.46
30.46  33.62
33.62  36.04
36.04  38.00
38.00  41.54
41.54  47.17
47.17  50.08
50.08  50.96
50.96  51.88
51.88  53.54
53.54  59.46
59.46  65.54
65.54  69.29
69.29  71.96
71.96  74.96
74.96  80.92
80.92  83.12
83.12  86.00
86.00  87.79
87.79  90.21
90.21  94.33
94.33  98.17
98.17  99.96
99.96  102.21
102.21  108.67
108.67  110.54
110.54  113.92
113.92  116.58
116.58  118.12
118.12  122.71
122.71  126.71
126.71  128.67
128.67  130.54
130.54  132.79
132.79  134.21
134.21  136.58
136.58  139.29
139.29  142.29
142.29  142.92
142.92  144.67
144.67  151.83
151.83  156.92
156.92  160.29
160.29  163.33
163.33  177.62
177.62  184.17
184.17  188.33
188.33  195.04
195.04  198.71
198.71  199.83
199.83  201.38
201.38  203.62
203.62  209.54
209.54  215.25
215.25  218.00
218.00  219.46
