0.00  5.37
5.37  23.67
23.67  26.80
26.80  30.83
30.83  33.47
33.47  37.97
37.97  41.00
41.00  43.80
43.80  47.43
47.43  52.67
52.67  55.10
55.10  59.10
59.10  66.33
66.33  70.30
70.30  73.30
73.30  74.83
74.83  78.53
78.53  81.33
81.33  83.23
83.23  88.50
88.50  90.50
90.50  94.20
94.20  99.00
99.00  100.70
100.70  107.33
107.33  112.87
112.87  115.23
115.23  123.37
123.37  128.83
128.83  131.03
131.03  132.40
132.40  135.30
135.30  136.77
136.77  140.20
140.20  161.57
161.57  173.23
173.23  190.90
