0.00  9.60
9.60  10.90
10.90  12.13
12.13  14.00
14.00  17.63
17.63  26.80
26.80  34.00
34.00  37.20
37.20  39.20
39.20  44.67
44.67  47.47
47.47  68.20
68.20  72.70
72.70  82.67
82.67  86.50
86.50  90.77
90.77  95.50
95.50  100.83
100.83  101.80
101.80  103.37
103.37  104.43
104.43  106.60
106.60  122.33
122.33  125.93
125.93  133.63
133.63  135.90
135.90  139.07
139.07  141.33
141.33  144.27
144.27  148.63
148.63  150.47
150.47  152.53
152.53  158.07
158.07  160.70
160.70  173.07
173.07  178.57
178.57  180.47
180.47  187.90
187.90  196.00
