0.00  24.97
24.97  38.17
38.17  52.20
52.20  58.37
58.37  64.80
64.80  72.37
72.37  83.00
83.00  85.67
85.67  87.97
87.97  95.20
95.20  97.93
97.93  100.07
100.07  102.77
102.77  122.33
122.33  128.97
128.97  141.83
141.83  149.00
149.00  150.37
150.37  155.87
155.87  173.40
173.40  178.20
178.20  182.03
182.03  186.83
186.83  190.43
190.43  192.50
192.50  194.30
194.30  196.03
196.03  199.40
199.40  202.80
202.80  206.70
206.70  209.00
209.00  211.23
211.23  221.20
221.20  225.13
225.13  227.03
227.03  230.17
230.17  238.13
