0.00  21.21
21.21  27.62
27.62  30.75
30.75  33.71
33.71  37.58
37.58  40.62
40.62  43.79
43.79  49.88
49.88  52.25
52.25  59.21
59.21  63.54
63.54  72.38
72.38  74.21
74.21  81.08
81.08  85.00
85.00  86.54
86.54  88.38
88.38  90.96
90.96  99.50
99.50  101.38
101.38  108.12
108.12  110.00
110.00  114.50
114.50  118.04
118.04  120.25
120.25  122.04
122.04  123.88
123.88  129.21
129.21  134.54
134.54  136.33
136.33  141.58
141.58  143.71
143.71  144.75
144.75  145.96
145.96  150.67
150.67  151.75
151.75  153.54
153.54  158.21
