0.00  0.73
0.73  2.77
2.77  3.43
3.43  4.27
4.27  7.37
7.37  15.97
15.97  18.10
18.10  22.20
22.20  23.87
23.87  29.43
29.43  30.90
30.90  32.13
32.13  39.10
39.10  45.93
45.93  49.80
49.80  54.13
54.13  56.83
56.83  59.13
59.13  61.40
61.40  62.70
62.70  64.03
64.03  66.27
66.27  68.77
68.77  70.60
70.60  77.67
77.67  80.07
80.07  82.40
82.40  85.60
85.60  88.30
88.30  92.00
92.00  93.03
93.03  95.40
95.40  97.70
97.70  98.90
98.90  100.50
100.50  101.63
101.63  102.97
102.97  103.80
103.80  104.37
104.37  105.47
105.47  106.23
106.23  106.83
106.83  108.77
108.77  111.00
111.00  112.57
112.57  114.43
114.43  116.07
116.07  117.93
117.93  120.27
120.27  121.67
121.67  128.87
128.87  130.87
130.87  131.90
131.90  133.60
133.60  134.77
134.77  136.50
136.50  138.33
138.33  141.23
141.23  146.37
146.37  147.27
147.27  148.90
148.90  151.10
151.10  153.13
153.13  154.97
154.97  157.17
157.17  159.17
159.17  161.57
161.57  162.90
162.90  164.23
164.23  170.20
170.20  171.67
171.67  174.27
174.27  176.33
176.33  178.43
178.43  181.90
181.90  187.80
