0.00  1.96
1.96  4.04
4.04  7.50
7.50  9.46
9.46  11.42
11.42  14.54
14.54  25.00
25.00  28.79
28.79  34.17
34.17  46.00
46.00  61.08
61.08  64.62
64.62  72.79
72.79  77.71
77.71  80.00
80.00  82.71
82.71  85.17
85.17  88.96
88.96  91.29
91.29  92.96
92.96  96.17
96.17  97.46
97.46  101.50
101.50  103.83
103.83  107.83
107.83  109.92
109.92  112.54
112.54  135.83
135.83  146.04
146.04  151.58
151.58  154.46
154.46  157.42
157.42  161.04
161.04  171.33
171.33  173.75
173.75  178.38
178.38  179.67
179.67  181.29
181.29  188.83
188.83  190.67
190.67  192.08
192.08  193.38
193.38  196.79
196.79  201.38
201.38  203.50
203.50  206.12
206.12  210.79
210.79  213.38
213.38  216.00
216.00  217.71
217.71  222.42
222.42  224.04
