0.00  2.21
2.21  9.50
9.50  12.75
12.75  14.71
14.71  17.08
17.08  23.79
23.79  26.08
26.08  27.75
27.75  30.29
30.29  31.71
31.71  33.54
33.54  35.96
35.96  36.79
36.79  37.79
37.79  38.67
38.67  41.17
41.17  42.17
42.17  44.92
44.92  46.29
46.29  51.38
51.38  54.38
54.38  55.67
55.67  56.42
56.42  58.25
58.25  60.21
60.21  61.79
61.79  64.04
64.04  65.62
65.62  66.29
66.29  67.25
67.25  69.12
69.12  70.46
70.46  71.67
71.67  73.29
73.29  76.92
76.92  77.67
77.67  78.75
78.75  79.92
79.92  80.71
80.71  83.00
83.00  84.33
84.33  85.25
85.25  86.42
86.42  87.29
87.29  89.75
89.75  90.92
90.92  91.62
91.62  93.08
93.08  94.79
94.79  96.75
96.75  98.17
98.17  100.33
100.33  101.79
101.79  103.29
103.29  106.12
106.12  107.79
107.79  109.00
109.00  115.42
115.42  118.54
118.54  134.58
134.58  135.54
135.54  136.92
136.92  139.00
139.00  140.50
140.50  141.79
141.79  147.92
147.92  150.71
150.71  159.08
159.08  161.38
161.38  164.04
164.04  166.33
166.33  167.08
167.08  168.25
168.25  169.58
169.58  175.92
175.92  177.67
177.67  179.00
179.00  180.04
180.04  180.67
180.67  181.67
181.67  182.46
182.46  184.33
184.33  185.21
185.21  186.04
186.04  187.75
187.75  189.29
189.29  190.75
190.75  192.96
192.96  195.33
195.33  196.54
196.54  197.54
197.54  198.21
198.21  199.88
199.88  201.04
201.04  202.75
202.75  205.38
205.38  207.54
207.54  209.42
209.42  214.00
214.00  215.00
215.00  216.25
216.25  218.38
218.38  221.08
221.08  224.50
224.50  228.96
228.96  233.46
233.46  235.08
235.08  236.21
236.21  237.75
237.75  238.75
238.75  240.12
240.12  241.83
241.83  245.62
245.62  247.25
247.25  248.08
248.08  249.33
249.33  250.00
250.00  250.96
250.96  252.12
252.12  252.83
252.83  253.62
253.62  255.38
255.38  256.54
256.54  257.96
257.96  262.08
262.08  263.62
263.62  266.04
266.04  267.33
267.33  270.75
270.75  282.88
282.88  285.04
285.04  306.83
306.83  316.08
