0.00  2.92
2.92  4.38
4.38  6.33
6.33  17.21
17.21  20.71
20.71  26.92
26.92  34.00
34.00  42.50
42.50  51.33
51.33  57.58
57.58  64.58
64.58  81.33
81.33  85.04
85.04  88.17
88.17  90.92
90.92  95.62
95.62  99.83
99.83  104.00
104.00  108.17
108.17  111.04
111.04  114.17
114.17  118.71
118.71  121.04
121.04  122.96
122.96  129.96
129.96  135.17
135.17  140.79
140.79  144.00
144.00  148.04
148.04  161.00
161.00  165.75
165.75  170.33
170.33  175.33
175.33  189.46
189.46  194.75
194.75  198.00
198.00  205.96
205.96  207.96
207.96  211.25
211.25  218.00
218.00  237.04
