0.00  6.05
6.05  15.97
15.97  22.31
22.31  24.61
24.61  30.91
30.91  34.58
34.58  40.50
40.50  49.84
49.84  60.56
60.56  63.44
63.44  67.82
67.82  70.95
70.95  83.75
83.75  86.09
86.09  94.89
94.89  100.31
100.31  106.44
106.44  109.07
109.07  111.07
111.07  112.65
112.65  117.58
117.58  120.70
120.70  124.42
124.42  127.50
127.50  129.63
129.63  132.97
132.97  138.10
138.10  142.10
142.10  146.44
146.44  150.94
150.94  152.40
152.40  153.65
153.65  156.57
156.57  162.25
162.25  165.50
165.50  166.37
166.37  169.67
169.67  177.84
177.84  184.14
184.14  186.81
186.81  188.10
188.10  199.95
199.95  203.12
203.12  206.62
206.62  209.33
209.33  214.17
214.17  216.05
216.05  218.22
218.22  220.47
220.47  222.56
222.56  224.22
224.22  227.94
227.94  229.31
229.31  233.90
