0.00  1.29
1.29  13.76
13.76  22.52
22.52  25.32
25.32  33.03
33.03  35.95
35.95  38.29
38.29  40.62
40.62  43.00
43.00  49.92
49.92  54.26
54.26  55.39
55.39  57.06
57.06  65.57
65.57  69.11
69.11  75.58
75.58  77.49
77.49  80.96
80.96  85.46
85.46  89.96
89.96  94.76
94.76  99.81
99.81  101.43
101.43  102.77
102.77  108.73
108.73  121.29
121.29  122.71
122.71  124.96
124.96  129.92
129.92  132.88
132.88  134.97
134.97  140.56
140.56  148.57
148.57  150.48
150.48  159.83
159.83  163.16
163.16  165.62
165.62  169.29
169.29  170.42
170.42  171.75
171.75  175.13
175.13  181.35
181.35  183.10
183.10  187.44
187.44  189.36
189.36  190.52
190.52  191.57
191.57  192.44
192.44  194.61
194.61  196.20
196.20  198.78
198.78  201.33
201.33  203.75
203.75  205.91
205.91  207.50
207.50  208.71
208.71  209.71
209.71  210.63
210.63  213.55
213.55  218.30
218.30  222.89
222.89  238.24
