0.00  5.00
5.00  10.93
10.93  14.93
14.93  18.02
18.02  19.94
19.94  21.94
21.94  26.57
26.57  28.90
28.90  30.82
30.82  32.37
32.37  33.32
33.32  35.37
35.37  39.87
39.87  43.50
43.50  44.50
44.50  46.46
46.46  49.30
49.30  50.88
50.88  53.76
53.76  55.35
55.35  57.64
57.64  59.77
59.77  61.94
61.94  63.77
63.77  65.19
65.19  69.15
69.15  71.74
71.74  75.53
75.53  77.49
77.49  80.62
80.62  82.12
82.12  87.59
87.59  89.09
89.09  91.22
91.22  94.09
94.09  95.72
95.72  97.26
97.26  99.22
99.22  101.02
101.02  104.19
104.19  105.86
105.86  108.69
108.69  110.36
110.36  112.82
112.82  113.82
113.82  114.91
114.91  117.33
117.33  119.29
119.29  120.66
120.66  121.50
121.50  123.92
123.92  127.46
127.46  128.63
128.63  133.47
133.47  139.64
