0.00  6.34
6.34  12.39
12.39  16.35
16.35  18.64
18.64  20.65
20.65  31.20
31.20  34.20
34.20  40.17
40.17  43.71
43.71  46.80
46.80  50.05
50.05  55.47
55.47  69.28
69.28  74.74
74.74  86.67
86.67  89.80
89.80  93.93
93.93  99.43
99.43  100.68
100.68  102.56
102.56  103.77
103.77  105.94
105.94  107.48
107.48  110.61
110.61  113.45
113.45  114.78
114.78  117.87
117.87  120.58
120.58  122.62
122.62  123.71
123.71  124.96
124.96  127.67
127.67  129.21
129.21  131.30
131.30  134.76
134.76  136.64
136.64  138.18
138.18  139.56
139.56  141.02
141.02  142.73
142.73  144.44
144.44  146.23
146.23  147.73
147.73  150.11
150.11  151.73
151.73  153.99
153.99  155.03
155.03  157.24
157.24  161.70
161.70  163.75
163.75  165.04
165.04  167.25
167.25  170.09
170.09  172.67
172.67  173.34
173.34  175.05
175.05  177.89
177.89  181.14
181.14  189.06
189.06  189.94
189.94  193.28
193.28  196.07
196.07  199.49
199.49  202.62
202.62  203.87
203.87  205.20
205.20  207.21
207.21  208.58
208.58  209.79
209.79  212.96
212.96  214.46
214.46  216.34
216.34  224.27
224.27  230.86
230.86  233.69
233.69  234.86
234.86  235.74
235.74  237.49
237.49  240.20
240.20  242.12
242.12  243.28
243.28  244.24
244.24  245.87
245.87  248.16
248.16  250.08
250.08  252.71
252.71  256.84
256.84  257.51
257.51  258.84
258.84  260.47
260.47  262.05
262.05  263.81
263.81  268.14
268.14  269.94
269.94  270.02
