0.00  2.42
2.42  4.17
4.17  4.84
4.84  5.59
5.59  6.30
6.30  7.92
7.92  8.72
8.72  12.80
12.80  14.68
14.68  16.43
16.43  18.23
18.23  20.44
20.44  23.15
23.15  26.11
26.11  28.03
28.03  29.70
29.70  31.11
31.11  34.24
34.24  36.08
36.08  37.91
37.91  40.08
40.08  42.75
42.75  46.17
46.17  48.05
48.05  50.72
50.72  52.84
52.84  54.26
54.26  55.72
55.72  57.18
57.18  60.35
60.35  63.31
63.31  66.69
66.69  68.90
68.90  73.11
73.11  81.83
81.83  90.92
90.92  100.64
100.64  105.98
105.98  107.57
107.57  108.73
108.73  110.19
110.19  112.07
112.07  113.20
113.20  114.82
114.82  116.03
116.03  116.95
116.95  118.58
118.58  121.25
121.25  124.50
124.50  126.46
126.46  127.46
127.46  128.67
128.67  131.01
131.01  137.35
137.35  141.14
141.14  142.68
142.68  144.48
144.48  146.81
146.81  147.52
147.52  148.73
148.73  151.11
151.11  154.61
154.61  155.70
155.70  158.07
158.07  159.87
159.87  161.37
161.37  162.54
162.54  163.33
163.33  164.71
164.71  166.04
166.04  167.13
167.13  169.84
169.84  172.26
172.26  173.76
173.76  176.63
176.63  177.39
177.39  179.01
179.01  179.68
179.68  180.76
180.76  182.60
182.60  183.68
183.68  184.35
184.35  187.44
187.44  188.61
188.61  189.77
189.77  190.94
190.94  196.11
196.11  197.91
197.91  199.78
199.78  203.66
203.66  206.08
206.08  207.67
207.67  209.04
209.04  230.40
230.40  234.44
234.44  235.61
235.61  237.61
237.61  243.03
243.03  244.20
244.20  246.58
246.58  249.67
249.67  251.71
251.71  254.55
254.55  255.17
255.17  256.01
256.01  257.26
257.26  259.93
259.93  260.68
260.68  265.72
265.72  273.98
