0.00  7.17
7.17  11.72
11.72  14.68
14.68  18.14
18.14  19.85
19.85  23.82
23.82  26.36
26.36  28.70
28.70  32.07
32.07  37.33
37.33  45.21
45.21  49.80
49.80  52.55
52.55  54.80
54.80  57.77
57.77  61.73
61.73  65.73
65.73  68.99
68.99  74.70
74.70  76.91
76.91  79.66
79.66  87.59
87.59  88.67
88.67  89.76
89.76  91.01
91.01  95.43
95.43  99.47
99.47  101.64
101.64  104.48
104.48  106.56
106.56  111.44
111.44  112.65
112.65  113.91
113.91  120.66
120.66  123.04
123.04  126.29
126.29  128.55
128.55  133.13
133.13  135.68
135.68  139.43
139.43  142.10
142.10  144.60
144.60  146.02
146.02  148.40
148.40  151.11
151.11  153.24
153.24  154.07
154.07  156.99
156.99  158.37
158.37  159.24
159.24  160.24
160.24  161.49
161.49  163.29
163.29  163.91
163.91  167.04
167.04  168.29
168.29  172.17
172.17  174.51
174.51  176.09
176.09  177.64
177.64  179.64
179.64  180.93
180.93  181.89
181.89  182.52
182.52  183.31
183.31  185.64
185.64  186.85
186.85  190.23
190.23  196.40
196.40  197.11
197.11  198.03
