0.00  1.54
1.54  2.50
2.50  3.84
3.84  5.51
5.51  6.67
6.67  8.76
8.76  9.47
9.47  11.01
11.01  12.47
12.47  14.47
14.47  15.85
15.85  18.44
18.44  19.27
19.27  20.85
20.85  23.36
23.36  26.15
26.15  28.45
28.45  29.11
29.11  31.16
31.16  34.12
34.12  38.20
38.20  42.17
42.17  45.04
45.04  45.84
45.84  47.59
47.59  49.34
49.34  50.43
50.43  51.47
51.47  52.39
52.39  54.10
54.10  60.56
60.56  61.23
61.23  62.73
62.73  64.27
64.27  66.90
66.90  73.62
73.62  75.78
75.78  78.33
78.33  86.25
86.25  88.71
88.71  91.93
91.93  94.93
94.93  98.93
98.93  103.65
103.65  105.44
105.44  107.48
107.48  110.11
110.11  112.74
112.74  113.40
113.40  116.95
116.95  118.45
118.45  120.41
120.41  122.12
122.12  122.87
122.87  123.96
123.96  124.71
124.71  126.25
126.25  127.25
127.25  130.46
130.46  136.26
136.26  138.85
138.85  149.90
149.90  153.44
153.44  154.61
154.61  156.16
156.16  156.87
156.87  158.62
158.62  161.95
161.95  164.00
164.00  172.26
172.26  175.68
175.68  177.34
177.34  178.43
178.43  179.72
179.72  180.60
180.60  182.85
182.85  184.43
184.43  187.94
187.94  189.61
189.61  192.90
192.90  196.32
196.32  201.41
201.41  210.21
210.21  215.97
215.97  218.01
218.01  220.93
220.93  222.64
222.64  224.81
224.81  227.02
227.02  228.60
228.60  232.07
