0.00  10.18
10.18  26.78
26.78  33.28
33.28  39.87
39.87  41.88
41.88  47.96
47.96  55.14
55.14  63.86
63.86  72.07
72.07  73.11
73.11  74.03
74.03  76.03
76.03  77.33
77.33  79.29
79.29  80.66
80.66  83.54
83.54  84.33
84.33  85.04
85.04  85.71
85.71  87.00
87.00  91.30
91.30  93.09
93.09  94.43
94.43  96.60
96.60  100.81
100.81  108.82
108.82  109.48
109.48  111.40
111.40  113.49
113.49  115.82
115.82  117.12
117.12  120.45
120.45  122.29
122.29  124.67
124.67  127.50
127.50  133.68
133.68  137.89
137.89  141.10
141.10  145.40
145.40  147.27
147.27  150.28
150.28  159.49
159.49  162.33
162.33  170.50
170.50  173.46
173.46  176.34
176.34  180.60
180.60  183.27
183.27  184.10
184.10  185.56
185.56  186.85
186.85  188.69
188.69  192.86
192.86  195.19
195.19  199.20
199.20  201.49
201.49  205.16
205.16  207.17
207.17  211.13
211.13  218.22
