0.00  4.17
4.17  6.17
6.17  7.63
7.63  11.59
11.59  13.89
13.89  23.19
23.19  25.40
25.40  26.86
26.86  28.45
28.45  33.03
33.03  35.33
35.33  38.83
38.83  41.21
41.21  44.92
44.92  48.88
48.88  50.30
50.30  53.09
53.09  54.55
54.55  55.26
55.26  58.22
58.22  60.14
60.14  61.31
61.31  63.65
63.65  64.86
64.86  67.03
67.03  67.98
67.98  69.11
69.11  69.82
69.82  79.91
79.91  84.08
84.08  87.80
87.80  89.63
89.63  93.89
93.89  95.05
95.05  96.10
96.10  98.47
98.47  100.81
100.81  103.14
103.14  108.07
108.07  109.61
109.61  110.86
110.86  111.57
111.57  113.61
113.61  115.28
115.28  117.49
117.49  125.67
125.67  130.09
130.09  138.47
138.47  152.78
152.78  153.53
153.53  162.12
