0.00  2.21
2.21  4.09
4.09  4.80
4.80  7.51
7.51  9.01
9.01  11.05
11.05  12.01
12.01  13.35
13.35  14.22
14.22  16.43
16.43  17.23
17.23  20.31
20.31  22.11
22.11  24.32
24.32  26.44
26.44  27.40
27.40  29.99
29.99  31.41
31.41  33.32
33.32  34.45
34.45  35.54
35.54  36.24
36.24  37.66
37.66  38.41
38.41  40.54
40.54  41.92
41.92  45.50
45.50  47.67
47.67  50.97
50.97  51.84
51.84  57.47
57.47  58.43
58.43  59.98
59.98  61.06
61.06  62.23
62.23  63.94
63.94  65.02
65.02  66.61
66.61  67.86
67.86  70.15
70.15  73.32
73.32  76.70
76.70  81.54
81.54  84.67
84.67  86.13
86.13  87.09
87.09  88.96
88.96  90.67
90.67  92.63
92.63  94.22
94.22  97.39
97.39  99.93
99.93  102.27
102.27  107.57
107.57  114.03
114.03  115.82
115.82  117.45
117.45  121.20
121.20  122.54
122.54  123.54
123.54  126.84
126.84  127.50
127.50  128.92
128.92  131.46
131.46  140.93
140.93  143.69
143.69  150.07
150.07  161.54
161.54  165.58
165.58  172.05
172.05  178.39
178.39  184.43
184.43  196.86
196.86  206.00
206.00  210.59
210.59  213.59
213.59  221.39
221.39  225.22
225.22  229.90
229.90  231.86
231.86  236.07
236.07  237.57
237.57  240.57
240.57  248.00
248.00  251.29
251.29  261.59
261.59  265.47
