0.00  1.33
1.33  2.00
2.00  4.17
4.17  5.30
5.30  6.34
6.34  8.09
8.09  10.64
10.64  14.06
14.06  15.81
15.81  23.82
23.82  25.15
25.15  29.70
29.70  32.07
32.07  33.12
33.12  34.16
34.16  36.41
36.41  39.75
39.75  41.92
41.92  43.42
43.42  45.42
45.42  47.42
47.42  49.55
49.55  50.88
50.88  52.59
52.59  54.39
54.39  55.81
55.81  57.31
57.31  58.93
58.93  60.44
60.44  62.02
62.02  63.35
63.35  64.81
64.81  65.82
65.82  67.69
67.69  68.65
68.65  74.45
74.45  78.79
78.79  81.29
81.29  83.50
83.50  85.25
85.25  87.46
87.46  90.30
90.30  92.72
92.72  96.14
96.14  102.52
102.52  107.82
107.82  110.44
110.44  112.65
112.65  114.24
114.24  117.08
117.08  119.54
119.54  124.25
124.25  128.92
128.92  131.05
131.05  135.01
135.01  140.22
140.22  142.93
142.93  148.65
148.65  150.48
150.48  152.32
152.32  155.61
155.61  159.99
159.99  163.08
163.08  164.96
164.96  167.08
167.08  171.42
171.42  176.01
176.01  182.52
182.52  188.10
188.10  196.86
196.86  202.70
202.70  227.10
227.10  228.02
228.02  229.56
229.56  242.41
