0.00  18.82
18.82  19.35
19.35  32.03
32.03  36.84
36.84  37.37
37.37  38.07
38.07  39.07
39.07  49.55
49.55  52.45
52.45  55.79
55.79  60.76
60.76  61.76
61.76  62.80
62.80  63.36
63.36  73.77
73.77  77.84
77.84  79.35
79.35  80.55
80.55  82.88
82.88  85.22
85.22  87.85
87.85  91.56
91.56  92.66
92.66  95.40
95.40  100.47
100.47  104.47
104.47  105.84
105.84  109.18
109.18  110.11
110.11  111.71
111.71  114.78
114.78  118.32
118.32  119.25
119.25  120.45
120.45  121.49
121.49  122.56
122.56  126.23
126.23  126.73
126.73  128.60
128.60  130.46
130.46  132.83
132.83  135.30
135.30  136.90
136.90  139.24
139.24  141.47
141.47  145.28
145.28  146.68
146.68  148.08
148.08  149.92
149.92  150.68
150.68  153.15
153.15  155.76
155.76  159.03
159.03  159.93
159.93  161.96
161.96  162.63
162.63  164.63
164.63  165.97
165.97  167.47
167.47  168.54
