0.00  1.80
1.80  2.34
2.34  3.60
3.60  4.24
4.24  4.84
4.84  5.91
5.91  9.78
9.78  12.21
12.21  12.91
12.91  13.98
13.98  14.98
14.98  16.78
16.78  17.62
17.62  19.29
19.29  21.09
21.09  23.09
23.09  24.49
24.49  26.96
26.96  28.13
28.13  30.23
30.23  31.06
31.06  32.10
32.10  32.63
32.63  33.17
33.17  36.40
36.40  37.37
37.37  38.54
38.54  39.54
39.54  43.44
43.44  45.61
45.61  46.71
46.71  48.28
48.28  49.55
49.55  50.78
50.78  52.29
52.29  53.39
53.39  54.09
54.09  55.79
55.79  56.32
56.32  57.59
57.59  59.13
59.13  61.33
61.33  62.76
62.76  64.16
64.16  65.10
65.10  66.27
66.27  68.17
68.17  68.84
68.84  70.30
70.30  71.30
71.30  73.04
73.04  74.04
74.04  75.28
75.28  76.64
76.64  78.08
78.08  79.78
79.78  80.88
80.88  82.45
82.45  83.62
83.62  85.25
85.25  86.89
86.89  88.69
88.69  89.92
89.92  91.76
91.76  92.59
92.59  93.56
93.56  95.03
95.03  96.56
96.56  97.86
97.86  101.07
101.07  101.73
101.73  103.04
103.04  104.57
104.57  105.97
105.97  107.54
107.54  109.78
109.78  111.21
111.21  114.25
114.25  116.52
116.52  117.65
117.65  118.65
118.65  120.99
120.99  123.36
123.36  125.43
125.43  127.03
127.03  128.36
128.36  130.33
130.33  131.83
131.83  132.57
132.57  134.07
134.07  136.34
136.34  138.74
138.74  142.51
142.51  143.48
143.48  145.85
145.85  146.98
146.98  149.22
149.22  150.48
150.48  151.12
151.12  153.42
153.42  154.12
154.12  156.66
156.66  158.39
158.39  160.93
160.93  163.93
163.93  166.23
166.23  167.67
167.67  168.40
168.40  171.30
171.30  172.94
172.94  175.31
175.31  177.28
177.28  177.81
177.81  178.41
178.41  180.18
180.18  181.51
181.51  182.05
