0.00  6.11
6.11  7.11
7.11  15.55
15.55  16.85
16.85  19.59
19.59  23.96
23.96  27.33
27.33  29.20
29.20  30.56
30.56  31.83
31.83  32.57
32.57  33.23
33.23  34.13
34.13  34.80
34.80  35.47
35.47  40.31
40.31  42.71
42.71  46.08
46.08  47.81
47.81  49.58
49.58  52.72
52.72  55.62
55.62  57.29
57.29  60.33
60.33  62.70
62.70  64.63
64.63  67.33
67.33  70.44
70.44  72.74
72.74  79.08
79.08  83.72
83.72  85.15
85.15  89.49
89.49  92.19
92.19  94.86
94.86  99.03
99.03  100.67
100.67  101.53
101.53  102.47
102.47  106.41
106.41  108.54
108.54  109.88
109.88  111.91
111.91  113.01
113.01  116.32
116.32  118.59
118.59  121.15
121.15  122.72
122.72  123.79
123.79  124.79
124.79  125.83
125.83  127.46
127.46  129.43
129.43  130.56
130.56  131.80
131.80  135.64
135.64  137.67
137.67  140.01
140.01  140.84
140.84  141.71
141.71  143.21
143.21  145.04
145.04  147.98
147.98  148.85
148.85  152.09
152.09  154.15
154.15  156.09
156.09  158.63
158.63  163.73
163.73  164.90
164.90  166.73
166.73  167.37
167.37  168.57
168.57  169.60
169.60  175.18
175.18  182.18
182.18  186.35
