0.00  5.71
5.71  8.41
8.41  11.91
11.91  20.92
20.92  24.76
24.76  28.03
28.03  32.20
32.20  35.20
35.20  38.77
38.77  43.68
43.68  44.34
44.34  46.18
46.18  47.01
47.01  47.61
47.61  51.02
51.02  54.09
54.09  57.36
57.36  60.93
60.93  62.93
62.93  63.66
63.66  64.36
64.36  66.20
66.20  67.07
67.07  68.47
68.47  68.97
68.97  70.64
70.64  71.24
71.24  72.17
72.17  72.84
72.84  73.84
73.84  75.28
75.28  76.44
76.44  77.04
77.04  79.21
79.21  80.95
80.95  82.02
82.02  82.85
82.85  84.82
84.82  86.62
86.62  87.75
87.75  90.32
90.32  92.59
92.59  93.66
93.66  96.16
96.16  97.26
97.26  98.43
98.43  99.40
99.40  101.03
101.03  101.84
101.84  104.40
104.40  107.14
107.14  118.05
118.05  119.35
119.35  120.55
120.55  121.49
121.49  122.29
122.29  126.79
126.79  128.93
128.93  130.10
130.10  130.90
130.90  133.03
133.03  133.77
133.77  135.03
135.03  135.54
135.54  136.40
136.40  137.64
137.64  139.21
139.21  141.54
141.54  143.61
143.61  145.01
145.01  146.71
146.71  149.32
149.32  154.25
154.25  157.02
157.02  158.22
158.22  160.46
160.46  162.06
162.06  166.57
166.57  170.17
170.17  173.17
173.17  177.24
177.24  179.75
179.75  182.72
182.72  187.92
187.92  191.09
191.09  194.93
194.93  197.63
197.63  201.33
201.33  206.67
206.67  208.71
208.71  212.05
212.05  214.51
214.51  216.18
216.18  225.12
