0.00  3.63
3.63  6.37
6.37  9.23
9.23  11.87
11.87  13.53
13.53  14.30
14.30  15.33
15.33  16.00
16.00  18.73
18.73  21.27
21.27  22.90
22.90  24.97
24.97  26.47
26.47  28.33
28.33  29.00
29.00  29.50
29.50  31.77
31.77  32.93
32.93  34.53
34.53  36.30
36.30  39.57
39.57  41.67
41.67  42.67
42.67  43.67
43.67  44.20
44.20  47.47
47.47  49.70
49.70  52.03
52.03  54.03
54.03  55.90
55.90  59.67
59.67  63.00
63.00  64.53
64.53  66.53
66.53  68.13
68.13  69.60
69.60  72.13
72.13  74.63
74.63  77.47
