0.00  1.63
1.63  3.60
3.60  12.31
12.31  16.82
16.82  19.19
19.19  25.36
25.36  29.33
29.33  34.97
34.97  37.40
37.40  39.61
39.61  43.94
43.94  46.18
46.18  49.08
49.08  50.42
50.42  52.62
52.62  54.49
54.49  58.73
58.73  61.36
61.36  66.70
66.70  71.34
71.34  74.24
74.24  75.54
75.54  76.94
76.94  83.72
83.72  85.02
85.02  87.49
87.49  90.36
90.36  90.99
90.99  92.16
92.16  93.49
93.49  94.99
94.99  95.50
95.50  96.30
96.30  97.50
97.50  98.47
98.47  100.30
100.30  102.40
102.40  104.17
104.17  106.44
106.44  108.34
108.34  110.24
110.24  111.98
111.98  115.62
115.62  119.95
119.95  121.12
121.12  122.02
122.02  123.62
123.62  124.16
124.16  128.03
128.03  129.50
129.50  131.83
131.83  132.50
132.50  133.37
133.37  135.87
135.87  137.10
137.10  137.67
137.67  139.34
139.34  142.98
142.98  144.44
144.44  145.18
145.18  146.58
146.58  147.25
147.25  149.58
149.58  150.95
150.95  153.89
153.89  156.09
156.09  156.62
156.62  157.52
157.52  159.26
159.26  160.86
160.86  161.76
161.76  162.40
162.40  165.80
165.80  167.27
167.27  168.70
168.70  170.44
170.44  172.67
172.67  175.58
175.58  178.04
178.04  180.41
180.41  182.58
182.58  184.92
184.92  186.32
186.32  187.32
187.32  189.19
189.19  191.19
191.19  193.23
193.23  198.23
198.23  199.87
199.87  202.77
202.77  205.37
205.37  207.84
207.84  209.74
209.74  211.04
211.04  217.85
217.85  219.12
219.12  224.59
