0.00  6.17
6.17  8.81
8.81  13.15
13.15  18.45
18.45  21.65
21.65  24.86
24.86  26.46
26.46  29.53
29.53  32.87
32.87  38.64
38.64  41.54
41.54  53.75
53.75  60.56
60.56  66.13
66.13  68.37
68.37  73.41
73.41  85.82
85.82  88.86
88.86  93.16
93.16  96.26
96.26  101.17
101.17  103.74
103.74  110.21
110.21  117.35
117.35  119.55
119.55  120.72
120.72  125.89
125.89  144.31
144.31  161.59
161.59  177.01
177.01  184.25
184.25  188.22
188.22  192.56
192.56  197.63
197.63  215.65
215.65  218.25
218.25  226.33
