0.00  7.07
7.07  29.30
29.30  33.13
33.13  37.60
37.60  39.81
39.81  42.91
42.91  46.08
46.08  57.06
57.06  63.53
63.53  70.40
70.40  78.98
78.98  92.13
92.13  97.03
97.03  101.67
101.67  103.34
103.34  108.51
108.51  110.64
110.64  112.35
112.35  115.32
115.32  117.35
117.35  119.09
119.09  121.32
121.32  123.96
123.96  125.96
125.96  129.53
129.53  134.87
134.87  136.57
136.57  140.94
140.94  143.18
143.18  147.65
147.65  150.88
150.88  153.22
153.22  155.49
155.49  158.26
158.26  159.29
159.29  169.37
169.37  171.07
171.07  173.77
173.77  176.21
176.21  185.75
185.75  195.73
195.73  203.14
203.14  215.38
215.38  220.52
220.52  226.99
226.99  237.94
237.94  248.08
248.08  253.05
253.05  255.59
255.59  262.76
262.76  265.00
265.00  268.57
268.57  272.37
272.37  274.47
274.47  277.68
277.68  285.18
285.18  290.12
290.12  303.30
