0.00  16.45
16.45  22.72
22.72  25.33
25.33  25.99
25.99  29.46
29.46  33.33
33.33  36.50
36.50  39.71
39.71  42.54
42.54  47.38
47.38  51.35
51.35  56.52
56.52  59.93
59.93  62.00
62.00  67.07
67.07  71.64
71.64  76.08
76.08  83.95
83.95  88.72
88.72  94.26
94.26  99.87
99.87  104.74
104.74  113.31
113.31  114.98
114.98  116.72
116.72  119.89
119.89  121.02
121.02  123.82
123.82  125.69
125.69  126.29
126.29  130.26
130.26  131.20
131.20  131.76
131.76  133.27
133.27  136.60
136.60  137.97
137.97  150.75
