0.00  6.51
6.51  7.84
7.84  11.34
11.34  15.75
15.75  27.73
27.73  33.03
33.03  35.37
35.37  39.94
39.94  47.08
47.08  49.12
49.12  53.79
53.79  60.66
60.66  64.03
64.03  66.37
66.37  69.50
69.50  74.37
74.37  77.41
77.41  82.32
82.32  87.95
87.95  90.76
90.76  95.16
95.16  98.77
98.77  103.07
103.07  104.94
104.94  109.11
109.11  111.74
111.74  116.88
116.88  120.55
120.55  122.46
122.46  146.81
146.81  148.92
148.92  151.35
151.35  156.69
156.69  162.46
162.46  164.50
164.50  170.84
170.84  171.94
171.94  175.31
175.31  177.74
177.74  182.82
182.82  186.39
186.39  191.06
191.06  193.76
193.76  195.80
195.80  199.40
199.40  204.14
204.14  207.94
207.94  213.11
213.11  213.95
213.95  215.42
215.42  217.68
217.68  219.55
219.55  222.06
222.06  224.96
224.96  227.56
227.56  231.03
231.03  232.27
232.27  233.90
233.90  235.50
235.50  236.34
236.34  236.87
236.87  238.27
238.27  239.37
239.37  244.24
244.24  245.51
245.51  246.78
246.78  251.35
