0.00  2.00
2.00  9.68
9.68  16.55
16.55  17.25
17.25  18.72
18.72  20.12
20.12  24.76
24.76  29.16
29.16  29.76
29.76  30.83
30.83  33.00
33.00  36.67
36.67  40.41
40.41  41.11
41.11  42.54
42.54  43.14
43.14  44.14
44.14  46.98
46.98  47.55
47.55  51.05
51.05  51.68
51.68  53.09
53.09  54.05
54.05  55.86
55.86  64.70
64.70  65.60
65.60  66.87
66.87  68.23
68.23  69.27
69.27  70.60
70.60  71.87
71.87  72.87
72.87  75.24
75.24  77.51
77.51  78.41
78.41  82.48
82.48  87.52
87.52  89.29
89.29  90.59
90.59  92.69
92.69  93.99
93.99  102.60
102.60  104.70
104.70  105.94
105.94  106.94
106.94  107.67
107.67  108.91
108.91  109.51
109.51  110.68
110.68  112.18
112.18  117.22
117.22  118.72
118.72  119.35
119.35  120.32
120.32  125.06
125.06  126.23
126.23  127.83
127.83  129.06
129.06  130.60
130.60  132.13
132.13  133.60
133.60  135.00
135.00  138.37
138.37  140.27
140.27  143.48
143.48  148.98
148.98  150.82
150.82  152.42
152.42  153.92
153.92  156.69
156.69  158.26
158.26  159.06
159.06  169.47
169.47  172.97
172.97  180.71
180.71  186.65
186.65  188.86
188.86  191.76
191.76  194.29
194.29  202.67
202.67  208.81
208.81  214.81
214.81  219.35
219.35  231.53
