0.00  9.34
9.34  11.75
11.75  23.42
23.42  27.36
27.36  31.10
31.10  34.80
34.80  40.07
40.07  43.48
43.48  50.45
50.45  52.45
52.45  56.19
56.19  64.03
64.03  68.70
68.70  72.11
72.11  81.92
81.92  83.68
83.68  87.59
87.59  90.29
90.29  113.35
113.35  116.48
116.48  122.66
122.66  133.07
133.07  135.87
135.87  138.10
138.10  139.01
139.01  140.91
140.91  142.74
142.74  146.25
146.25  146.78
146.78  148.45
148.45  152.62
152.62  154.19
154.19  154.75
154.75  157.72
157.72  159.79
159.79  162.30
162.30  163.83
163.83  165.53
165.53  167.37
167.37  169.14
169.14  170.54
170.54  171.24
171.24  171.84
171.84  174.27
174.27  177.21
177.21  178.78
178.78  179.81
179.81  181.31
181.31  183.18
183.18  184.18
184.18  185.85
185.85  187.19
187.19  187.72
187.72  188.62
188.62  192.39
192.39  194.36
194.36  196.10
196.10  196.90
196.90  198.67
198.67  200.23
200.23  201.77
201.77  203.24
203.24  203.94
203.94  204.84
204.84  207.07
207.07  208.31
208.31  208.84
208.84  210.04
210.04  213.25
213.25  213.85
213.85  214.68
214.68  215.45
215.45  217.48
217.48  218.38
218.38  220.49
220.49  221.55
221.55  226.89
226.89  230.23
230.23  231.56
231.56  234.10
234.10  235.27
235.27  235.84
235.84  249.88
249.88  255.15
255.15  256.99
256.99  260.99
260.99  269.20
