0.00  4.74
4.74  9.41
9.41  11.85
11.85  17.25
17.25  19.69
19.69  22.79
22.79  26.16
26.16  31.90
31.90  34.63
34.63  36.67
36.67  39.14
39.14  40.61
40.61  43.51
43.51  44.84
44.84  49.82
49.82  51.28
51.28  52.49
52.49  53.45
53.45  54.05
54.05  54.65
54.65  55.36
55.36  56.16
56.16  57.22
57.22  57.82
57.82  58.69
58.69  59.39
59.39  63.50
63.50  65.23
65.23  65.83
65.83  66.80
66.80  67.83
67.83  68.50
68.50  72.54
72.54  73.24
73.24  73.84
73.84  74.67
74.67  75.98
75.98  76.71
76.71  80.65
80.65  82.25
82.25  83.78
83.78  86.79
86.79  90.56
90.56  93.79
93.79  102.80
102.80  104.37
104.37  105.21
105.21  106.47
106.47  107.67
107.67  109.38
109.38  111.18
111.18  111.81
111.81  113.11
113.11  113.71
113.71  116.32
116.32  119.19
119.19  120.92
120.92  122.49
122.49  123.69
123.69  126.13
126.13  126.76
126.76  128.26
128.26  129.46
129.46  130.30
130.30  131.03
131.03  131.63
131.63  132.77
132.77  133.83
133.83  134.80
134.80  138.14
138.14  142.74
142.74  145.91
145.91  147.78
147.78  152.05
