0.00  2.54
2.54  3.60
3.60  9.24
9.24  14.55
14.55  16.58
16.58  18.28
18.28  22.42
22.42  28.50
28.50  30.13
30.13  32.30
32.30  34.40
34.40  35.50
35.50  36.70
36.70  37.87
37.87  39.07
39.07  39.94
39.94  40.64
40.64  42.51
42.51  43.24
43.24  44.94
44.94  45.51
45.51  46.18
46.18  47.85
47.85  49.55
49.55  51.42
51.42  52.65
52.65  54.45
54.45  55.76
55.76  57.02
57.02  60.73
60.73  61.39
61.39  62.96
62.96  64.53
64.53  68.54
68.54  71.37
71.37  79.55
79.55  84.72
84.72  93.06
93.06  100.03
100.03  103.27
103.27  114.01
114.01  120.52
120.52  132.77
132.77  138.04
138.04  140.71
140.71  144.88
144.88  153.42
153.42  159.09
159.09  170.34
170.34  176.41
176.41  185.89
185.89  192.69
192.69  212.88
212.88  214.98
214.98  225.16
225.16  231.86
231.86  238.57
238.57  242.51
242.51  248.98
248.98  252.15
252.15  267.60
