0.00  1.20
1.20  8.31
8.31  19.72
19.72  23.26
23.26  53.05
53.05  61.63
61.63  68.00
68.00  72.71
72.71  80.51
80.51  83.12
83.12  87.49
87.49  97.33
97.33  102.94
102.94  120.02
120.02  128.86
128.86  132.30
132.30  136.60
136.60  140.44
140.44  143.11
143.11  144.51
144.51  145.71
145.71  147.35
147.35  148.92
148.92  151.02
151.02  153.49
153.49  155.05
155.05  156.69
156.69  163.90
163.90  166.77
166.77  167.50
167.50  179.31
179.31  180.75
180.75  183.45
183.45  185.29
185.29  194.13
194.13  199.23
199.23  203.40
203.40  205.61
205.61  210.31
210.31  220.29
220.29  227.43
227.43  229.20
229.20  229.73
229.73  230.86
230.86  232.93
232.93  233.80
233.80  235.00
235.00  235.54
235.54  236.44
236.44  237.57
237.57  239.87
239.87  248.05
248.05  253.65
253.65  254.82
254.82  257.46
257.46  258.36
258.36  263.16
263.16  264.33
264.33  266.17
266.17  278.88
278.88  280.48
280.48  282.15
282.15  283.12
283.12  285.12
