0.00  17.78
17.78  27.63
27.63  33.97
33.97  36.84
36.84  47.35
47.35  52.12
52.12  64.06
64.06  70.50
70.50  73.21
73.21  76.41
76.41  80.01
80.01  86.99
86.99  91.56
91.56  101.67
101.67  105.34
105.34  107.04
107.04  110.01
110.01  113.01
113.01  120.52
120.52  124.69
124.69  129.03
129.03  141.88
141.88  151.42
151.42  172.97
172.97  176.01
176.01  193.19
193.19  197.03
197.03  198.20
198.20  202.44
202.44  205.07
205.07  209.31
209.31  212.31
212.31  213.08
213.08  214.25
214.25  215.82
215.82  216.92
216.92  217.58
217.58  222.96
222.96  226.76
226.76  251.72
