0.00  6.71
6.71  13.41
13.41  17.35
17.35  41.64
41.64  45.21
45.21  48.01
48.01  50.98
50.98  56.06
56.06  60.23
60.23  69.20
69.20  77.81
77.81  80.21
80.21  83.25
83.25  85.05
85.05  88.39
88.39  94.19
94.19  100.73
100.73  103.87
103.87  106.21
106.21  113.05
113.05  121.59
121.59  137.70
137.70  146.78
146.78  150.32
150.32  164.63
164.63  167.73
167.73  170.74
170.74  176.88
176.88  184.78
184.78  195.63
195.63  202.60
202.60  207.07
207.07  213.25
213.25  218.75
218.75  227.39
227.39  232.97
232.97  235.64
235.64  245.95
245.95  248.72
248.72  254.52
254.52  258.12
258.12  261.79
261.79  266.50
266.50  268.97
268.97  272.37
272.37  276.18
276.18  289.89
