0.00  3.30
3.30  10.84
10.84  16.32
16.32  18.99
18.99  25.36
25.36  27.43
27.43  38.27
38.27  45.28
45.28  47.61
47.61  50.75
50.75  53.42
53.42  55.46
55.46  59.93
59.93  65.77
65.77  70.10
70.10  72.34
72.34  75.38
75.38  80.11
80.11  88.25
88.25  93.09
93.09  96.06
96.06  100.13
100.13  105.97
105.97  108.44
108.44  111.28
111.28  113.81
113.81  118.55
118.55  121.79
121.79  124.59
124.59  128.93
128.93  134.90
134.90  137.87
137.87  140.07
140.07  142.01
142.01  149.92
149.92  160.86
160.86  165.93
165.93  168.43
168.43  170.20
170.20  177.71
