0.00  5.51
5.51  8.41
8.41  13.28
13.28  15.52
15.52  17.22
17.22  18.72
18.72  20.29
20.29  21.25
21.25  23.02
23.02  24.96
24.96  27.66
27.66  28.83
28.83  30.86
30.86  31.87
31.87  33.33
33.33  35.00
35.00  37.27
37.27  38.94
38.94  40.91
40.91  41.91
41.91  43.81
43.81  49.28
49.28  53.09
53.09  57.72
57.72  60.99
60.99  67.03
67.03  69.04
69.04  72.27
72.27  79.05
79.05  85.15
85.15  88.92
88.92  90.72
90.72  105.67
105.67  111.31
111.31  120.82
120.82  123.32
123.32  125.69
125.69  126.89
126.89  133.20
133.20  133.87
133.87  134.67
134.67  136.30
136.30  136.87
136.87  137.44
137.44  139.14
139.14  140.11
140.11  140.74
140.74  143.04
143.04  145.71
145.71  151.18
151.18  151.45
