0.00  2.74
2.74  6.87
6.87  11.48
11.48  31.10
31.10  32.13
32.13  38.97
38.97  39.81
39.81  40.47
40.47  44.98
44.98  46.05
46.05  47.08
47.08  48.08
48.08  51.38
51.38  51.95
51.95  52.52
52.52  53.29
53.29  55.12
55.12  55.69
55.69  61.69
61.69  63.06
63.06  64.56
64.56  65.10
65.10  65.93
65.93  66.67
66.67  84.65
84.65  89.19
89.19  96.90
96.90  101.27
101.27  113.21
113.21  114.08
114.08  117.05
117.05  123.76
123.76  131.13
131.13  136.14
136.14  140.97
140.97  143.04
143.04  143.88
143.88  144.64
144.64  145.21
145.21  147.38
147.38  148.38
148.38  150.98
150.98  151.72
151.72  153.42
153.42  154.15
154.15  155.99
155.99  158.29
158.29  159.56
159.56  161.79
161.79  163.13
163.13  164.80
164.80  166.60
