0.00  1.97
1.97  2.64
2.64  3.37
3.37  4.14
4.14  4.94
4.94  6.74
6.74  7.57
7.57  8.71
8.71  9.44
9.44  10.44
10.44  11.18
11.18  12.11
12.11  12.78
12.78  13.45
13.45  14.11
14.11  14.85
14.85  16.05
16.05  32.07
32.07  33.83
33.83  35.84
35.84  37.94
37.94  39.74
39.74  44.71
44.71  45.31
45.31  49.52
49.52  50.05
50.05  50.88
50.88  52.29
52.29  54.49
54.49  55.29
55.29  55.79
55.79  56.99
56.99  59.09
59.09  60.66
60.66  62.00
62.00  63.06
63.06  63.83
63.83  64.80
64.80  66.57
66.57  67.97
67.97  68.74
68.74  72.67
72.67  76.48
76.48  78.21
78.21  79.28
79.28  82.48
82.48  84.78
84.78  86.69
86.69  87.55
87.55  88.62
88.62  90.62
90.62  92.13
92.13  93.63
93.63  95.53
95.53  96.63
96.63  100.93
100.93  105.24
105.24  123.76
123.76  132.63
132.63  145.18
145.18  145.91
145.91  154.09
154.09  156.16
156.16  158.93
158.93  161.19
161.19  163.96
163.96  164.80
164.80  186.42
186.42  189.69
189.69  192.39
192.39  196.76
196.76  197.43
197.43  198.06
198.06  201.70
201.70  207.81
207.81  209.28
209.28  213.45
213.45  214.55
214.55  215.65
215.65  217.15
217.15  218.82
218.82  220.99
220.99  221.99
221.99  223.32
223.32  224.46
224.46  225.49
225.49  226.23
226.23  227.49
227.49  228.36
228.36  229.30
229.30  230.56
230.56  232.87
232.87  235.90
235.90  238.17
238.17  244.58
244.58  247.51
247.51  267.43
