0.00  1.70
1.70  2.60
2.60  4.07
4.07  7.84
7.84  8.98
8.98  10.11
10.11  14.28
14.28  15.25
15.25  18.32
18.32  21.25
21.25  22.32
22.32  23.92
23.92  27.09
27.09  29.10
29.10  30.53
30.53  31.63
31.63  33.53
33.53  35.70
35.70  37.87
37.87  39.31
39.31  42.21
42.21  44.04
44.04  44.94
44.94  49.35
49.35  58.53
58.53  61.23
61.23  62.23
62.23  62.93
62.93  67.73
67.73  73.81
73.81  74.47
74.47  75.04
75.04  77.01
77.01  82.62
82.62  83.82
83.82  85.45
85.45  87.49
87.49  90.12
90.12  92.36
92.36  94.16
94.16  100.30
100.30  101.57
101.57  103.64
103.64  105.71
105.71  106.61
106.61  107.97
107.97  108.98
108.98  109.48
109.48  110.38
110.38  111.14
111.14  111.98
111.98  112.95
112.95  114.11
114.11  116.28
116.28  118.79
118.79  121.39
121.39  124.56
124.56  126.33
126.33  130.30
130.30  132.37
132.37  134.33
134.33  139.51
139.51  141.74
141.74  149.32
149.32  153.05
153.05  154.69
154.69  158.02
158.02  159.06
159.06  164.30
164.30  165.13
165.13  169.17
169.17  171.64
171.64  177.18
177.18  180.18
180.18  183.08
183.08  185.82
185.82  187.49
187.49  188.49
188.49  194.29
194.29  201.94
201.94  204.60
204.60  205.44
205.44  212.55
212.55  213.11
213.11  214.01
214.01  215.22
215.22  216.78
216.78  218.18
218.18  219.25
219.25  220.52
220.52  221.42
221.42  222.62
222.62  224.16
224.16  226.36
226.36  230.56
230.56  232.13
232.13  234.93
234.93  237.40
237.40  238.97
238.97  239.64
239.64  240.37
240.37  240.97
240.97  242.01
242.01  243.31
243.31  245.31
