0.00  2.50
2.50  5.10
5.10  9.93
9.93  13.90
13.90  22.43
22.43  26.23
26.23  29.87
29.87  32.57
32.57  33.90
33.90  38.27
38.27  45.93
45.93  56.07
56.07  57.53
57.53  59.03
59.03  61.13
61.13  64.40
64.40  66.40
66.40  70.70
70.70  73.50
73.50  76.43
76.43  81.57
81.57  84.80
84.80  91.13
91.13  95.83
95.83  102.97
102.97  106.63
106.63  114.67
114.67  129.30
129.30  134.60
134.60  139.10
139.10  148.53
148.53  163.23
163.23  172.43
172.43  189.93
189.93  194.37
194.37  198.60
198.60  201.53
201.53  203.87
203.87  209.57
209.57  227.70
227.70  228.90
