0.00  5.37
5.37  13.75
13.75  16.52
16.52  19.59
19.59  22.36
22.36  24.66
24.66  31.56
31.56  37.97
37.97  47.85
47.85  50.45
50.45  51.02
51.02  65.37
65.37  70.10
70.10  73.37
73.37  79.78
79.78  83.88
83.88  86.05
86.05  89.32
89.32  90.99
90.99  92.99
92.99  95.03
95.03  105.84
105.84  108.98
108.98  117.58
117.58  126.09
126.09  131.06
131.06  132.53
132.53  135.07
135.07  137.94
137.94  144.74
144.74  148.35
148.35  151.82
151.82  155.22
155.22  162.50
162.50  165.67
165.67  168.70
168.70  171.70
171.70  181.45
181.45  184.95
184.95  187.82
187.82  190.62
190.62  207.57
