0.00  47.73
47.73  49.43
49.43  52.70
52.70  54.50
54.50  56.03
56.03  57.23
57.23  61.00
61.00  66.80
66.80  70.03
70.03  72.03
72.03  78.57
78.57  81.57
81.57  88.20
88.20  89.17
89.17  91.83
91.83  93.50
93.50  95.13
95.13  100.10
100.10  100.97
100.97  102.00
102.00  103.17
103.17  103.77
103.77  105.03
105.03  105.77
105.77  106.80
106.80  108.27
108.27  110.50
110.50  111.77
111.77  114.30
114.30  137.37
137.37  139.43
139.43  140.83
140.83  146.50
146.50  149.40
149.40  152.20
152.20  155.57
155.57  160.17
160.17  170.40
170.40  176.27
176.27  192.80
192.80  204.30
204.30  207.13
207.13  210.37
210.37  215.47
215.47  226.93
226.93  241.83
