0.00  4.13
4.13  5.76
5.76  7.13
7.13  9.47
9.47  13.43
13.43  17.89
17.89  21.40
21.40  29.99
29.99  33.12
33.12  42.63
42.63  47.59
47.59  52.51
52.51  55.68
55.68  57.64
57.64  59.52
59.52  71.49
71.49  82.33
82.33  86.13
86.13  88.21
88.21  90.38
90.38  93.26
93.26  97.76
97.76  100.43
100.43  103.73
103.73  105.81
105.81  107.90
107.90  109.86
109.86  113.20
113.20  116.62
116.62  119.74
119.74  122.04
122.04  130.17
130.17  135.59
135.59  151.57
151.57  172.21
172.21  174.17
174.17  198.16
198.16  209.13
209.13  210.54
210.54  213.38
213.38  214.92
214.92  231.94
231.94  236.49
