0.00  0.83
0.83  2.54
2.54  3.33
3.33  3.96
3.96  4.96
4.96  5.62
5.62  7.17
7.17  8.33
8.33  10.79
10.79  11.79
11.79  13.50
13.50  14.42
14.42  16.92
16.92  18.54
18.54  25.04
25.04  26.50
26.50  28.17
28.17  29.75
29.75  31.62
31.62  32.96
32.96  34.17
34.17  36.50
36.50  37.54
37.54  38.67
38.67  39.50
39.50  42.50
42.50  44.12
44.12  45.33
45.33  48.62
48.62  50.04
50.04  52.46
52.46  53.58
53.58  55.83
55.83  56.58
56.58  58.71
58.71  59.79
59.79  61.50
61.50  62.71
62.71  64.67
64.67  66.08
66.08  66.75
66.75  69.58
69.58  70.38
70.38  71.96
71.96  73.00
73.00  73.79
73.79  80.58
