0.00  0.88
0.88  3.04
3.04  3.92
3.92  5.38
5.38  7.80
7.80  9.84
9.84  14.68
14.68  16.43
16.43  18.73
18.73  21.48
21.48  23.27
23.27  24.32
24.32  25.48
25.48  26.53
26.53  28.07
28.07  29.32
29.32  31.74
31.74  33.91
33.91  35.08
35.08  35.91
35.91  36.79
36.79  37.62
37.62  38.50
38.50  39.50
39.50  40.75
40.75  42.08
42.08  43.00
43.00  44.96
44.96  48.17
48.17  52.34
52.34  54.51
54.51  57.10
57.10  58.31
58.31  59.60
59.60  60.56
60.56  61.31
61.31  62.06
62.06  65.02
65.02  74.53
74.53  76.83
76.83  79.75
79.75  86.92
86.92  91.47
91.47  98.85
98.85  105.44
105.44  106.06
106.06  107.69
107.69  109.78
109.78  110.40
110.40  110.65
