0.00  2.34
2.34  20.72
20.72  23.72
23.72  29.83
29.83  41.14
41.14  46.08
46.08  47.98
47.98  52.39
52.39  53.65
53.65  55.62
55.62  57.56
57.56  59.89
59.89  61.03
61.03  62.50
62.50  67.37
67.37  75.94
75.94  87.49
87.49  88.92
88.92  91.09
91.09  93.39
93.39  106.44
106.44  111.61
111.61  113.95
113.95  123.09
123.09  129.96
129.96  138.64
138.64  143.81
143.81  146.81
146.81  150.65
150.65  171.84
171.84  175.58
175.58  179.11
179.11  183.58
183.58  185.92
185.92  187.89
187.89  192.26
192.26  193.86
193.86  194.96
194.96  196.66
196.66  200.13
200.13  207.91
207.91  209.91
209.91  216.05
