0.00  5.27
5.27  13.88
13.88  16.15
16.15  19.69
19.69  22.62
22.62  24.02
24.02  24.82
24.82  26.29
26.29  28.03
28.03  30.26
30.26  31.20
31.20  32.40
32.40  33.80
33.80  48.42
48.42  49.32
49.32  51.82
51.82  59.56
59.56  64.36
64.36  68.77
68.77  72.04
72.04  74.84
74.84  80.98
80.98  103.50
103.50  106.54
106.54  108.91
108.91  111.21
111.21  112.51
112.51  125.36
125.36  143.84
143.84  145.85
145.85  148.62
148.62  150.98
150.98  153.29
153.29  155.09
155.09  157.86
157.86  162.16
162.16  165.40
165.40  166.77
166.77  167.80
167.80  170.07
170.07  171.67
171.67  172.77
172.77  178.55
