0.00  1.96
1.96  3.25
3.25  4.50
4.50  6.05
6.05  8.38
8.38  9.51
9.51  13.51
13.51  16.18
16.18  17.10
17.10  19.31
19.31  25.02
25.02  26.99
26.99  28.99
28.99  31.32
31.32  33.20
33.20  36.33
36.33  45.17
45.17  54.76
54.76  56.10
56.10  62.27
62.27  69.69
69.69  73.53
73.53  75.24
75.24  76.83
76.83  78.16
78.16  80.08
80.08  81.41
81.41  83.96
83.96  88.96
88.96  89.96
89.96  91.38
91.38  92.51
92.51  94.26
94.26  96.26
96.26  97.31
97.31  99.39
99.39  101.73
101.73  107.40
107.40  108.19
108.19  109.48
109.48  111.28
111.28  113.15
113.15  114.99
114.99  116.32
116.32  117.62
117.62  119.12
119.12  120.50
120.50  129.75
129.75  132.42
132.42  136.30
136.30  138.60
138.60  140.64
140.64  142.10
142.10  143.81
