0.00  8.51
8.51  14.01
14.01  19.99
19.99  27.96
27.96  51.62
51.62  71.87
71.87  77.11
77.11  100.57
100.57  102.40
102.40  112.65
112.65  123.19
123.19  125.83
125.83  134.03
134.03  138.24
138.24  144.18
144.18  153.15
153.15  155.72
155.72  157.19
157.19  160.33
160.33  163.70
163.70  164.96
164.96  168.74
168.74  171.44
171.44  176.31
176.31  178.31
178.31  180.75
180.75  182.42
182.42  186.05
186.05  194.43
194.43  202.67
202.67  204.70
204.70  207.31
207.31  211.91
211.91  220.59
220.59  224.32
224.32  228.96
228.96  235.87
235.87  240.01
240.01  246.38
246.38  250.48
250.48  257.49
257.49  260.99
260.99  272.04
