0.00  2.83
2.83  5.00
5.00  6.23
6.23  7.67
7.67  9.07
9.07  11.27
11.27  13.10
13.10  15.00
15.00  16.57
16.57  17.47
17.47  18.73
18.73  21.10
21.10  22.50
22.50  24.30
24.30  25.80
25.80  27.00
27.00  27.80
27.80  28.97
28.97  30.00
30.00  31.00
31.00  32.50
32.50  34.87
34.87  36.30
36.30  37.50
37.50  39.50
39.50  41.97
41.97  43.13
43.13  49.50
49.50  50.93
50.93  52.50
52.50  54.93
54.93  56.60
56.60  58.83
58.83  60.47
60.47  64.20
64.20  69.37
69.37  71.20
71.20  75.83
75.83  78.73
78.73  85.20
85.20  87.27
87.27  91.43
91.43  92.20
92.20  92.83
92.83  93.67
93.67  96.40
96.40  97.93
97.93  100.43
100.43  101.40
101.40  102.53
102.53  105.17
105.17  105.90
105.90  109.67
109.67  114.17
114.17  115.13
115.13  116.13
116.13  117.80
117.80  120.47
120.47  121.43
121.43  122.37
122.37  123.97
123.97  125.37
125.37  126.87
126.87  128.27
128.27  132.50
132.50  136.43
136.43  138.00
138.00  139.50
139.50  141.00
141.00  147.43
147.43  148.90
148.90  150.93
150.93  155.87
155.87  161.10
161.10  162.40
162.40  164.23
164.23  165.20
165.20  166.73
166.73  168.93
168.93  171.20
171.20  173.47
