0.00  6.97
6.97  16.83
16.83  28.07
28.07  33.83
33.83  36.13
36.13  41.63
41.63  43.17
43.17  45.40
45.40  50.63
50.63  52.80
52.80  53.90
53.90  55.87
55.87  57.53
57.53  58.40
58.40  59.43
59.43  61.03
61.03  62.90
62.90  64.40
64.40  65.73
65.73  67.63
67.63  74.27
74.27  75.03
75.03  81.07
81.07  85.50
85.50  92.03
92.03  93.77
93.77  97.93
97.93  102.33
102.33  105.67
105.67  108.63
108.63  111.00
111.00  114.43
114.43  119.97
119.97  122.67
122.67  123.93
123.93  126.37
126.37  129.00
129.00  131.63
131.63  132.97
132.97  136.83
136.83  138.37
138.37  140.00
140.00  141.60
141.60  146.00
146.00  147.53
147.53  149.10
149.10  152.23
152.23  154.60
154.60  158.80
158.80  161.77
161.77  173.23
173.23  174.93
174.93  180.93
180.93  183.57
183.57  185.87
185.87  188.50
188.50  189.57
189.57  190.47
190.47  193.30
193.30  195.13
195.13  197.43
197.43  199.63
199.63  201.63
201.63  205.00
205.00  206.90
206.90  212.83
212.83  219.93
219.93  232.40
232.40  240.10
240.10  245.07
