0.00  4.50
4.50  19.69
19.69  22.69
22.69  24.02
24.02  25.11
25.11  27.32
27.32  30.03
30.03  38.37
38.37  39.50
39.50  44.09
44.09  45.55
45.55  52.97
52.97  56.81
56.81  58.68
58.68  61.31
61.31  62.98
62.98  65.02
65.02  68.11
68.11  72.24
72.24  77.45
77.45  79.54
79.54  81.54
81.54  84.00
84.00  99.72
99.72  102.02
102.02  103.77
103.77  112.45
112.45  114.86
114.86  131.97
131.97  135.51
135.51  137.39
137.39  139.51
139.51  141.68
141.68  142.64
142.64  145.14
145.14  147.65
147.65  149.61
149.61  150.82
