0.00  1.50
1.50  5.17
5.17  7.10
7.10  11.07
11.07  12.67
12.67  16.23
16.23  17.90
17.90  19.47
19.47  31.57
31.57  33.43
33.43  34.33
34.33  35.57
35.57  36.87
36.87  37.90
37.90  40.80
40.80  42.10
42.10  43.03
43.03  44.30
44.30  46.77
46.77  47.37
47.37  49.50
49.50  50.03
50.03  51.63
51.63  52.33
52.33  57.27
57.27  92.00
92.00  94.37
94.37  103.43
103.43  104.63
104.63  105.53
105.53  106.17
106.17  115.10
115.10  121.40
121.40  123.93
123.93  125.37
125.37  128.43
128.43  129.00
129.00  131.27
131.27  131.80
131.80  133.67
133.67  136.10
136.10  137.00
137.00  137.93
137.93  138.83
138.83  139.43
139.43  140.20
140.20  144.27
144.27  148.73
148.73  153.50
153.50  155.67
155.67  156.53
156.53  159.53
159.53  166.03
166.03  170.60
170.60  172.30
172.30  173.00
173.00  173.87
173.87  174.43
174.43  176.50
176.50  177.73
177.73  180.53
180.53  181.40
181.40  186.03
