0.00  25.28
25.28  27.44
27.44  30.74
30.74  35.49
35.49  36.70
36.70  52.34
52.34  74.28
74.28  76.70
76.70  82.75
82.75  85.54
85.54  88.09
88.09  89.30
89.30  90.67
90.67  91.63
91.63  92.84
92.84  94.93
94.93  95.85
95.85  97.43
97.43  98.18
98.18  102.02
102.02  102.81
102.81  104.94
104.94  106.40
106.40  107.15
107.15  108.90
108.90  110.07
110.07  110.78
110.78  114.91
114.91  116.28
116.28  117.41
117.41  121.08
121.08  123.50
123.50  130.34
130.34  132.17
132.17  136.68
136.68  139.06
139.06  148.52
148.52  150.69
150.69  152.11
152.11  154.78
154.78  158.87
158.87  161.41
161.41  164.04
164.04  168.13
168.13  174.51
174.51  178.18
178.18  182.77
182.77  184.31
184.31  186.64
186.64  188.15
188.15  189.56
189.56  194.78
194.78  197.53
197.53  199.07
199.07  205.50
205.50  210.84
210.84  211.75
211.75  213.55
213.55  215.63
