0.00  7.40
7.40  12.47
12.47  14.13
14.13  25.33
25.33  29.03
29.03  29.87
29.87  32.70
32.70  37.40
37.40  43.53
43.53  55.33
55.33  57.23
57.23  59.07
59.07  59.93
59.93  60.70
60.70  61.93
61.93  63.00
63.00  64.80
64.80  67.77
67.77  70.33
70.33  71.57
71.57  74.73
74.73  78.90
78.90  88.73
88.73  90.23
90.23  91.77
91.77  93.97
93.97  97.27
97.27  100.77
100.77  103.23
103.23  110.20
110.20  112.23
112.23  116.53
116.53  117.37
117.37  119.30
119.30  119.90
119.90  122.60
122.60  124.27
124.27  125.93
125.93  128.77
128.77  129.97
129.97  131.63
131.63  132.67
132.67  134.00
134.00  134.70
134.70  135.63
135.63  137.73
137.73  140.30
140.30  141.30
141.30  142.60
142.60  143.50
143.50  145.40
145.40  147.93
147.93  149.23
149.23  151.07
151.07  153.10
153.10  153.80
153.80  154.97
154.97  156.70
156.70  157.80
157.80  158.50
158.50  159.73
159.73  162.73
162.73  165.70
165.70  167.33
167.33  171.17
171.17  171.87
171.87  172.83
172.83  173.83
173.83  175.63
175.63  184.37
184.37  185.70
185.70  188.50
188.50  190.60
190.60  192.03
192.03  194.33
194.33  196.33
196.33  197.83
197.83  199.50
199.50  202.43
202.43  204.33
204.33  205.93
205.93  217.07
217.07  219.00
219.00  221.37
221.37  222.50
222.50  224.70
