0.00  1.73
1.73  7.40
7.40  8.80
8.80  13.20
13.20  14.00
14.00  14.80
14.80  16.03
16.03  20.53
20.53  22.20
22.20  25.90
25.90  26.47
26.47  27.27
27.27  30.57
30.57  31.37
31.37  32.63
32.63  38.77
38.77  39.97
39.97  46.57
46.57  48.70
48.70  49.93
49.93  53.10
53.10  53.87
53.87  55.57
55.57  64.00
64.00  65.20
65.20  66.20
66.20  69.87
69.87  70.70
70.70  71.50
71.50  73.30
73.30  84.73
84.73  88.47
88.47  107.13
107.13  109.00
109.00  114.07
114.07  122.83
122.83  123.87
123.87  125.97
125.97  127.27
127.27  129.37
129.37  130.10
130.10  131.33
131.33  132.20
132.20  133.20
133.20  135.73
135.73  136.60
136.60  137.70
137.70  138.80
138.80  139.63
139.63  142.87
142.87  144.43
144.43  145.67
145.67  150.43
150.43  151.73
151.73  152.93
152.93  153.80
153.80  154.67
154.67  156.87
156.87  160.57
160.57  161.30
161.30  162.20
162.20  162.90
162.90  163.70
163.70  164.50
