0.00  8.03
8.03  15.70
15.70  17.97
17.97  18.87
18.87  21.23
21.23  24.40
24.40  25.00
25.00  27.87
27.87  30.47
30.47  31.97
31.97  32.70
32.70  34.00
34.00  35.10
35.10  38.97
38.97  41.27
41.27  48.53
48.53  53.83
53.83  64.37
64.37  65.80
65.80  67.50
67.50  69.37
69.37  70.60
70.60  77.60
77.60  78.33
78.33  79.60
79.60  96.90
96.90  99.03
99.03  104.90
104.90  106.70
106.70  108.20
108.20  109.07
109.07  110.43
110.43  111.10
111.10  125.23
125.23  128.53
128.53  130.27
130.27  130.80
130.80  132.17
132.17  133.03
133.03  134.73
134.73  135.90
135.90  138.13
138.13  139.83
139.83  142.07
142.07  142.77
142.77  144.00
144.00  144.83
144.83  145.90
145.90  148.73
148.73  152.70
152.70  153.37
153.37  153.87
153.87  155.83
155.83  157.23
157.23  158.23
158.23  167.93
167.93  170.73
170.73  172.37
172.37  173.23
173.23  177.77
177.77  190.83
190.83  191.70
191.70  193.10
193.10  194.13
194.13  208.67
208.67  212.07
212.07  217.40
217.40  222.13
222.13  232.70
232.70  234.93
234.93  238.63
238.63  240.30
