0.00  1.57
1.57  4.13
4.13  5.17
5.17  6.93
6.93  13.07
13.07  14.67
14.67  16.00
16.00  23.27
23.27  26.13
26.13  27.73
27.73  28.53
28.53  30.50
30.50  32.37
32.37  34.37
34.37  36.03
36.03  40.07
40.07  42.93
42.93  45.00
45.00  50.80
50.80  54.37
54.37  55.67
55.67  63.90
63.90  66.10
66.10  70.33
70.33  73.93
73.93  75.40
75.40  76.50
76.50  77.20
77.20  78.47
78.47  79.93
79.93  80.97
80.97  83.27
83.27  84.40
84.40  85.30
85.30  85.83
85.83  88.33
88.33  90.60
90.60  99.67
99.67  102.63
102.63  106.87
106.87  107.73
107.73  109.03
109.03  109.93
109.93  110.57
110.57  111.57
111.57  113.23
113.23  113.83
113.83  114.70
114.70  117.03
117.03  118.00
118.00  118.63
118.63  120.53
120.53  121.43
121.43  122.77
122.77  124.53
124.53  125.53
125.53  126.33
126.33  131.23
131.23  133.77
133.77  135.37
135.37  137.87
137.87  139.03
139.03  148.17
148.17  149.33
149.33  156.97
156.97  158.43
