0.00  1.71
1.71  5.33
5.33  6.50
6.50  7.75
7.75  10.67
10.67  11.62
11.62  12.58
12.58  14.29
14.29  24.58
24.58  27.62
27.62  30.29
30.29  31.12
31.12  33.75
33.75  35.25
35.25  40.17
40.17  41.75
41.75  46.96
46.96  52.58
52.58  54.04
54.04  62.79
62.79  65.75
65.75  80.25
80.25  82.50
82.50  85.83
85.83  90.83
90.83  100.75
100.75  120.50
120.50  129.50
129.50  133.62
133.62  135.88
135.88  139.33
139.33  140.58
140.58  142.67
142.67  143.79
143.79  144.79
144.79  145.50
145.50  146.50
146.50  147.75
147.75  149.42
149.42  154.00
154.00  159.17
159.17  168.29
168.29  177.83
177.83  181.46
181.46  183.92
183.92  185.75
185.75  186.79
186.79  191.58
191.58  200.96
200.96  203.29
203.29  206.58
206.58  209.50
209.50  212.75
212.75  219.58
219.58  232.00
232.00  235.08
235.08  238.79
238.79  247.42
