0.00  18.67
18.67  21.12
21.12  23.58
23.58  25.21
25.21  26.33
26.33  27.54
27.54  28.67
28.67  33.96
33.96  35.62
35.62  52.75
52.75  54.83
54.83  59.71
59.71  60.42
60.42  65.83
65.83  66.71
66.71  67.83
67.83  68.83
68.83  69.54
69.54  70.29
70.29  71.50
71.50  72.29
72.29  73.21
73.21  75.92
75.92  76.75
76.75  79.25
79.25  80.25
80.25  80.96
80.96  82.67
82.67  84.33
84.33  86.46
86.46  87.38
87.38  89.50
89.50  90.50
90.50  94.12
94.12  97.00
97.00  101.21
101.21  112.00
112.00  116.12
116.12  138.46
138.46  141.25
141.25  143.67
143.67  146.33
