0.00  2.34
2.34  4.59
4.59  6.30
6.30  9.84
9.84  12.51
12.51  13.51
13.51  14.26
14.26  15.22
15.22  16.31
16.31  17.85
17.85  21.02
21.02  23.06
23.06  24.23
24.23  25.86
25.86  29.53
29.53  30.91
30.91  32.45
32.45  39.00
39.00  44.71
44.71  51.26
51.26  53.09
53.09  58.10
58.10  60.69
60.69  63.19
63.19  64.81
64.81  66.82
66.82  69.61
69.61  70.78
70.78  71.49
71.49  77.54
77.54  80.25
80.25  81.41
81.41  83.00
83.00  85.04
85.04  85.67
85.67  87.00
87.00  87.80
87.80  89.21
89.21  92.97
92.97  93.89
93.89  95.47
95.47  97.93
97.93  98.56
98.56  102.10
102.10  103.27
103.27  110.49
110.49  124.42
124.42  129.46
